0 -0.7067529998956005 0.00035399999994770805 0.0003529999999478558 0.7074602089259648
0.0008119140000000001 -0.06652955907915213 0.7113113463790935 -0.6957036826765594 0.07489327543535738
0.001107436 -0.6852355250590225 -0.14771430295490928 0.1382672754714628 0.699653472184136
0.001353952 -0.20874107043838794 0.6805299388066886 -0.6669791945156193 0.22010415723062865
0.001538405 -0.641940174101106 -0.2889406989525143 0.2768040897553516 0.6540685898023474
0.001734436 -0.341966874683632 0.6204321742424295 -0.6095163047314204 0.35582725311437174
0.0019133770000000002 -0.5709660449301599 -0.4177052172371408 0.4034217743260396 0.5803199666075631
0.00208733 -0.46046603513129375 0.5336100681410194 -0.5257837528288096 0.4762176279644232
0.0022359890000000003 -0.4753694149257188 -0.5284621282790029 0.512661118767695 0.48159193069354006
0.002377506 -0.559129829126322 0.42380598052782115 -0.4193842932946885 0.5760898734791357
0.0025128050000000003 -0.35926804665913054 -0.6164438256770765 0.5998120662623205 0.3621465128449334
0.002667276 -0.6337028725434732 0.29575201885596636 -0.294899355285237 0.6511422028400444
0.002811769 -0.22766318019476275 -0.6778673866792984 0.6611174648541188 0.22713966232934074
0.002982081 -0.6809672614324155 0.15496652497135446 -0.15769152636487288 0.6981423520878012
0.0031317750000000003 -0.08622256564558639 -0.7101057381452809 0.6939426809585383 0.08239822328139768
0.003291618 -0.6988818046546507 0.007516359616415365 -0.013673246171994004 0.7150672735370357
0.0034424480000000003 -0.05910261092742463 0.712087500259313 -0.6963913170788328 0.06730140939038323
0.0035821100000000003 -0.6866703802773946 -0.14024465679459344 0.13094826334321438 0.7011906239824122
0.0037184590000000003 -0.20161343251947939 0.6828409156564793 -0.669169582398738 0.21283389833045396
0.003879477 -0.6448556356978187 -0.28194981356854204 0.2699388104020318 0.6571143006290349
0.004030257000000001 -0.3354444621780188 0.6241931144380461 -0.6131298784096829 0.3491907140625545
0.004189202 -0.5752365898602727 -0.4114942579233343 0.39730624208372384 0.5847426815211473
0.004343889 -0.45482983446388736 0.5386596616000398 -0.5306659434597806 0.47050050213615074
0.004484364 -0.4808110880272017 -0.52329859518312 0.5075590711305245 0.48720068327598043
0.0046304530000000005 -0.5546228263383086 0.4299267846741383 -0.4253251331353572 0.571538364917801
0.0047888720000000004 -0.36564639447475455 -0.6125500519135434 0.5959436371128998 0.3686991428119883
0.00497091 -0.630519470187164 0.3026803251724297 -0.3016430404750185 0.6479523242612503
0.005137509 -0.23470335064104672 -0.6754112512120691 0.6586500079866549 0.2343532169889379
0.005274089 -0.6792448519272845 0.1624037957367876 -0.16494753113128457 0.6964514397173291
0.005422473000000001 -0.0936208972792806 -0.7091982478781893 0.6929883750920126 0.08996083185439872
0.005572906000000001 -0.6986948198094055 0.015142115809138155 -0.021128876757340414 0.7149480454721927
0.0057091730000000005 -0.05166837860629323 0.7127922156937342 -0.6970089222664093 0.05970143853402516
0.0058913820000000006 -0.6880270645432864 -0.13275900866618764 0.12361437178579694 0.702648030100568
0.006052653000000001 -0.1944628321242473 0.6850744720726664 -0.6712840836964115 0.2055393687197058
0.006193141 -0.647697679116414 -0.2749268043105383 0.26304282733352213 0.6600852967898138
0.006345535 -0.32888388578087263 0.6278831120242152 -0.6166737258812183 0.34251442301036755
0.006501304 -0.5794416354410793 -0.40523643875916965 0.3911455023441438 0.5890989361624401
0.006642671 -0.4491418862304204 0.5436480158345905 -0.5354877454756165 0.46472983408649743
0.006791040000000001 -0.48619800552282855 -0.5180754858920231 0.5023992558950559 0.49275409848024015
0.006950607 -0.5500527141360255 0.43599871479874475 -0.43121755313190596 0.5669218255498022
0.0071113850000000004 -0.3719830929458261 -0.6085865430599945 0.5920073543326091 0.3752099493034286
0.007252740000000001 -0.6272643129012702 0.3095742347195636 -0.30835237221205253 0.6446887271025966
0.007396482 -0.24171678174772476 -0.6728781366724241 0.6561074395121914 0.24154027904499664
0.007538896000000001 -0.6774451332267151 0.1698226313734094 -0.17218473579103172 0.6946812980927857
0.007670357000000001 -0.10100866508948372 -0.7082076523604708 0.6919527313034121 0.09751354995948903
0.007837687000000001 -0.6984283035139773 0.022766193573842772 -0.0285820753896337 0.7147474932205748
0.008014323 -0.04422739374485879 0.7134321633642432 -0.6975628142577616 0.052094046150476706
0.008162945000000001 -0.6893054237737576 -0.12525821029499742 0.11626643572628377 0.7040255239528234
0.00831027 -0.187290077838047 0.6872303980414637 -0.6733225023257875 0.19822139345387987
0.008474474000000001 -0.6504659811367102 -0.2678724701918695 0.2561169257867683 0.6629812392868858
0.008634332 -0.3222858912300084 0.6315017520503755 -0.6201474497985664 0.33579913833081854
0.008770539 -0.5835807032256578 -0.3989324716542313 0.3849402568759458 0.5933882336847917
0.00893477 -0.4434028377158347 0.5485745643766328 -0.5402486120418053 0.4589062798078716
0.00910297 -0.49152955432483125 -0.5127933948363018 0.49718226145369715 0.4982515429406141
0.009277073 -0.5454200129037987 0.44202108034326115 -0.43706088355079614 0.562240780231288
0.00944785 -0.3782774206029588 -0.6045537521946158 0.5880036693539319 0.38167818948054033
0.009610214 -0.623937771543774 0.31643296316015046 -0.3150265873173459 0.6413517822971813
0.009769603 -0.2487026734994841 -0.6702683511377238 0.6534900702528269 0.2487000267322059
0.009921175 -0.6755683105755524 0.17722218772731765 -0.17940231679773155 0.6928321281520402
0.01009428 -0.10838499422572431 -0.7071348508962977 0.6908366588358644 0.10505547940152668
0.010248041000000001 -0.6980822864910771 0.030387725392040904 -0.03603199373341154 0.7144656390093307
0.010411100000000001 -0.03677989824994179 0.7140206883590073 -0.6980654884300241 0.04447979581737283
0.010554597 -0.6905053128042865 -0.11774311513194598 0.10890529168124655 0.7053229480552027
0.010711724 -0.18009597994764645 0.6893085019508601 -0.6752846601749847 0.19088079956213147
0.010874328 -0.6531602269365206 -0.26078761379148235 0.24916189439324715 0.6658017976735083
0.01104269 -0.3156512284210447 0.6350486283018568 -0.6235506614167007 0.32904562274831617
0.011215826 -0.5876533222830389 -0.3925830737619941 0.37869121249252236 0.5976100848745554
0.011369738 -0.43761334199015745 0.5534387478960718 -0.5449480033776488 0.45303050128790634
0.011517237000000001 -0.4968051276587248 -0.5074529231082023 0.4919086826415352 0.5036923896821479
0.011661505 -0.540725250136849 0.4479931964182692 -0.4428544602867027 0.5574957611519819
0.011833910000000001 -0.38452866083582893 -0.6004521399733429 0.5839330409591692 0.38810312540140907
0.0120081 -0.6205402250923593 0.3232557301707072 -0.3216649266299114 0.6379418691245275
0.012167805 -0.2556602292694141 -0.6675822081203331 0.6507982162571431 0.25583164168805433
0.012318448000000001 -0.6736145979936369 0.18460162284217363 -0.1865994528523071 0.6909041398295395
0.012488810000000001 -0.11574902074420285 -0.7059804776408001 0.6896407992084778 0.11258573322973016
0.012638566 -0.6976568085138307 0.038005844035260375 -0.043477783836921774 0.7141025143234172
0.012787986000000001 -0.029325384615024555 0.7145872366004856 -0.6985439949718543 0.0368590136410756
0.012956619 -0.6916265954052138 -0.11021457825643247 0.10153177766156221 0.706540154043336
0.013114013 -0.17288135017696737 0.6913086131218139 -0.6771703995524347 0.18351841581370887
0.013281586000000001 -0.655780110127398 -0.2536730411627995 0.2421785250895027 0.66854665009145
0.013441452000000001 -0.30898065131196484 0.6385233434358073 -0.6268829807249009 0.32225464324280073
0.013612141000000001 -0.5916590292516238 -0.3861889673993463 0.3723990809727889 0.601764008206474
0.013774621 -0.4317740578322605 0.5582400142749829 -0.549585386828217 0.4471031664323907
0.013984332 -0.5020241251317302 -0.5020546783986807 0.48657912067415815 0.5090760181911332
0.014146009000000001 -0.5359689603805889 0.4539143838834357 -0.448597624940361 0.5526873077740355
0.014298044000000001 -0.3907361019712047 -0.5962821746144439 0.579795935265033 0.3944840241008065
0.014453051000000001 -0.6170720606009564 0.3300417595309403 -0.3282666350938811 0.6344593751671396
0.014593866 -0.26258865587226843 -0.6648200271095558 0.6480321993386319 0.2629343090049634
0.014738074 -0.6715842182512519 0.19196009705528327 -0.19377532499675618 0.6888975520322511
0.014898843 -0.12309988855899033 -0.7047450062149359 0.6883656323020578 0.12010343269683572
0.015076491000000001 -0.6971519184011439 0.04561968266387096 -0.050918598228762844 0.7136581599018902
0.015232200000000001 -0.02186072959038917 0.7152064488224269 -0.6990639297430553 0.029231517891464012
0.015373739 -0.6926691442971509 -0.10267345627899367 0.09414673307703743 0.7076770026892326
0.015527601 -0.165647001376068 0.6932305851272142 -0.6789795863965651 0.17613507244853807
0.015677059 -0.6583253327894139 -0.2465295617421982 0.2351676130272773 0.6712154833074737
0.015846579 -0.3022749178257848 0.6419255091313425 -0.6301440365924542 0.31542697095220296
0.016018749000000002 -0.5955973683917678 -0.37975087996543394 0.3660645789812974 0.6058495298981985
0.016202093 -0.425885649652801 0.5629778186822368 -0.5541602369366997 0.44112494898739935
0.016336692 -0.5071859528005307 -0.4965992749331587 0.4811941830842194 0.5144018144849337
0.016483077000000002 -0.5311516851690867 0.45978396942716804 -0.45428972489595226 0.547815966770024
0.016629701 -0.39689903735080756 -0.5920443318774607 0.5755928257016569 0.400820157669981
0.016773820000000002 -0.6135336731553549 0.33679027921277255 -0.3348309618451971 0.6309046962661098
0.016945331 -0.2694871636235736 -0.6619821340002237 0.6451923475012576 0.27000721728882465
0.017112046000000002 -0.6694774028435805 0.19929677309343452 -0.2009291167076695 0.6868125926145772
0.017259267000000002 -0.13043674756853252 -0.7034288110865689 0.6870115383589933 0.1276077053285061
0.017392473000000002 -0.6965676740120075 0.053228374925871694 -0.0583535900144752 0.7131326257331482
0.017549033000000002 -0.014363603754675137 0.716109895082184 -0.6997868380958355 0.021596292361591867
0.017692808 -0.6936328411653838 -0.09512060724378475 0.08675099864086515 0.708733363917008
0.017864902000000002 -0.15839374714788157 0.695074300193253 -0.6807121145293482 0.1687316008608948
0.018051845 -0.6607956055049957 -0.2393579882570812 0.22812995648325413 0.6738079927488342
0.018208385 -0.2955347897511552 0.645254746257007 -0.6333334669311643 0.3085633810729796
0.018361055 -0.5994678916375027 -0.37326954385982847 0.359688427987699 0.6098661839639383
0.018512973000000002 -0.4199487874163527 0.5676516236487295 -0.5586720355173252 0.43509652846057373
0.018659755 -0.5122900232383554 -0.49108733340605876 0.4757544836568032 0.5196691711811187
0.018822792 -0.5262739729626901 0.46560128564582814 -0.4599301133980457 0.5428822919600855
0.018996141 -0.4030167654089695 -0.5877390950372281 0.5713241929867573 0.40711080333624106
0.019171068000000003 -0.6099254658278908 0.3435005214689467 -0.3413571602978788 0.6272782364757681
0.019340124 -0.27635496640339335 -0.6590688614321031 0.6422789952762803 0.2770495587226724
0.019496746000000002 -0.6672943919641556 0.20661081616847435 -0.20806001398948715 0.6846494983522502
0.019643515 -0.13775875246837813 -0.7020322048518212 0.6855788355197908 0.13509768367066485
0.019804754 -0.6959041422387975 0.06083105505562988 -0.06578191297307681 0.7125259710491106
0.019980788000000003 0.014837234610081731 -0.04016864059515945 -0.022200149386790106 0.9988376574054003
0.020147154 -0.6945175766732479 -0.08755689053088746 0.07934541627392303 0.7097091168175728
0.020294878000000002 -0.15112240139108005 0.6968396751071996 -0.6823679113613668 0.16130883322085962
0.020434605 -0.6631906473917758 -0.2321591366335463 0.22106635676841702 0.6763238825378035
0.020576913000000002 -0.2887610326405829 0.6485106850591843 -0.6364509188782158 0.3016646527585146
0.020722581 -0.6032701586473904 -0.36674569640003984 0.3532713541855699 0.613813512267245
0.020902142000000002 -0.41396414656269626 0.5722608991433645 -0.5631202717290203 0.4290185900415828
0.021065292000000003 -0.5173357556013618 -0.4855194809141723 0.47026064236365145 0.5248774875659082
0.021227428000000003 -0.5213363790848308 0.4713656711225104 -0.4655181496281094 0.5378868442482064
0.021376911000000002 -0.40908858975001644 -0.5833669548535286 0.5669905250954774 0.4133552435423043
0.021526103 -0.6062478496312077 0.35017172292119053 -0.3478444882298507 0.6235804080173929
0.021703738 -0.2831912817238378 -0.6560805490587083 0.6392924839888406 0.2840605291344518
0.02187725 -0.665035434477325 0.2139013940726205 -0.21516720546748602 0.6824085149152024
0.022038845 -0.14506506198315186 -0.700555461568112 0.6840678032527447 0.14257250446448966
0.022195476000000002 -0.6951613989995238 0.06842685797255957 -0.07320272165352927 0.7118382643183562
0.022344431 0.015072606361217758 -0.034585421247709615 -0.02723391275657215 0.9989188020350174
0.02251736 -0.6953232504744843 -0.07998316675845864 0.07193082900892442 0.7106041496622781
0.022662632000000002 -0.1438337777282387 0.6985266692502344 -0.6839469456424906 0.15386760201239466
0.022795724 -0.6655101861344872 -0.22493382590367403 0.21397761813704427 0.6787628655252023
0.022969917000000003 -0.28195441570595464 0.6516929653760035 -0.6394960490037896 0.29473156901510955
0.023118759000000003 -0.6070037368545109 -0.3601800797383939 0.3468140884106237 0.6176910645729091
0.023287702 -0.40793240792726976 0.5768051226500195 -0.5675044421500107 0.42289182452172663
0.023452348 -0.5223225756943095 -0.4798963508888956 0.46471328529629 0.5300261696619131
0.023595925 -0.5163394656579886 0.47707647050539215 -0.4710531987806008 0.5328301915576659
0.023742033000000003 -0.41511381922533525 -0.5789284095368566 0.5625923172264002 0.4195527660253594
0.023926529000000002 -0.6025012434711057 0.3568031246479397 -0.3542922078683335 0.6198116312319724
0.024072153000000002 -0.289995330799559 -0.6530175437597568 0.6362331619685377 0.29103932806808586
0.024241205000000002 -0.6627007878897061 0.22116767727349113 -0.2222498824804824 0.680089896839429
0.024389498000000003 -0.15235483836442756 -0.6989988317447373 0.6824786973720613 0.15003130809901621
0.024540758000000003 -0.6943395292290659 0.07601491937972968 -0.08061517147112524 0.7110695832381926
0.024678138000000002 0.015419789740466249 -0.028998116596836303 -0.03225773978069274 0.9989419437778261
0.024841357 -0.6960497712245668 -0.07240029768473032 0.06450808089443422 0.7114183599155177
0.024998217000000003 -0.13652868877484903 0.7001352956739728 -0.6854492381393481 0.14640873945801566
0.025152347000000002 -0.6677539580158742 -0.21768287811244125 0.20686454769534637 0.6811246633229464
0.025311473 -0.27511571171095156 0.6548012368823731 -0.6424685235489158 0.28776491659520376
0.025466062 -0.6106682015155734 -0.3535734407782844 0.34031736605832247 0.6214983985979696
0.025610839000000003 -0.40185425766075544 0.5812837792457457 -0.5718240508536262 0.4167169282126777
0.02575681 -0.5272499160355192 -0.4742185830274117 0.45911304459811614 0.5351146302951475
0.025939543000000002 -0.5112838015388455 0.4827330345856928 -0.4765346321386621 0.5277129087656353
0.026114605000000003 -0.4210917680100971 -0.5744239647107365 0.5581300717641609 0.4257026638957735
0.026272861 -0.5986860740984707 0.3633939722716157 -0.3606995859747926 0.6159723345320349
0.026434337000000002 -0.29676633862064516 -0.6498801998083581 0.6331013847150176 0.29798515885718835
0.026564745 -0.6602907183206713 0.2284088390088531 -0.22930723917324808 0.6776939074978247
0.026715333 -0.1596272470626432 -0.6973625521980114 0.6808117598913281 0.15747323824847279
0.026897746 -0.6934386268693635 0.0835943758623896 -0.08801841880378505 0.7102200147256899
0.027078968000000002 0.015877298980686336 -0.023410405034918265 -0.037272661817145315 0.9989069986510253
0.027234919000000003 -0.6966970565910058 -0.06480914610987214 0.05707801689876069 0.712151654246283
0.027380643000000003 -0.1292079451836854 0.7016656366083208 -0.6868748765687451 0.13893307678706285
0.027510992 -0.6699217079466355 -0.21040711822427288 0.19972795530975893 0.6834090063355944
0.027665715 -0.26824569685983696 0.6578351593731375 -0.6453680187003114 0.2807654858874266
0.027822051 -0.6142631357591424 -0.3469265310898209 0.33378192700089865 0.6252350800618325
0.027999605 -0.39573038714777764 0.58569636168049 -0.5760786094855781 0.41049460286433537
0.028165612000000003 -0.5321172159211092 -0.46848682322284274 0.45346055839549915 0.5401422891613036
0.028308157 -0.5061699622526177 0.4883347203752588 -0.48196182714944685 0.5225355776369243
0.028444601000000003 -0.4270217556795715 -0.5698541333709121 0.5536042982389767 0.4318042357154383
0.028587088 -0.5948027760603029 0.36994351604545916 -0.3670658939294383 0.6120629543525413
0.028727548000000002 -0.303503534027422 -0.6466688790016302 0.6298975150272332 0.30489722870088787
0.028898661000000003 -0.6578055004718335 0.23562405538106868 -0.23633847258862672 0.6752208190700179
0.029081631 -0.16688145651602987 -0.6956468526629099 0.6790672256223197 0.16489744163536804
0.029246766 -0.6924587948585924 0.09116436498640171 -0.09541162108825367 0.7092896549076505
0.029408052 -0.02055464475357836 -0.7067606998447619 0.7017220368114336 0.017910428811771295
0.029553313 -0.6972650332626293 -0.0572105757777294 0.049641482813734025 0.7128039485386692
0.029700007 -0.12187235436621673 0.703117865538962 -0.6882240368322301 0.13144144328479082
0.029855498 -0.6720131894943712 -0.20310737402924475 0.19256865351490307 0.6856156337909048
0.030011006000000003 -0.2613451506820256 0.660794403093098 -0.6481942209107143 0.27373407080297474
0.030176635 -0.6177881306329748 -0.3402401068248855 0.32720851550381247 0.6289006827354809
0.030334225000000003 -0.3895614929246988 0.5900423704586786 -0.5802676373430423 0.4042255555817813
0.030481386000000003 -0.5369239214884793 -0.46270172349341093 0.4477564707278946 0.5451085728912956
0.030621836000000003 -0.5009985299265649 0.49388089118378065 -0.4873341674990812 0.5172987867569174
0.030784713000000002 -0.43290310728502607 -0.5652194358417345 0.5490155132834245 0.4378567855756937
0.030954541000000002 -0.5908517916498329 0.37645101093989614 -0.37339040781526844 0.6080839351008541
0.03112213 -0.31020614978676403 -0.6433839507615057 0.6266219231031247 0.3117747487413446
0.031274397 -0.6552454175955512 0.24281250545123864 -0.24334278275933952 0.6726709125111953
0.031427898 -0.17411663802010363 -0.6938519603090314 0.6772453266749819 0.17230306788084618
0.031573757 -0.6914001451193014 0.09872402539657042 -0.10279393691618575 0.708278609109536
0.031715318 -0.03043665573468115 -0.7158641177470355 0.7002012771506555 0.0254212044158393
0.031892311 -0.6977536369578283 -0.04960545127744555 0.04219932515838184 0.7133751679013346
0.032054867 -0.11452271874009916 0.7044922792213388 -0.6894970137663717 0.12393466502894747
0.032215607 -0.6740281649115629 -0.19578447604894988 0.1853874574212258 0.6877442937693824
0.032387286 -0.2544148559116528 0.6636786491249628 -0.6509468272754053 0.2666714686576615
0.032526643 -0.621242785150456 -0.3335149286316073 0.3205978801416425 0.6324947884897905
0.032681417000000004 -0.3833482765964641 0.5943213139230533 -0.5843906614559355 0.3979104987413083
0.032840965 -0.5416694857790566 -0.4568639419106525 0.44200143147705817 0.5500129151160372
0.033017888 -0.4957700932226949 0.4993709166957051 -0.4926510431873195 0.5120031314636534
0.033173541 -0.43873515342915836 -0.5605203997299962 0.5443642405866957 0.44385962317480904
0.03333398 -0.5868335708557433 0.3829157167284601 -0.3796724085016661 0.6040357291057793
0.033483428 -0.3168734226696009 -0.6400257922111761 0.6232749866151165 0.31861693414258707
0.033630006000000004 -0.6526107614624498 0.2499733713330272 -0.25031937279947464 0.6700444775199212
0.033771858 -0.18133196565369356 -0.6919781028741987 0.6753462955753762 0.17968926941673577
0.033946741 -0.6902627985455341 0.10627249691485616 -0.1101645261301086 0.707186991843341
0.034106865 -0.03791327419214329 -0.7150555373139285 0.6992634849667744 0.033041456525141386
0.034267338 -0.698162812431772 -0.04199463794498174 0.03475239108251534 0.7138652466759129
0.034425679 -0.10715983326501465 0.7057893450612825 -0.6906942665830851 0.1164135631720116
0.034577372 -0.6759664051625508 -0.18843925744203766 0.17818518462232918 0.6897947432328256
0.034726316 -0.24745559836120173 0.6664875898491219 -0.6536255459783914 0.2595784800489151
0.034900279 -0.6246267063361536 -0.3267517615682853 0.3139507737134487 0.6360169873429122
0.035064421000000005 -0.37709144475247924 0.5985327083412484 -0.5884472166708472 0.3915501499054745
0.035227309000000005 -0.5463533688002671 -0.45097414252671364 0.4361960962953452 0.5548547565304631
0.035375128 -0.490485247269652 0.5048041730468579 -0.4979118506019097 0.5066492137790808
0.035528497 -0.4445172303410583 -0.5557575598764428 0.5396510108465783 0.4498120638949839
0.03567853 -0.5827485713104934 0.3893368980732415 -0.38591118172752614 0.5999187965656941
0.035839259000000005 -0.3235045935293405 -0.63659478823142 0.619857090765666 0.3254230041704074
0.036006296 -0.6499018323279818 0.25710583828616734 -0.25726744899565296 0.6673418125049511
0.03618345 -0.18852661624542022 -0.6900255108693726 0.6733703674565795 0.18705520144184845
0.036328522 -0.6890468849889179 0.11380892063846328 -0.11752254991925229 0.7060149267944218
0.036478764000000004 -0.045370590701007116 -0.7143887576120388 0.6985225645437755 0.04065531215392747
0.03664042 -0.6984925134826088 -0.034379001764546384 0.02730152827023515 0.7142741284443637
0.036791225000000004 -0.09978448188179362 0.7070097728576419 -0.691816487551741 0.10887895154870804
0.036959918 -0.6778276899495317 -0.18107255390944016 0.17096265510200442 0.6917667480518624
0.03712987 -0.24046816678802535 0.6692209294930749 -0.6562300968255141 0.2524559087267315
0.037292625 -0.627939509270435 -0.3199513750167504 0.30726795315758815 0.6394668775067566
0.037446323000000004 -0.37079170888146096 0.6026760779956277 -0.5924368457381439 0.3851452317371764
0.037594583 -0.5509750375867584 -0.44503299530075796 0.43034112653316414 0.5596335449567631
0.03774901 -0.4851445935937925 0.5101800429008186 -0.5031159925927118 0.5012376423394943
0.037915765000000004 -0.45024867995064305 -0.5509314583051399 0.5348763617193233 0.4557134288788577
0.038086025 -0.5785972582377531 0.39571382460988197 -0.3921060181839314 0.5957336054957564
0.038232765 -0.33009890738099745 -0.6330913315002804 0.616368628326314 0.3321921822730315
0.038387719 -0.6471189388979811 0.26420909480962324 -0.2641862208978493 0.6645632245510629
0.038540181 -0.19569976936951636 -0.6879944191488971 0.671317781616932 0.1944000219105302
0.038691764000000003 -0.6877525432437316 0.12133243903779253 -0.12486717091523716 0.7047625468072771
0.038863203000000006 -0.05281876542847355 -0.7137508811202139 0.6978227332306084 0.048262996744801376
0.039041192 -0.6987427029566086 -0.02675940926994206 0.019847584843367953 0.7146017660352862
0.039202092 -0.0923974322105639 0.7081546262623263 -0.6928647084816503 0.10133163325719587
0.039350485000000004 -0.6796118077375481 -0.17368520359929454 0.16372069114097623 0.6936600830324772
0.039515488 -0.233453352752242 0.6718783847932083 -0.6587602118864462 0.2453045614574344
0.039660581 -0.6311808171331984 -0.3131145425951991 0.3005501794660326 0.6428440654325367
0.039829627 -0.3644497852852192 0.6067509552770528 -0.5963590994028927 0.3786964719126623
0.040004513000000005 -0.5555339662608182 -0.43904117602451875 0.4244371891655825 0.5643487354068466
0.040179123000000004 -0.47974874004945967 0.5154979155251079 -0.508262878545624 0.4957690323251256
0.040335879000000005 -0.45592884996257005 -0.5460426441708863 0.5300408377675992 0.4615630451054821
0.040489265 -0.5743801043989557 0.40204577103210504 -0.39825621359636915 0.5914806316742066
0.040627125 -0.3366556134808277 -0.6295158225188323 0.6128099996629436 0.3389236961624139
0.040772806 -0.6442623982932862 0.27128233273442165 -0.2710749014098834 0.661709029383871
0.040950864000000003 -0.20285060736325605 -0.6858850680403766 0.6691887826398825 0.2017228915449835
0.041116061 -0.6863799210309569 0.12884219605424524 -0.1321975532876081 0.7034299938702833
0.041274623 -0.06025918507290911 -0.7130900356513972 0.6971049119967236 0.05586430491809336
0.04142796 -0.6989133527523038 -0.01913672744584594 0.012391409264846324 0.7148481215291663
0.04157269 -0.0849994273893124 0.7092255010766496 -0.693840470632954 0.09377239563616156
0.041719729000000004 -0.6813185557784937 -0.16627804701157642 0.15646011722337425 0.6954745319415182
0.04189918 -0.22641195046417426 0.6744596857984216 -0.6612156362741045 0.2381252478787164
0.042079281 -0.6343502612466682 -0.3062420420705032 0.2937982175981705 0.6461481658553895
0.042244891 -0.3580663949913029 0.6107568807833283 -0.6002135365003308 0.3722046030334644
0.042410552000000004 -0.5600296360920317 -0.4329993662470118 0.4184849567181345 0.5689997901439974
0.042563209000000005 -0.47429830074843854 0.5207571868672223 -0.5133519244563595 0.4902440053889259
0.042698230000000004 -0.4615570939295978 -0.5410916737048013 0.5251449904066474 0.46736024546574906
0.042883684000000005 -0.5700975900389612 0.4083320171757755 -0.40436106880647466 0.587160358587768
0.043059449 -0.34317396540632517 -0.6258686696252833 0.6091816127494927 0.34561677789594786
0.043230912 -0.6413325360133674 0.27832474731612245 -0.277932706879547 0.6587795513336692
0.043380943000000005 -0.2099783153604863 -0.6836977041646415 0.6669836212056541 0.209022973865312
0.043525374000000006 -0.6849291749812995 0.13633733719787033 -0.13951286283920353 0.7020174190993882
0.043680133 -0.06769177523904317 -0.7123816703025677 0.6963425694225522 0.0634587394276406
0.043842178 -0.6990044438235731 -0.011511823629031075 0.004933850242041838 0.7150131662625779
0.044019796 -0.07759117302492997 0.710224820169624 -0.6947461049178602 0.08620200265668686
0.044192737 -0.6829477401341116 -0.1588519269024526 0.1491817599429401 0.6972098875311895
0.044374355000000004 -0.21934475661892908 0.6769645768537725 -0.663596129098415 0.23091878034410832
0.044522572 -0.6374474811172801 -0.29933465527001146 0.2870128363941282 0.6493788018380524
0.044681194 -0.3516422636644412 0.6146934034232413 -0.6039997240567705 0.3656703625371648
0.044854002000000004 -0.5644615355561168 -0.42690825319844683 0.41248510719183273 0.5735861787437393
0.045025132 -0.46879389598860954 0.5259572596306074 -0.5183825530041459 0.48466318958451043
0.045188574 -0.46713277132536346 -0.5360791101582176 0.5201893778487863 0.47310436883725027
0.045339895000000005 -0.5657502028308548 0.41457184810251 -0.41041988985333405 0.5827732773761387
0.045485564000000006 -0.34965322113644753 -0.6221502889992326 0.6054838831719208 0.35227066395845585
0.045619081000000006 -0.6383296858990058 0.28533553732693595 -0.28475885718837846 0.6557751232982766
0.045783135 -0.21708208133727053 -0.681432581034736 0.6647025546834379 0.21629943523292608
0.045972095000000004 -0.683400470617203 0.1438170096448425 -0.14681226710135103 0.7005249827207598
0.046159468 -0.07511603825380565 -0.7116130823647299 0.695522307943348 0.07104565225049589
0.046328474 -0.6990159661817096 -0.003885565409541918 -0.002524243369937351 0.7150968808313282
0.046466943000000004 -0.07017331538756057 0.7111563405903456 -0.6955852119041839 0.07862118299797319
0.04661523 -0.6844991756979925 -0.1514076881883684 0.14188644790898303 0.6988659515625203
0.046793737 -0.21225257021505106 0.6793928178142223 -0.6659014646428002 0.22368597375451452
0.046975222000000004 -0.6404721244766259 -0.29239316799285486 0.28019480848760986 0.652535604813608
0.047148772000000005 -0.34517812151669747 0.6185600805272623 -0.6077172373969825 0.35909449260693055
0.04731283 -0.5688291603929824 -0.42076852971335355 0.4064383239874311 0.5781073781538739
0.047469041000000003 -0.46323615218178843 0.5310975433506109 -0.5233541936254107 0.47902721929327974
0.047610673000000006 -0.47265524761657424 -0.5310055237449935 0.5151745650463575 0.4787947601585495
0.047758046000000005 -0.5613384378198564 0.4207645541828073 -0.41643198805430737 0.5783198867756048
0.047937067 -0.3560926431319476 -0.6183611046575386 0.601717234123881 0.3588845953443621
0.048129092000000005 -0.6352541900940105 0.29231390514747 -0.2915525758410647 0.6526960867049023
0.048292408 -0.22416109616673718 -0.6790899594954314 0.6623458475653257 0.22355144490410325
0.048458783000000005 -0.6817939823338363 0.15128036233476172 -0.15409493542887814 0.6989528540523988
0.048608877 -0.08253131346351644 -0.7107771866562481 0.6946367601208061 0.07862431436564775
0.048754006 -0.6989479188964428 0.0037411794681652846 -0.009982022664973287 0.715099255092549
0.048942557000000005 -0.0627464029991139 0.7120260661460628 -0.6963635214720707 0.07103061061693562
0.049124433 -0.6859726862165596 -0.14394617784987468 0.13457501165209226 0.7004425348278128
0.049280153 -0.20513619235333205 0.6817441855547491 -0.6681314338274275 0.21642764537372444
0.049444468000000005 -0.6434238473214745 -0.2854183699207683 0.27334491021827334 0.6556182146272682
0.049608305000000005 -0.3386747032162199 0.6223564779661871 -0.6113656602592975 0.35247774007973337
0.049773119000000005 -0.5731320136639435 -0.41458089415293553 0.40034529582893125 0.5825628727537181
0.049958299000000005 -0.4576257017807499 0.5361774544705261 -0.5282662825875388 0.47333673515071645
0.050125417000000005 -0.4781238943345926 -0.525871491582346 0.510101123633226 0.48443077050284034
0.050299566000000004 -0.5568627973663799 0.4269094311787392 -0.4223966800854154 0.5738006930617442
0.050458515 -0.3624914984157349 -0.6145015484430449 0.5978820963953245 0.365457817639912
0.050610805 -0.6321063990059756 0.29925905685810134 -0.29831309005446893 0.6495427914710339
0.050775282000000005 -0.23121455368097035 -0.6766701080463507 0.659913771784896 0.2307781750912972
0.050953737000000006 -0.6801098933790757 0.15872654606776362 -0.1613600390949288 0.69730121148471
0.051138732000000006 -0.08993686547126445 -0.7098697915727444 0.6936816087909947 0.08619395081603805
0.051313548 -0.6988003100959423 0.011367543204105783 -0.017438638782678605 0.7150202881657284
0.051463486 -0.055310814443465944 0.7128439810992476 -0.6970905155517656 0.06343087162690128
0.051632483 -0.687368104309055 -0.13646824483521502 0.12724828352962192 0.7019394571720611
0.051797302 -0.19799642601062714 0.6840184758649561 -0.6702858460442837 0.2091446146240401
0.051982234 -0.6463023139528465 -0.2784110545284417 0.2664639215436565 0.6586262795772213
0.052152176 -0.332132747794481 0.6260821702792561 -0.614944584919915 0.3458208563531478
0.052320507 -0.5773696058081462 -0.40834605032669297 0.3942067166863842 0.58695215441249
0.052480154 -0.45196318320543677 0.5411964164178139 -0.5331182630628009 0.4675923839718436
0.052632899000000004 -0.4835380891463925 -0.5206775976302833 0.5049696318649148 0.49001175715098677
0.052785582000000004 -0.5523237910882228 0.4330057803261796 -0.42831328806126806 0.5692162099912568
0.052946847000000005 -0.3688490586531576 -0.6105720600071294 0.5939789083550054 0.3719895811053744
0.053134193 -0.6288866712660931 0.3061702023299658 -0.3050396308462772 0.6463155959643456
0.053298990000000004 -0.23824165073832454 -0.6741733030792201 0.6574066069507404 0.23797880103045402
0.053477345 -0.6783483958324679 0.16615471360142814 -0.16860675138557335 0.6955702424600392
0.053646302 -0.09733192041988022 -0.7088883031481307 0.6926542013582982 0.09375375936962364
0.053815076 -0.6985731569657679 0.01899265804166251 -0.024893243005138985 0.7148599884326973
0.053987378 -0.04786661105118702 0.7136275675577443 -0.6977826908526782 0.055822404765286125
0.05415198500000001 -0.688685271486514 -0.1289747399636768 0.11990709763095658 0.7033565475133376
0.054314743000000006 -0.19083407578191378 0.6862155058469416 -0.6723645314786684 0.2018377028568924
0.054485413 -0.6491071970141551 -0.27137201899341395 0.25955262595066164 0.6615594564545053
0.054641775000000004 -0.32555299855186 0.6297367408135895 -0.6184536123282154 0.3391245972905912
0.054798947 -0.581541454698137 -0.4020647074133114 0.388023285697975 0.5912747225468789
0.054981307 -0.446249240768348 0.5461538596806081 -0.5379095852025513 0.4617948186758502
0.055174895 -0.4888972159248737 -0.5154244326297156 0.499780674557438 0.4955370836639264
0.055337908000000005 -0.5477219358018935 0.43905290841658734 -0.4341811396145512 0.5645669587429083
0.055489781 -0.37516460023216874 -0.6065730867869297 0.5900081159277283 0.37847914075713746
0.055650716 -0.6255953736880138 0.31304655531555464 -0.31173143312325075 0.6430148669616402
0.055826484 -0.24524158729493478 -0.671599829051156 0.654824640516711 0.24515250105292935
0.056000397 -0.6765096905831868 0.17356401974748115 -0.17583424769420541 0.6937601434511752
0.05616846700000001 -0.10471568307686208 -0.7078310622162091 0.6915528511904339 0.10130292103531108
0.056339903000000004 -0.6982664857468134 0.02661565636648327 -0.03234498685364772 0.7146183735365461
0.056515304 -0.04041320145683763 0.7144095477684231 -0.6984706426551189 0.048205387445695747
0.056677347 -0.6899240381697196 -0.1214665158287222 0.11255228968257013 0.7046936438621549
0.056869457000000005 -0.18364994758167347 0.6883351169776691 -0.6743673440725657 0.1945077330918171
0.057037109 -0.6518381775283864 -0.2643020641055189 0.2526118103666121 0.6644174105819324
0.057211044 -0.31893620296138486 0.6333197818771378 -0.6218923522551997 0.3323897231248852
0.057350120000000004 -0.5856470856946182 -0.39573757988084984 0.3817957070914372 0.5955300841777557
0.057508036000000005 -0.44048452459908904 0.5510492218846375 -0.5426397062118268 0.4559446982098894
0.057670391 -0.49420066481852826 -0.5101125940393184 0.49453484302492495 0.5010061199544097
0.05783908200000001 -0.5430577554630849 0.445050127878353 -0.43999956797507384 0.5598534678576038
0.058023332000000004 -0.38143740434327533 -0.6025050839779134 0.5859701725670016 0.3849257564496376
0.058187967 -0.6222328812257739 0.3198873335389207 -0.3183877357690871 0.6396409796068148
0.058356519 -0.25221356647946647 -0.6689499786098012 0.652168167904569 0.252298456661018
0.058520999000000004 -0.6745939873069777 0.18095362146827232 -0.1830417056157121 0.6918711199388222
0.058691035 -0.11208734573331872 -0.7066969841810046 0.6903764617053246 0.10884060630003199
0.058868584 -0.697880331732184 0.03423567080536847 -0.03979302218542027 0.7142954703795037
0.059048179000000006 -0.0329484489509137 0.7152567942886213 -0.6992159624893628 0.04057950102930065
0.059230409000000005 -0.6910842637061471 -0.11394442670090771 0.10518469695288706 0.7059505933397889
0.05938954900000001 -0.17644484829255258 0.6903771790573602 -0.6762941653433259 0.18715552971496843
0.059566585000000005 -0.6544949449343394 -0.2572019941758986 0.24564226506989426 0.6671998158520385
0.059721654000000006 -0.3122831125704365 0.6368308949078316 -0.6252604234576757 0.32561699835994123
0.059897818000000005 -0.5896860317003465 -0.38936538740624116 0.37552469010479095 0.5997177539860394
0.060070069000000004 -0.4346696905680948 0.5558819478707246 -0.5473080904245 0.4500426874720048
0.060235697000000005 -0.49944783232043294 -0.5047426859711972 0.4892327350160634 0.5064182423580827
0.060400655000000004 -0.5383317811063022 0.45099675685771373 -0.44576791204839794 0.5550762731775797
0.060562743 -0.38766675705925474 -0.5983685145023782 0.5818655392236761 0.39132869295705336
0.060707356000000004 -0.6187995769307616 0.3266917587854695 -0.32500778173186873 0.6361943173678801
0.060896585 -0.25915679467040176 -0.6662240526819179 0.649437492590538 0.25941585260625105
0.061090636000000004 -0.6726015044421061 0.18832267797302535 -0.19022830504041158 0.689903386388039
0.061266204000000005 -0.1194460932183033 -0.705485352985231 0.6891243129274152 0.11636597899979138
0.061445002000000006 -0.6974147392630721 0.04185183432513775 -0.047236501290278975 0.7138913151197446
0.06161838 -0.025465631864581586 0.7163233351319757 -0.7001562775637017 0.032943410288596084
0.061771857000000006 -0.6921658163858906 -0.10640932843060513 0.09780515815696099 0.707127252195565
0.061968955000000006 -0.16921958534505183 0.6923415953516653 -0.6781449093539372 0.17978191812543629
0.062153636000000005 -0.6570771971219018 -0.25007261694559246 0.23864478360019453 0.6699063547640638
0.062331791000000004 -0.30559448290016744 0.6402696906621684 -0.6285574538613229 0.31880719167036464
0.062498183000000006 -0.5936578332131895 -0.3829488547941181 0.36921094890643996 0.6038372543676979
0.062672644 -0.42880540020949753 0.560651489773013 -0.5519142093791329 0.4440894572332247
0.062846236 -0.504638121336569 -0.49931531912542254 0.48387495464945 0.511772833703879
0.06301896 -0.53354455078364 0.4568921192992579 -0.45148551649404756 0.5502359177847304
0.063187907 -0.39385194941455864 -0.5941638489743382 0.5776946843110197 0.39768722005473384
0.06337408500000001 -0.6152958519077762 0.3334590569913505 -0.33159081811111357 0.6326752719930003
0.06354148600000001 -0.2660704815752579 -0.6634223605339539 0.6466329261641985 0.2665038769698711
0.06370031500000001 -0.6705324691642872 0.19567035081384526 -0.19739322824774305 0.6878571662236567
0.063869707 -0.1267911059108632 -0.7041956980428601 0.6877959346998219 0.12387819882190226
0.06405590600000001 -0.6968697617235844 0.04946328033146497 -0.05467457698729674 0.7134059531671494
0.064241105 -0.01793673432526114 0.7180299246247139 -0.7016334921435136 0.02529368018397232
0.064401336 -0.6931685734565732 -0.09886207835053643 0.09041451336097812 0.7082234858231079
0.06456753400000001 -0.16197496620587212 0.694228309360456 -0.6799195292512312 0.17238772431350488
0.064734374 -0.6595846404663721 -0.2429147434937214 0.23162016266834548 0.6725367184599541
0.064916502 -0.29887107334233404 0.643635789427188 -0.6317830807664732 0.31196107579873444
0.065094126 -0.5975620383783203 -0.37648871189498556 0.36285520251462455 0.6078881154878888
0.06527279200000001 -0.42289232064313365 0.5653573070981379 -0.556457541895749 0.4380856840587739
0.065438232 -0.509770941253443 -0.4938311107234731 0.4784621123478644 0.5170692833837178
0.065606565 -0.5286966095027225 0.462735545026025 -0.45715173180332286 0.5453329519380715
0.065760438 -0.39999227748438804 -0.5898915656612291 0.5734580836666651 0.4040006126002895
0.065963187 -0.61172210527014 0.340188458332428 -0.33813609624440294 0.6290842434655924
0.066144282 -0.272953840311327 -0.660545219810967 0.6437547883660524 0.2735617212449667
0.066322438 -0.668387117360633 0.20299580398147696 -0.204535659999704 0.6857326918046661
0.066503404 -0.1341215616495306 -0.7028277179329855 0.686391028416296 0.13137642298386407
0.066674042 -0.696245461534531 0.057069142767669674 -0.062106402721388065 0.7128394391780145
0.06685287200000001 -0.009606131376894875 0.7216987390716321 -0.7023234731637037 0.01765119547323566
0.067029746 -0.6940924211372321 -0.09130353517813129 0.0830136038865994 0.7092391687755488
0.067211912 -0.15471179774389696 0.6960373138303945 -0.6816180259651021 0.16497377434915966
0.067368259 -0.6620169898618059 -0.2357291881452684 0.22456920206578904 0.6750906067593865
0.067532192 -0.29211364705317416 0.6469288212606384 -0.6349369510812779 0.3050794274502646
0.067710175 -0.6013982030395536 -0.36998569352275407 0.35645817471626845 0.6118698753342195
0.067909652 -0.4169311244956729 0.5699988668055529 -0.5609375741537242 0.4320320502284141
0.068085029 -0.514845708005003 -0.4882906844406261 0.4729948247715294 0.5223069874215038
0.068259631 -0.5237885091637836 0.46852636981921264 -0.462765914376723 0.5403679330103507
0.068441785 -0.4060870424633804 -0.5855521504427317 0.569156220511715 0.4102681506143367
0.06860153100000001 -0.6080787440938813 0.3468791973128267 -0.3446428717935882 0.6254216399584732
0.068781308 -0.2798060874875459 -0.6575929565586245 0.6408034071084046 0.2805885804198933
0.06897101700000001 -0.6661656936025899 0.21029820400080237 -0.21165478763402606 0.6835302043975862
0.069154674 -0.14143663700147655 -0.7013812315304192 0.6849094170739194 0.1388598073995524
0.06934053600000001 -0.6955419101462015 0.06466855621345471 -0.06953113265983828 0.7121918370486977
0.069523209 0.014946310670830128 -0.03734217464731111 -0.02473509862718808 0.9988904450189685
0.069695245 -0.6949372546311835 -0.08373455891772073 0.07560327221515031 0.7101741847796946
0.069875583 -0.14743088542989985 0.6977686629035299 -0.6832404599252605 0.15754089375095937
0.070065732 -0.664373968753404 -0.2285167683784733 0.21749270457367303 0.6775677281938058
0.070238991 -0.2853229708439243 0.6501484262653261 -0.6380187215880537 0.2981630271844501
0.070427749 -0.6051658907898028 -0.36344053937164617 0.3500205939852079 0.6157820797691331
0.070596042 -0.41092248982084983 0.5745756433893027 -0.5653537997710725 0.4259292436558849
0.070770287 -0.51986184413885 -0.4826946703373589 0.46747371475039573 0.5274853485413961
0.070954641 -0.5188208084959478 0.4742639354975433 -0.46832742660102905 0.5353414254237767
0.071124221 -0.4121355507438933 -0.5811460967670401 0.5647895854073366 0.41648911936082317
0.07129673 -0.6043661833710081 0.3535305128530584 -0.3511104048305798 0.6216878777870541
