0 -0.7067529998956005 0.00035399999994770805 0.0003529999999478558 0.7074602089259648
0.0008119140000000001 -0.7067586679128367 -0.0023697253695489735 0.0017645979203588943 0.7074485535541967
0.001107436 -0.7068801176131781 -0.004155739045024392 0.0022012718896373476 0.7073177387555307
0.001353952 -0.7079643438271349 -0.004388732158780946 0.0037760901750891686 0.7062244459394212
0.001538405 -0.7081378866470607 -0.004127244101782298 0.0038376110862784036 0.7060516780606854
0.001734436 -0.7078549904608228 -0.006460547820152413 0.002847583164438178 0.7063224936752996
0.0019133770000000002 -0.7082727583667381 -0.0067414315367833036 0.0014765160286830756 0.7059051443053976
0.00208733 -0.7084316707028158 -0.0055093323414680245 0.0006932472020063925 0.7057575607888913
0.0022359890000000003 -0.7102426116990604 -0.004677195592167913 0.0003067263839357963 0.7039413770245474
0.002377506 -0.7115595000013005 -0.003171828603735523 0.0009424313044772681 0.7026180536283169
0.0025128050000000003 -0.7119260651482958 -0.0020588786390305304 0.00035958442726300696 0.7022513150434494
0.002667276 -0.7122152444420354 -0.003986726923292416 -0.0015352542818251945 0.7019481423774132
0.002811769 -0.7130616213538152 -0.0032167794481977635 -0.003061177152692382 0.7010873024643149
0.002982081 -0.7141461502789633 -0.0018687959375478381 -0.0013872237162979198 0.69999275657241
0.0031317750000000003 -0.7151862483791026 -0.000987023355595834 -0.0005583898936842623 0.6989330040247397
0.003291618 -0.7152024863004834 0.0006794419352816844 -0.00010223017762003819 0.6989169703886539
0.0034424480000000003 -0.7156983364033188 0.001306051324116358 0.000690920145612961 0.6984079811462732
0.0035821100000000003 -0.7152196446348924 0.0014389750521423897 0.000986821666168164 0.698897571509686
0.0037184590000000003 -0.7149248321141511 0.0010710800665646675 0.0023791772576067225 0.6991964507415787
0.003879477 -0.7147933130201807 0.0007771312387475302 0.0021341262959694734 0.6993320822281964
0.004030257000000001 -0.7145514319159918 0.0012780248694536033 0.001821037401396908 0.6995793747831776
0.004189202 -0.7144038221244086 0.0016246016680137893 0.0019421219162680543 0.6997290674010329
0.004343889 -0.7129111434221823 0.00043720386029649365 0.0032905617257266073 0.7012465205908622
0.004484364 -0.7130544939476404 0.0009921262749970016 0.0022225774628482904 0.701104389157528
0.0046304530000000005 -0.71287458183751 0.0008238156840656881 0.003307312397660759 0.7012832620150137
0.0047888720000000004 -0.7132879535683749 0.0012463004013739132 0.003655265350429802 0.7008604576267428
0.00497091 -0.7132587656714463 0.0013383608289946395 0.00511253173367803 0.7008808771841393
0.005137509 -0.713107392605314 0.0013984711166645139 0.004778601598338734 0.70103712872925
0.005274089 -0.7139535565782196 0.0027685497284024065 0.0024101332042257696 0.7001834369932285
0.005422473000000001 -0.7144904522765414 0.003322101233451734 0.0018935720505698717 0.6996347415858846
0.005572906000000001 -0.7150675629618586 0.003833111501935562 0.0030737074457567724 0.6990380819229667
0.0057091730000000005 -0.7156814603482855 0.0049720475291047525 0.004273339722419943 0.6983960657282733
0.0058913820000000006 -0.7147086435596998 0.004102965565998881 0.005491617426332354 0.6993887063948495
0.006052653000000001 -0.714566080414543 0.0039565949110180925 0.008388479050873025 0.699506465657695
0.006193141 -0.7121147100372849 0.0009373599035079701 0.011850440093283718 0.7019624834523001
0.006345535 -0.7124147950298805 0.0014338163304556356 0.010735208112642513 0.7016750382477933
0.006501304 -0.7114586206427387 0.00023938099907657538 0.011178181696171805 0.7026390410899729
0.006642671 -0.7109788902618072 -0.00039274400428151584 0.011084243003288141 0.7031258798474713
0.006791040000000001 -0.7105977336555207 -0.000677602619436393 0.009351796252604246 0.703536030125805
0.006950607 -0.7115620449260541 0.0004375050029788414 0.008081770343202614 0.7025766504788958
0.0071113850000000004 -0.7109658398907611 -3.847507418083133e-05 0.008163240096099273 0.7031791624751312
0.007252740000000001 -0.710226428554886 -0.0008283295796502899 0.011178109203457194 0.7038840699482513
0.007396482 -0.7107874715097464 -0.00017543275303493294 0.011988624290519377 0.7033046370213634
0.007538896000000001 -0.7115252490480061 0.0008706544727045164 0.009790278832539766 0.7025917821668166
0.007670357000000001 -0.7126008561768945 0.002066263682363879 0.008538363555807173 0.701514680301233
0.007837687000000001 -0.7121218322130447 0.0012244358738843321 0.008965639026510317 0.7019975884283176
0.008014323 -0.7116471045809741 0.0005492258346092437 0.008720368636310023 0.7024827770581609
0.008162945000000001 -0.7118279688517445 0.0005288112263000835 0.007896598414592771 0.7023092672409825
0.00831027 -0.7118997366295351 0.000532765205349755 0.008228295493570245 0.7022327080828016
0.008474474000000001 -0.7111829897599761 -0.00028244123903085964 0.00902558881992054 0.702948941281984
0.008634332 -0.7113076427250284 8.388025399542731e-05 0.00839127269413036 0.7028307171059325
0.008770539 -0.7112725550017311 0.00011515093420928897 0.008747756699684434 0.7028618754736204
0.00893477 -0.7104146019488135 -0.0007315717690969979 0.008954498031651785 0.7037260653874183
0.00910297 -0.7104097674958115 -0.000753295391662225 0.007144516677416919 0.7037516256990434
0.009277073 -0.7101173402771656 -0.0010451460503053379 0.007213857513135763 0.7040456171067314
0.00944785 -0.7102436621929852 -0.0009432819083204239 0.007905319390067738 0.703910900937952
0.009610214 -0.7106431646956749 -0.00035558812744410345 0.0066535684645569 0.7035210700860972
0.009769603 -0.7109613406140343 0.0002441790339603582 0.00443943993577262 0.7032170389729984
0.009921175 -0.7108504063212446 0.00010450602644585593 0.005136932161272189 0.7033244634159845
0.01009428 -0.7103250879167324 -0.0006337793198914795 0.00477219609082169 0.70385729657675
0.010248041000000001 -0.7094481169966625 -0.0015516847320743467 0.0044294932552441406 0.7047420387304025
0.010411100000000001 -0.7097075028224631 -0.0014782582262784067 0.004976092344100802 0.7044773336986103
0.010554597 -0.7096114364499307 -0.0019032787386134727 0.00832698255731488 0.7045414453039647
0.010711724 -0.7104701792216074 -0.00093109167046717 0.00915030862599842 0.7036672007115063
0.010874328 -0.7093250916495236 -0.0020636951211906417 0.007548211646998712 0.704838052335268
0.01104269 -0.7093552046664827 -0.0018898446775660088 0.0076315788491591405 0.7048073361592773
0.011215826 -0.7092184258391478 -0.0021329935479614853 0.0062251070601413265 0.7049581000533689
0.011369738 -0.7092630122843111 -0.0020990339607646984 0.006477735763126321 0.7049110670156911
0.011517237000000001 -0.7100404667669047 -0.0009393200498184639 0.0064766656520891626 0.7041304609469125
0.011661505 -0.7092421382033501 -0.0016333437866993157 0.008408614135788002 0.7049129143327777
0.011833910000000001 -0.7100186911898894 -0.0010126358961481212 0.009496534140730041 0.7041180643676547
0.0120081 -0.7110652176465558 5.414942978502061e-05 0.009212264565558629 0.7030657063907114
0.012167805 -0.711167612098035 9.89120332752809e-05 0.0100390627122592 0.7029508054900059
0.012318448000000001 -0.7111072359635464 6.240044368164829e-05 0.008467515586838921 0.7030325712555975
0.012488810000000001 -0.7103674455984129 -0.0008672295993269886 0.00991808018654025 0.7037605926962816
0.012638566 -0.7097420314852978 -0.0015108507120145617 0.011192649344331576 0.7043711313461845
0.012787986000000001 -0.7095492892403488 -0.0019019034265293998 0.012756153894588937 0.704537770058987
0.012956619 -0.7088823835175255 -0.002797290331333853 0.013091283537175051 0.7051996595296
0.013114013 -0.7092291126284341 -0.0022741831997722243 0.012968720675787845 0.7048550958708403
0.013281586000000001 -0.7092420644862566 -0.002433018953381393 0.012515130278298422 0.7048497328481885
0.013441452000000001 -0.7092178323842657 -0.0022469563931220137 0.012016940644094108 0.7048834020976006
0.013612141000000001 -0.709801625896464 -0.0012377802502359773 0.00943682870662196 0.7043373240420746
0.013774621 -0.7084120878186276 -0.0031018436997436874 0.012679296110663978 0.7056783458830616
0.013984332 -0.7083427721283103 -0.0028818415283161426 0.013476649225995495 0.7057340802941474
0.014146009000000001 -0.7085121795876663 -0.0027458286270306887 0.014420748294364776 0.7055458835679762
0.014298044000000001 -0.7083255830157543 -0.0029484001038178518 0.014619059273974491 0.7057283177598614
0.014453051000000001 -0.7078783001210678 -0.003375392073208838 0.014563212676925046 0.7061762044862363
0.014593866 -0.7091480360454895 -0.001404908612498698 0.012321833606927866 0.7049505384217952
0.014738074 -0.7109694703889404 0.001045175020166239 0.010777593457091093 0.7031395048376394
0.014898843 -0.7114778068475301 0.001594366418440852 0.009938519936850753 0.7026364737050145
0.015076491000000001 -0.7134905733744571 0.0041278983585336234 0.007048921833591183 0.700617209938433
0.015232200000000001 -0.7137010034043558 0.004218323930942834 0.006952689651621442 0.7004032721150278
0.015373739 -0.7139608436564581 0.004707232908718676 0.006567457350256955 0.7001390034754919
0.015527601 -0.7158944278420101 0.006981362693189683 0.005423125082745678 0.6981525753544453
0.015677059 -0.7166547786566064 0.00801757540151172 0.004702950474373153 0.6973661369540162
0.015846579 -0.7162542817314971 0.007528764320472924 0.004799184753593066 0.6977822650618208
0.016018749000000002 -0.7166862048987536 0.008133909475154771 0.005302055370849897 0.6973281949221017
0.016202093 -0.7157582709957032 0.007030435102366392 0.006624322808066827 0.6982813106698816
0.016336692 -0.7163069811745489 0.007554179577955291 0.006555559268169967 0.6977136000782772
0.016483077000000002 -0.715988396497322 0.007283009986137977 0.006799284176780048 0.6980410758554392
0.016629701 -0.7158862803140605 0.00736190712674055 0.006500643436907219 0.6981478193165557
0.016773820000000002 -0.7151422229517551 0.006539172580114629 0.007103442620341008 0.6989122843937782
0.016945331 -0.714887229834921 0.0064098100724015415 0.007074565172342067 0.6991745944193132
0.017112046000000002 -0.7126231129690737 0.003875876304598375 0.009147928892011001 0.7014767222382547
0.017259267000000002 -0.7123656408472633 0.0036647731016690444 0.009141086261314555 0.701739412973466
0.017392473000000002 -0.7111303676990608 0.0020805015242616664 0.01058713415312474 0.7029773710725192
0.017549033000000002 -0.710127194578724 0.0009737847001008231 0.011521187803035973 0.7039784666413573
0.017692808 -0.7099558501041119 0.0008869970762440832 0.01150218840487484 0.7041516909026305
0.017864902000000002 -0.7090706038116031 -0.00041625495377410393 0.012898658898975804 0.7050193828120405
0.018051845 -0.7090159546539202 -0.0004665114054415003 0.012961851784243077 0.705073151390423
0.018208385 -0.7106517826454886 0.0015815221094674526 0.010981919863722177 0.7034564237013644
0.018361055 -0.7093447712381425 0.00023552813351214206 0.012032213892317501 0.7047589416761275
0.018512973000000002 -0.7092901693063408 0.00018529031165216952 0.012095383003778437 0.7048128284182085
0.018659755 -0.7086900264001614 -0.0004379775897312353 0.012557745029071312 0.7054080788425622
0.018822792 -0.7107427221775677 0.0017985983949008898 0.010693319220728624 0.7033684673337854
0.018996141 -0.7120679063216171 0.0035188017215757733 0.0089804742168948 0.7020443475337103
0.019171068000000003 -0.7133699779799905 0.004948464512556305 0.007783861181782622 0.7007269073761183
0.019340124 -0.7142857180621733 0.0061825318332965 0.006545042420501561 0.6997962929969335
0.019496746000000002 -0.7144605662978439 0.0064422691047568295 0.006266650311175041 0.6996179853806104
0.019643515 -0.7144605662978681 0.006442269105133587 0.006266650311710258 0.6996179853805773
0.019804754 -0.7141557056876577 0.006031074290333261 0.006679431001780912 0.6999290245290312
0.019980788000000003 -0.7138080262407694 0.005598193288958369 0.0070874941168102305 0.7002831779596743
0.020147154 -0.7154116802567609 0.007523398006813349 0.005331317853792367 0.6986423285806346
0.020294878000000002 -0.7170454239292686 0.00920769479750084 0.004028288652239762 0.6969539807398665
0.020434605 -0.7164412567199515 0.008473404961201778 0.004703845915894635 0.6975801035805851
0.020576913000000002 -0.7154025800906157 0.00717662309357401 0.0059264643202296685 0.6986505002512519
0.020722581 -0.7149707851464425 0.006701006704231425 0.006324574741582524 0.6990936079314185
0.020902142000000002 -0.7160059829158515 0.007824872262112974 0.005399086803668791 0.6980294074496244
0.021065292000000003 -0.7141887390320399 0.005705699267906514 0.007279686377460275 0.6998920603935548
0.021227428000000003 -0.7133199902901509 0.004666557757426245 0.008225783992065331 0.7007746793148794
0.021376911000000002 -0.7128009371388532 0.004146872622500452 0.00861501955567865 0.7013012255083269
0.021526103 -0.7134551933101978 0.004991664609343708 0.007793470527960874 0.7006397307034953
0.021703738 -0.7121985246420323 0.0036705149907361365 0.008845861636513363 0.7019127720374685
0.02187725 -0.7117211200478825 0.003172039721801827 0.009240171787062552 0.7023941946422515
0.022038845 -0.7124621545755624 0.004060693420808456 0.008427717223511039 0.7016481758323688
0.022195476000000002 -0.7131544392784395 0.0047536769278316415 0.00790875384426382 0.7009462175557777
0.022344431 -0.7126252829437644 0.003886803669488178 0.008893748847500956 0.701477726017008
0.02251736 -0.7116602296672696 0.002542610704579019 0.010278420482161484 0.7024440239002153
0.022662632000000002 -0.7116201233996103 0.002607782236648768 0.01012464653324814 0.7024866482554005
0.022795724 -0.7117055784893601 0.002651091480764063 0.01013418503044594 0.702399771892656
0.022969917000000003 -0.7112649659258763 0.0020003165002367754 0.010831620487046958 0.7028376931966482
0.023118759000000003 -0.7110912493865488 0.001826790443844285 0.010961622400434976 0.7030119065257019
0.023287702 -0.7099454306209233 0.00022043482660884174 0.01262710291504979 0.7041434464801418
0.023452348 -0.7091567659747204 -0.0006919175627403447 0.013436776571568988 0.7049224464845252
0.023595925 -0.7081949546751627 -0.0016918361552093945 0.014228087436382951 0.7058715218727636
0.023742033000000003 -0.7083755113020853 -0.00134400827569132 0.013799357302370353 0.7056995864865632
0.023926529000000002 -0.7086904442018858 -0.0007571521484084001 0.013086504714857365 0.7053977774361828
0.024072153000000002 -0.7081607332443607 -0.0014527606634260276 0.013775776990550192 0.7059153584854003
0.024241205000000002 -0.7076821492192248 -0.0018659992416137105 0.01402233991402603 0.7063893173786145
0.024389498000000003 -0.7083870301151731 -0.0009962611700597012 0.013202602263489677 0.7057000172323638
0.024540758000000003 -0.705964289896857 -0.0038465125538002655 0.015779565478935893 0.7080611774733144
0.024678138000000002 -0.7074553711197864 -0.0023226917036384526 0.014595728220657782 0.7066034727445969
0.024841357 -0.7081206652790296 -0.0013875678891324139 0.013621856993481623 0.7059586695212313
0.024998217000000003 -0.7078111186295347 -0.0018007131173859714 0.014036479819182846 0.7062599769284409
0.025152347000000002 -0.7072402885165973 -0.002431563254223923 0.014572203011642032 0.7068188683803572
0.025311473 -0.7073263298758292 -0.0023880124688484194 0.014581613651721139 0.7067327196360381
0.025466062 -0.7073781928236454 -0.00210532870805528 0.014138585283807816 0.7066907105054923
0.025610839000000003 -0.7072432477023962 -0.0023445891537454233 0.014422951342640973 0.7068192625810615
0.02575681 -0.7071141661847015 -0.002409916418174126 0.01440882655772266 0.7069484662979345
0.025939543000000002 -0.7074212052572145 -0.0020835594554568194 0.014143297570388048 0.7066476238311862
0.026114605000000003 -0.7085729807701906 -0.00047464028632077267 0.012475604968596149 0.7055270830518937
0.026272861 -0.7101497091570254 0.0013498085401763376 0.010856933542905097 0.703965692058315
0.026434337000000002 -0.7104146442199384 0.0017405376267437133 0.01043826321125376 0.7037038059210432
0.026564745 -0.7104574526761989 0.0017622175132525981 0.010443030083690947 0.7036604619054236
0.026715333 -0.7104574526763109 0.0017622175137097875 0.010443030084416594 0.7036604619052986
0.026897746 -0.7098417279444337 0.0009373018749856084 0.011270932217684328 0.7042704088778687
0.027078968000000002 -0.7093674935677289 0.0006116694051869105 0.011367759618852833 0.7047468758151577
0.027234919000000003 -0.710898538862214 0.00241324093365854 0.009745441083036356 0.7032229163571555
0.027380643000000003 -0.7090188729279185 0.0002641494187109326 0.011628034988553648 0.7050935802142964
0.027510992 -0.7077855014637567 -0.001300732235203061 0.013136426901806527 0.7063040607993167
0.027665715 -0.709273483996856 0.0003075290103149957 0.011805674592281979 0.704834488637078
0.027822051 -0.7085300458315644 -0.000496373333049709 0.012470867683165649 0.7055702695172643
0.027999605 -0.7076048867819499 -0.0016486386022353083 0.01356521361616048 0.7064761787722298
0.028165612000000003 -0.7065886663382497 -0.002932277179361728 0.014800176658116445 0.7074636479168144
0.028308157 -0.7077367597535993 -0.0014964026683875302 0.013430151049534949 0.7063469903066887
0.028444601000000003 -0.7087017689152474 -0.0004094453823089768 0.012489815850625892 0.7053975046673302
0.028587088 -0.7094422445374459 0.00030747658702365684 0.011973790974544585 0.7046617879901801
0.028727548000000002 -0.7110189954304708 0.0022176869142480097 0.010206899092186972 0.7030952205873091
0.028898661000000003 -0.7110643930672021 0.0023262006942274295 0.010062628834941082 0.7030510374099681
0.029081631 -0.7125524722271658 0.0042775303918550596 0.008139399956142218 0.7015585700603016
0.029246766 -0.7118091157561106 0.003302149777938315 0.009100742341466982 0.7023062401988057
0.029408052 -0.7138979481782488 0.005814859659659387 0.006799372991119722 0.7001925988761613
0.029553313 -0.7148122811813199 0.00704834864677912 0.0055611580586645845 0.6992587482289785
0.029700007 -0.71420763522862 0.006399596586260819 0.006088820795497105 0.6998781502561688
0.029855498 -0.7142501852622024 0.00642116511894118 0.006093652371343684 0.699834486783984
0.030011006000000003 -0.7143399063861642 0.006637763319301529 0.005805614938686581 0.699743333714232
0.030176635 -0.7147743159536929 0.007200227551344645 0.005258670236363998 0.6992983486062904
0.030334225000000003 -0.7139948429783457 0.006291742789207589 0.006064660296037651 0.7000964205511238
0.030481386000000003 -0.7140799682941005 0.006334886544126032 0.006074325029727058 0.7000091218469965
0.030621836000000003 -0.7144272848818766 0.006767617607064656 0.005666442150212418 0.699654018355925
0.030784713000000002 -0.7130387242572596 0.005122747674747846 0.007149710218895317 0.7010694807289979
0.030954541000000002 -0.7147272551790399 0.007005242124987753 0.0055514791822704225 0.699346164903973
0.03112213 -0.715159065426036 0.0074808520597125314 0.0051534622061723614 0.6989027041146065
0.031274397 -0.7129510395848233 0.004992763575002207 0.007289008719260075 0.701158154640374
0.031427898 -0.7136046026289966 0.005837286747679907 0.006467839661233229 0.7004945140686357
0.031573757 -0.7133442560049307 0.005534237121949261 0.006736693936863673 0.7007595604763815
0.031715318 -0.7135620090814213 0.005815702627293402 0.006463012997382391 0.7005381262013028
0.031892311 -0.7125172086070126 0.004516300608188735 0.007687728430562199 0.7015979826790165
0.032054867 -0.7118644778229424 0.003757889387428382 0.008360555017493426 0.7022570359925354
0.032215607 -0.7116031256662506 0.0034544156056720934 0.008629779891722231 0.7025201672933428
0.032387286 -0.7114296552427142 0.003281009927006237 0.008759619747916171 0.7026950616568782
0.032526643 -0.7102967701725437 0.002022987559721182 0.009827623510737394 0.7038308203111863
0.032681417000000004 -0.71117061818895 0.003064278744666673 0.008879894356348225 0.7029566910533978
0.032840965 -0.7116936124075041 0.0036713474520534695 0.008341359426071221 0.7024308827131457
0.033017888 -0.7129984994075048 0.00518792588121386 0.0069959649193527896 0.701111461711007
0.033173541 -0.7128681779955823 0.005036338570918523 0.007130443534494625 0.7012437185957956
0.03333398 -0.7102539524101821 0.00200131060611398 0.009822845941459251 0.7038741574594022
0.033483428 -0.7101228522074241 0.0018493960999147652 0.009957606681317557 0.7040049435735796
0.033630006000000004 -0.7092041168686585 0.0007855630045120991 0.010901303913045153 0.704918481159565
0.033771858 -0.7088098199428352 0.00032940405257525046 0.011305944268041709 0.7053089438464423
0.033946741 -0.710777983471574 0.002608813995944548 0.009283936316345593 0.7033503116001955
0.034106865 -0.7118242682483142 0.003823075697895956 0.008206759299748647 0.7022992555362397
0.034267338 -0.7115629194681284 0.0035196036498275633 0.008475973033508364 0.7025624398651535
0.034425679 -0.7111706181885539 0.0030642787610494758 0.008879894371766369 0.7029566910535323
0.034577372 -0.7106470311936676 0.0024569613815581385 0.009418643712497225 0.7034813782517726
0.034726316 -0.7131287835987339 0.005339497518578101 0.006861499911337658 0.7009791349164441
0.034900279 -0.7137796458288587 0.006097119149156894 0.006189378393012967 0.7003164527080729
0.035064421000000005 -0.7133892402729936 0.005642593458306955 0.006592610504751868 0.7007142716460957
0.035227309000000005 -0.7127378193751489 0.004884735604673528 0.007264935749338332 0.7013759055592004
0.035375128 -0.7111706181880197 0.0030642787769707427 0.008879894386663298 0.7029566910538151
0.035528497 -0.7129984994062237 0.005187925934385744 0.006995964969947358 0.7011114617114116
0.03567853 -0.7118242682477587 0.0038230757258823933 0.008206759326849942 0.7022992555363337
0.035839259000000005 -0.712346520391588 0.004429832442399276 0.007668493438097743 0.7017720468064536
0.036006296 -0.7118242682470175 0.0038230757323367737 0.008206759332087725 0.7022992555369886
0.03618345 -0.7119548869787653 0.003974788348600437 0.008072172641611926 0.7021675583459275
0.036328522 -0.7123465203907999 0.004429832456475656 0.007668493450821307 0.7017720468070255
0.036478764000000004 -0.712607423558993 0.0047331168982290405 0.007399441457647373 0.7015080225907305
0.03664042 -0.711432189442273 0.0033678442831980805 0.00861060009027174 0.7026939269812594
0.036791225000000004 -0.7111706181868677 0.0030642787712274167 0.008879894379578413 0.7029566910550952
0.036959918 -0.7124769905607047 0.004581482496979789 0.00753396068199611 0.7016400696768491
0.03712987 -0.7116936124058281 0.003671347474872213 0.008341359446067443 0.702430882714487
0.037292625 -0.7106470311921453 0.002456961372761299 0.009418643701318579 0.7034813782534904
0.037446323000000004 -0.7101228522059794 0.001849396134200664 0.00995760671329229 0.7040049435744945
0.037594583 -0.7093354754634925 0.0009375853368133191 0.010766450265339875 0.7047881864300801
0.03774901 -0.7094667971836528 0.001089592265127142 0.010631609819726133 0.7046578214674885
0.037915765000000004 -0.709860540962355 0.0015455207950358179 0.010227168089252964 0.7042663053014669
0.038086025 -0.7099917150537106 0.0016974661726772582 0.01009238074813089 0.7041356595248661
0.038232765 -0.7110397769814791 0.00291247268513772 0.009014561622300831 0.7030879679896
0.038387719 -0.7109088987385468 0.002760651104210689 0.00914924228637853 0.7032191748419641
0.038540181 -0.7127378193750254 0.004884735606247135 0.007264935751379986 0.7013759055592935
0.038691764000000003 -0.7124769905615947 0.004581482496163451 0.007533960683264823 0.7016400696759371
0.038863203000000006 -0.7128681779950924 0.005036338617627194 0.007130443580814801 0.7012437185954872
0.039041192 -0.7140397297525957 0.006400057298267391 0.0059206251008397034 0.7000508908642531
0.039202092 -0.7127378193752104 0.004884735613386673 0.007264935758987671 0.7013759055589771
0.039350485000000004 -0.712346520391845 0.0044298324410747695 0.00766849343780654 0.7017720468062042
0.039515488 -0.7122160130634922 0.0042781667176190075 0.007803039685031313 0.7019039539688842
0.039660581 -0.7111706181881599 0.0030642788043325213 0.008879894414723172 0.7029566910531995
0.039829627 -0.7118242682477555 0.003823075737043312 0.008206759338209583 0.7022992555361433
0.040004513000000005 -0.7111706181878646 0.003064278783271418 0.008879894393250046 0.7029566910538612
0.040179123000000004 -0.7105160419144307 0.002305093290193442 0.009553364474224516 0.7036123747877074
0.040335879000000005 -0.7128681779940468 0.005036338640027774 0.0071304436009022205 0.7012437185961848
0.040489265 -0.7132590305569579 0.005491053378317119 0.006727048431330096 0.7008467382253752
0.040627125 -0.7137796458275014 0.0060971191618303215 0.006189378403602142 0.7003164527092521
0.040772806 -0.7145594496885584 0.007005743623499413 0.005383282433875444 0.6995189294703207
0.040950864000000003 -0.7152082587705987 0.007762494201087065 0.004711912320075383 0.6988524079892652
0.041116061 -0.7139097064427459 0.006248596147172572 0.006054994943325113 0.7001837067007903
0.041274623 -0.7131287835980081 0.005339497527649108 0.006861499919657701 0.7009791349170318
0.04142796 -0.7129984994063306 0.005187925936849983 0.006995964973058628 0.7011114617112535
0.04157269 -0.7132590305573057 0.005491053377888839 0.006727048431547489 0.7008467382250229
0.041719729000000004 -0.711693612406282 0.0036713475117729423 0.008341359483814783 0.7024308827133858
0.04189918 -0.7127378193750497 0.004884735626169166 0.007264935771315926 0.7013759055589237
0.042079281 -0.7122160130633998 0.0042781667264723405 0.007803039693766373 0.7019039539688271
0.042244891 -0.7118242682476976 0.003823075747752788 0.008206759349209862 0.7022992555360152
0.042410552000000004 -0.7109088987381836 0.002760651147138481 0.0091492423285986 0.7032191748416134
0.042563209000000005 -0.7092041168681938 0.000785563084321228 0.010901303992644546 0.7049184811587125
0.042698230000000004 -0.7076249418252691 -0.0010398981702036932 0.012520576663173981 0.7064765356886257
0.042883684000000005 -0.7068333702936273 -0.0019534506985845385 0.013330921231809605 0.7072517636661161
0.043059449 -0.705908203142949 -0.003019949618423778 0.01427691565008508 0.7081529907578701
0.043230912 -0.7056435404855858 -0.0033247990232745835 0.014547316445362562 0.708409849639784
0.043380943000000005 -0.7057758900857982 -0.003172366807234483 0.01441210958802036 0.7082814554678549
0.043525374000000006 -0.7044507516830913 -0.004697362459529364 0.01576475824001826 0.7095622211171375
0.043680133 -0.7025894422727694 -0.006834854089306818 0.017660617242063883 0.7113434212636301
0.043842178 -0.7037868159851677 -0.005460419268287835 0.016441563962023446 0.7101999552529961
0.044019796 -0.7056435404851964 -0.003324799056100136 0.014547316411261843 0.708409849640718
0.044192737 -0.7051137768999967 -0.0039346777929430265 0.015088272945049412 0.7089227207220993
0.044374355000000004 -0.7056435404853943 -0.0033247990489590432 0.014547316418502631 0.7084098496404057
0.044522572 -0.7047160711144307 -0.004392243862340043 0.015494125573407415 0.7093066328320992
0.044681194 -0.7060404796439853 -0.002867547482157016 0.01414173462934054 0.7080244555219845
0.044854002000000004 -0.7067013133848478 -0.002105762472074903 0.013466024276210964 0.7073807218285887
0.045025132 -0.7063049229305383 -0.0025627882774369184 0.013871411532050185 0.7077671735129005
0.045188574 -0.7055111543537068 -0.003477246303288107 0.014682536158470419 0.7085381732642229
0.045339895000000005 -0.7072293211153575 -0.0014966062690496605 0.012925690146769822 0.7068644665412288
0.045485564000000006 -0.7073612313808738 -0.0013443550625835824 0.012790639245370562 0.7067352266559908
0.045619081000000006 -0.7068333702931859 -0.001953450722625128 0.013330921206473263 0.7072517636669684
0.045783135 -0.7067013133851332 -0.00210576246085016 0.013466024288059486 0.7073807218281114
0.045972095000000004 -0.7073612313813225 -0.0013443550555195176 0.012790639253442074 0.706735226655409
0.046159468 -0.7076249418250843 -0.0010398981728315037 0.012520576659764302 0.7064765356888674
0.046328474 -0.7093354754639795 0.0009375854064296916 0.010766450335415987 0.704788186428427
0.046466943000000004 -0.7103850156487457 0.0021532097395802127 0.009688098598568248 0.7037433011937617
0.04661523 -0.7118242682466777 0.0038230757569317976 0.008206759355914672 0.7022992555369206
0.046793737 -0.7145594496880638 0.007005743677303774 0.005383282486497617 0.6995189294698823
0.046975222000000004 -0.7161150191867297 0.00882127523034248 0.0037725721372011464 0.6979163503586733
0.047148772000000005 -0.7157266324125131 0.00836760788072806 0.0041750637628878646 0.6983179359263041
0.04731283 -0.7154675204949477 0.008065082996214076 0.004443460514034857 0.6985853113340821
0.047469041000000003 -0.7172781525080026 0.010181410313028811 0.0025658454100579544 0.6967078349323167
0.047610673000000006 -0.7184382384410407 0.011540237693671072 0.0013602473238575922 0.6954936880999899
0.047758046000000005 -0.7189528517027466 0.012143738793686874 0.0008247903996836336 0.6949522619269585
0.047937067 -0.7195952681470141 0.012897748072636285 0.00015578613124948024 0.6942739184830171
0.048129092000000005 -0.7201085202528617 0.013500660856020561 -0.00037916286143372654 0.6937299960728304
0.048292408 -0.720108520252933 0.013500660862281058 -0.000379162854797042 0.6937299960726382
0.048458783000000005 -0.7207492328054774 0.014253932150313104 -0.001047529935200387 0.693048534743134
0.048608877 -0.7212611198418566 0.014856252461265497 -0.001581967365825229 0.6925021199581498
0.048754006 -0.721644636193061 0.015307819076033983 -0.001982645492407093 0.692091582701142
0.048942557000000005 -0.7216446361932447 0.01530781907283768 -0.001982645495507524 0.6920915827010122
0.049124433 -0.7211332050481817 0.014705697163104494 -0.0014483794044413642 0.6926388274165587
0.049280153 -0.7211332050481224 0.014705697169033215 -0.0014483793988582453 0.6926388274165062
0.049444468000000005 -0.7198519699283177 0.013199237289109949 -0.00011171666038807604 0.6940020958503614
0.049608305000000005 -0.7184382384409944 0.011540237716311817 0.001360247345946663 0.695493688099619
0.049773119000000005 -0.7181807053745752 0.011238389571509971 0.0016280600801412879 0.695763984730377
0.049958299000000005 -0.7170199414796015 0.00987927078389586 0.0028339096867567586 0.6969768808828992
0.050125417000000005 -0.7154675204949139 0.008065083001490973 0.00444346051916566 0.6985853113340231
0.050299566000000004 -0.7146892862860704 0.007157125594699942 0.005248981024210881 0.699385764667352
0.050458515 -0.7145594496878764 0.007005743675578944 0.005383282483694326 0.6995189294701127
0.050610805 -0.7123465203905152 0.00442983248003568 0.007668493472526539 0.7017720468069291
0.050775282000000005 -0.7106470311916605 0.002456961420765671 0.00941864374717622 0.7034813782531989
0.050953737000000006 -0.7101228522055656 0.0018493961703520856 0.009957606747278674 0.7040049435743364
0.051138732000000006 -0.7086783139618863 0.0001773204733136878 0.011440850832017886 0.7054389575362476
0.051313548 -0.7073612313803761 -0.0013443550698884553 0.01279063923657321 0.7067352266566345
0.051463486 -0.7084151915703706 -0.00012689266663456914 0.0117107034055803 0.7056987740362834
0.051632483 -0.7082835751830984 -0.00027902216091223506 0.011845649429947737 0.705828576824476
0.051797302 -0.7090727214059902 0.000633525385911843 0.011036170845667893 0.7050487056484496
0.051982234 -0.7085467711672253 2.522152354387435e-05 0.011575770509577274 0.7055689009370272
0.052152176 -0.7089412890931687 0.00048147239740824584 0.011171050967374809 0.7051788598813294
0.052320507 -0.7086783139612816 0.00017732044765836035 0.01144085080479821 0.7054389575373029
0.052480154 -0.7089412890927607 0.00048147238149894305 0.011171050950771932 0.7051788598820135
0.052632899000000004 -0.7090727214055221 0.0006335253765983707 0.011036170835501386 0.7050487056490878
0.052785582000000004 -0.7106470311910829 0.002456961396290912 0.0094186437212776 0.7034813782542145
0.052946847000000005 -0.7111706181862574 0.0030642787790582113 0.0088798943843665 0.702956691055618
0.053134193 -0.7115629194658207 0.0035196036779556687 0.008475973056157483 0.7025624398670767
0.053298990000000004 -0.7109088987366771 0.002760651111422031 0.00914924228858023 0.7032191748437974
0.053477345 -0.7105160419131649 0.0023050932725185887 0.009553364452853146 0.7036123747893338
0.053646302 -0.7113014223443823 0.003216069314137433 0.008745240535654016 0.7028253440485759
0.053815076 -0.7118242682457482 0.0038230757393691015 0.00820675933526798 0.7022992555381996
0.053987378 -0.7123465203897407 0.00442983244788297 0.00766849343880944 0.7017720468082863
