0 -0.7067529998956005 0.00035399999994770805 0.0003529999999478558 0.7074602089259648
0.0008119140000000001 -0.7067529994947281 0.00035400000014773045 0.00035299999974726685 0.7074602093264364
0.001107436 -0.706752999093856 0.00035400000034775306 0.0003529999995466778 0.7074602097269079
0.001353952 -0.7067529986929834 0.0003540000005477755 0.0003529999993460884 0.7074602101273797
0.001538405 -0.7067529982921114 0.00035400000074779797 0.00035299999914549957 0.7074602105278511
0.001734436 -0.7067529978912379 0.0003540000009478201 0.00035299999894490976 0.7074602109283232
0.0019133770000000002 -0.7067529974903665 0.0003540000011478429 0.0003529999987443214 0.7074602113287944
0.00208733 -0.7067529970894941 0.00035400000134786527 0.00035299999854373235 0.707460211729266
0.0022359890000000003 -0.7067529966886222 0.00035400000154788794 0.0003529999983431433 0.7074602121297374
0.002377506 -0.7067529962877493 0.00035400000174791 0.0003529999981425541 0.7074602125302092
0.0025128050000000003 -0.7067529958868771 0.0003540000019479327 0.00035299999794196507 0.707460212930681
0.002667276 -0.7067529954860049 0.00035400000214795514 0.0003529999977413759 0.7074602133311524
0.002811769 -0.7067529950851325 0.0003540000023479774 0.00035299999754078657 0.707460213731624
0.002982081 -0.7067529946842607 0.00035400000254800015 0.00035299999734019773 0.7074602141320955
0.0031317750000000003 -0.7067529942833879 0.0003540000027480226 0.00035299999713960895 0.7074602145325674
0.003291618 -0.7067529938825153 0.0003540000029480449 0.0003529999969390196 0.707460214933039
0.0034424480000000003 -0.7067529934816436 0.00035400000314806757 0.0003529999967384306 0.7074602153335102
0.0035821100000000003 -0.706752993080771 0.00035400000334809013 0.0003529999965378411 0.707460215733982
0.0037184590000000003 -0.7067529926798987 0.0003540000035481122 0.0003529999963372523 0.7074602161344535
0.003879477 -0.706752992279026 0.0003540000037481346 0.0003529999961366632 0.7074602165349253
0.004030257000000001 -0.7067529918781541 0.0003540000039481574 0.00035299999593607433 0.7074602169353967
0.004189202 -0.7067529914772818 0.00035400000414818005 0.0003529999957354853 0.7074602173358684
0.004343889 -0.7067529910764094 0.00035400000434820245 0.000352999995534896 0.70746021773634
0.004484364 -0.7067529906755379 0.0003540000045482253 0.0003529999953343077 0.7074602181368113
0.0046304530000000005 -0.7067529902746644 0.00035400000474824714 0.0003529999951337179 0.7074602185372834
0.0047888720000000004 -0.7067529898737924 0.00035400000494826964 0.0003529999949331287 0.7074602189377548
0.00497091 -0.7067529894729203 0.0003540000051482922 0.00035299999473253994 0.7074602193382263
0.005137509 -0.7067529890720475 0.00035400000534831444 0.00035299999453195055 0.7074602197386981
0.005274089 -0.7067529886711753 0.00035400000554833695 0.0003529999943313618 0.7074602201391698
0.005422473000000001 -0.7067529882703034 0.0003540000057483596 0.00035299999413077276 0.7074602205396412
0.005572906000000001 -0.7067529878694315 0.00035400000594838245 0.00035299999393018403 0.7074602209401125
0.0057091730000000005 -0.706752987468558 0.00035400000614840404 0.00035299999372959416 0.7074602213405847
0.0058913820000000006 -0.7067529870676859 0.00035400000634842687 0.00035299999352900527 0.7074602217410563
0.006052653000000001 -0.7067529866668134 0.00035400000654844905 0.00035299999332841605 0.7074602221415278
0.006193141 -0.7067529862659415 0.0003540000067484714 0.000352999993127827 0.7074602225419993
0.006345535 -0.7067529858650701 0.0003540000069484946 0.0003529999929272384 0.7074602229424706
0.006501304 -0.706752985464197 0.0003540000071485165 0.00035299999272664915 0.7074602233429425
0.006642671 -0.7067529850633247 0.0003540000073485393 0.00035299999252605977 0.7074602237434139
0.006791040000000001 -0.7067529846624531 0.00035400000754856186 0.0003529999923254713 0.7074602241438852
0.006950607 -0.70675298426158 0.00035400000774858404 0.00035299999212488187 0.7074602245443572
0.0071113850000000004 -0.7067529838607078 0.0003540000079486067 0.00035299999192429276 0.7074602249448287
0.007252740000000001 -0.7067529834598352 0.00035400000814862895 0.0003529999917237036 0.7074602253453004
0.007396482 -0.7067529830589626 0.0003540000083486516 0.00035299999152311453 0.707460225745772
0.007538896000000001 -0.7067529826580908 0.0003540000085486743 0.00035299999132252613 0.7074602261462435
0.007670357000000001 -0.706752982257218 0.00035400000874869647 0.00035299999112193653 0.7074602265467151
0.007837687000000001 -0.7067529818563458 0.0003540000089487187 0.00035299999092134736 0.7074602269471867
0.008014323 -0.706752981455473 0.0003540000091487412 0.0003529999907207582 0.7074602273476586
0.008162945000000001 -0.7067529810546015 0.00035400000934876394 0.00035299999052016963 0.7074602277481297
0.00831027 -0.7067529806537285 0.00035400000954878617 0.0003529999903195802 0.7074602281486017
0.008474474000000001 -0.7067529802528556 0.00035400000974880835 0.0003529999901189909 0.7074602285490734
0.008634332 -0.7067529798519843 0.0003540000099488315 0.0003529999899184021 0.7074602289495447
0.008770539 -0.7067529794511112 0.0003540000101488536 0.00035299998971781264 0.7074602293500166
0.00893477 -0.706752979050239 0.00035400001034887593 0.00035299998951722353 0.7074602297504878
0.00910297 -0.7067529786493664 0.00035400001054889833 0.0003529999893166344 0.7074602301509599
0.009277073 -0.7067529782484939 0.00035400001074892073 0.00035299998911604536 0.7074602305514314
0.00944785 -0.7067529778476224 0.00035400001094894367 0.00035299998891545636 0.7074602309519026
0.009610214 -0.7067529774467498 0.0003540000111489656 0.00035299998871486725 0.7074602313523742
0.009769603 -0.7067529770458769 0.0003540000113489881 0.0003529999885142779 0.707460231752846
0.009921175 -0.706752976645005 0.00035400001154901114 0.0003529999883136891 0.7074602321533174
0.01009428 -0.7067529762441318 0.00035400001174903316 0.0003529999881130994 0.7074602325537893
0.010248041000000001 -0.7067529758432607 0.00035400001194905626 0.0003529999879125108 0.7074602329542606
0.010411100000000001 -0.7067529754423879 0.00035400001214907817 0.0003529999877119215 0.7074602333547323
0.010554597 -0.7067529750415154 0.0003540000123491003 0.000352999987511332 0.7074602337552037
0.010711724 -0.706752974640643 0.0003540000125491228 0.00035299998731074287 0.7074602341556755
0.010874328 -0.70675297423977 0.000354000012749145 0.0003529999871101536 0.7074602345561474
0.01104269 -0.7067529738388979 0.0003540000129491677 0.0003529999869095645 0.7074602349566188
0.011215826 -0.706752973438026 0.00035400001314919054 0.00035299998670897576 0.7074602353570904
0.011369738 -0.7067529730371536 0.00035400001334921294 0.0003529999865083866 0.707460235757562
0.011517237000000001 -0.7067529726362818 0.00035400001354923545 0.00035299998630779775 0.7074602361580333
0.011661505 -0.7067529722354088 0.0003540000137492578 0.00035299998610720804 0.7074602365585051
0.011833910000000001 -0.7067529718345363 0.00035400001394928003 0.00035299998590661893 0.7074602369589768
0.0120081 -0.7067529714336642 0.0003540000141493027 0.00035299998570602977 0.7074602373594482
0.012167805 -0.7067529710327917 0.0003540000143493251 0.00035299998550544065 0.7074602377599197
0.012318448000000001 -0.7067529706319197 0.00035400001454934755 0.00035299998530485165 0.7074602381603913
0.012488810000000001 -0.7067529702310469 0.00035400001474937006 0.0003529999851042627 0.7074602385608632
0.012638566 -0.7067529698301739 0.00035400001494939213 0.0003529999849036728 0.7074602389613349
0.012787986000000001 -0.7067529694293021 0.00035400001514941486 0.00035299998470308405 0.7074602393618064
0.012956619 -0.7067529690284293 0.0003540000153494371 0.00035299998450249504 0.707460239762278
0.013114013 -0.7067529686275575 0.00035400001554946003 0.00035299998430190604 0.7074602401627493
0.013281586000000001 -0.7067529682266849 0.00035400001574948227 0.0003529999841013167 0.7074602405632211
0.013441452000000001 -0.7067529678258127 0.0003540000159495048 0.00035299998390072776 0.7074602409636926
0.013612141000000001 -0.7067529674249403 0.00035400001614952723 0.0003529999837001385 0.7074602413641642
0.013774621 -0.706752967024068 0.0003540000163495498 0.0003529999834995493 0.7074602417646358
0.013984332 -0.7067529666231958 0.00035400001654957214 0.0003529999832989601 0.7074602421651072
0.014146009000000001 -0.7067529662223236 0.00035400001674959475 0.0003529999830983712 0.7074602425655787
0.014298044000000001 -0.7067529658214506 0.0003540000169496167 0.00035299998289778215 0.7074602429660505
0.014453051000000001 -0.7067529654205789 0.0003540000171496394 0.0003529999826971929 0.7074602433665219
0.014593866 -0.7067529650197067 0.0003540000173496622 0.00035299998249660393 0.7074602437669935
0.014738074 -0.7067529646188334 0.0003540000175496842 0.0003529999822960145 0.7074602441674654
0.014898843 -0.7067529642179617 0.00035400001774970685 0.00035299998209542544 0.7074602445679368
0.015076491000000001 -0.7067529638170897 0.00035400001794972936 0.0003529999818948367 0.7074602449684082
0.015232200000000001 -0.706752963416217 0.00035400001814975187 0.0003529999816942472 0.70746024536888
0.015373739 -0.7067529630153447 0.000354000018349774 0.00035299998149365805 0.7074602457693514
0.015527601 -0.7067529626144726 0.0003540000185497967 0.0003529999812930692 0.7074602461698232
0.015677059 -0.7067529622135997 0.00035400001874981896 0.0003529999810924799 0.7074602465702949
0.015846579 -0.706752961812728 0.00035400001894984157 0.00035299998089189066 0.7074602469707661
0.016018749000000002 -0.7067529614118552 0.00035400001914986424 0.00035299998069130155 0.707460247371238
0.016202093 -0.7067529610109823 0.0003540000193498862 0.0003529999804907124 0.7074602477717097
0.016336692 -0.7067529606101103 0.00035400001954990893 0.00035299998029012327 0.7074602481721812
0.016483077000000002 -0.706752960209238 0.00035400001974993133 0.00035299998008953416 0.7074602485726528
0.016629701 -0.7067529598083659 0.0003540000199499538 0.0003529999798889452 0.7074602489731243
0.016773820000000002 -0.7067529594074932 0.000354000020149976 0.00035299997968835567 0.7074602493735961
0.016945331 -0.7067529590066212 0.0003540000203499988 0.000352999979487767 0.7074602497740675
0.017112046000000002 -0.7067529586057488 0.00035400002055002114 0.000352999979287178 0.7074602501745391
0.017259267000000002 -0.7067529582048756 0.000354000020750043 0.0003529999790865882 0.7074602505750109
0.017392473000000002 -0.706752957804004 0.0003540000209500661 0.0003529999788859995 0.7074602509754824
0.017549033000000002 -0.706752957403132 0.00035400002115008866 0.00035299997868541054 0.7074602513759536
0.017692808 -0.7067529570022594 0.00035400002135011085 0.00035299997848482105 0.7074602517764256
0.017864902000000002 -0.7067529566013872 0.00035400002155013325 0.00035299997828423227 0.707460252176897
0.018051845 -0.7067529562005154 0.00035400002175015635 0.00035299997808364343 0.7074602525773681
0.018208385 -0.7067529557996428 0.0003540000219501786 0.0003529999778830541 0.70746025297784
0.018361055 -0.7067529553987703 0.0003540000221502009 0.0003529999776824647 0.7074602533783116
0.018512973000000002 -0.7067529549978984 0.00035400002235022355 0.00035299997748187615 0.7074602537787831
0.018659755 -0.7067529545970258 0.0003540000225502459 0.00035299997728128655 0.7074602541792545
0.018822792 -0.706752954196153 0.0003540000227502682 0.0003529999770806975 0.7074602545797264
0.018996141 -0.7067529537952812 0.0003540000229502909 0.0003529999768801085 0.7074602549801977
0.019171068000000003 -0.706752953394409 0.0003540000231503134 0.00035299997667951954 0.7074602553806693
0.019340124 -0.7067529529935361 0.00035400002335033554 0.0003529999764789301 0.707460255781141
0.019496746000000002 -0.7067529525926642 0.00035400002355035826 0.0003529999762783411 0.7074602561816127
0.019643515 -0.7067529521917906 0.00035400002375038007 0.0003529999760777512 0.7074602565820848
0.019804754 -0.7067529517909197 0.0003540000239504032 0.0003529999758771629 0.7074602569825555
0.019980788000000003 -0.7067529513900467 0.00035400002415042546 0.0003529999756765735 0.7074602573830276
0.020147154 -0.7067529509891747 0.00035400002435044797 0.00035299997547598466 0.707460257783499
0.020294878000000002 -0.7067529505883025 0.00035400002455047053 0.0003529999752753956 0.7074602581839704
0.020434605 -0.70675295018743 0.0003540000247504928 0.0003529999750748061 0.707460258584442
0.020576913000000002 -0.7067529497865569 0.00035400002495051484 0.00035299997487421667 0.707460258984914
0.020722581 -0.7067529493856856 0.0003540000251505376 0.00035299997467362816 0.707460259385385
0.020902142000000002 -0.7067529489848128 0.0003540000253505601 0.00035299997447303904 0.7074602597858567
0.021065292000000003 -0.7067529485839407 0.00035400002555058263 0.0003529999742724499 0.7074602601863283
0.021227428000000003 -0.706752948183068 0.000354000025750605 0.0003529999740718606 0.7074602605868
0.021376911000000002 -0.7067529477821958 0.0003540000259506274 0.0003529999738712714 0.7074602609872714
0.021526103 -0.7067529473813232 0.0003540000261506499 0.00035299997367068217 0.707460261387743
0.021703738 -0.7067529469804511 0.0003540000263506725 0.0003529999734700935 0.7074602617882145
0.02187725 -0.7067529465795788 0.0003540000265506952 0.00035299997326950443 0.7074602621886862
0.022038845 -0.7067529461787055 0.00035400002675071713 0.0003529999730689149 0.7074602625891578
0.022195476000000002 -0.7067529457778339 0.00035400002695073975 0.00035299997286832605 0.7074602629896294
0.022344431 -0.7067529453769614 0.0003540000271507621 0.000352999972667737 0.7074602633901009
0.02251736 -0.7067529449760888 0.0003540000273507847 0.0003529999724671476 0.7074602637905725
0.022662632000000002 -0.7067529445752168 0.0003540000275508072 0.0003529999722665588 0.707460264191044
0.022795724 -0.7067529441743442 0.00035400002775082967 0.00035299997206596944 0.7074602645915158
0.022969917000000003 -0.7067529437734712 0.0003540000279508518 0.0003529999718653803 0.7074602649919877
0.023118759000000003 -0.7067529433725993 0.00035400002815087436 0.00035299997166479116 0.707460265392459
0.023287702 -0.7067529429717266 0.0003540000283508967 0.00035299997146420205 0.7074602657929306
0.023452348 -0.7067529425708541 0.00035400002855091937 0.000352999971263613 0.7074602661934022
0.023595925 -0.7067529421699819 0.00035400002875094155 0.00035299997106302394 0.7074602665938737
0.023742033000000003 -0.7067529417691097 0.0003540000289509641 0.000352999970862435 0.7074602669943449
0.023926529000000002 -0.7067529413682376 0.0003540000291509865 0.000352999970661846 0.7074602673948165
0.024072153000000002 -0.7067529409673651 0.0003540000293510089 0.0003529999704612567 0.7074602677952884
0.024241205000000002 -0.7067529405664928 0.0003540000295510317 0.0003529999702606679 0.7074602681957599
0.024389498000000003 -0.7067529401656203 0.000354000029751054 0.00035299997006007865 0.7074602685962312
0.024540758000000003 -0.7067529397647474 0.000354000029951076 0.0003529999698594892 0.7074602689967031
0.024678138000000002 -0.7067529393638761 0.00035400003015109905 0.0003529999696589006 0.7074602693971742
0.024841357 -0.706752938963003 0.0003540000303511214 0.0003529999694583111 0.7074602697976462
0.024998217000000003 -0.7067529385621314 0.0003540000305511442 0.0003529999692577224 0.7074602701981175
0.025152347000000002 -0.7067529381612586 0.00035400003075116646 0.00035299996905713315 0.7074602705985893
0.025311473 -0.7067529377603863 0.0003540000309511888 0.0003529999688565439 0.7074602709990608
0.025466062 -0.7067529373595133 0.000354000031151211 0.00035299996865595444 0.7074602713995325
0.025610839000000003 -0.7067529369586412 0.0003540000313512337 0.00035299996845536565 0.707460271800004
0.02575681 -0.7067529365577682 0.00035400003155125573 0.00035299996825477627 0.7074602722004757
0.025939543000000002 -0.7067529361568962 0.0003540000317512782 0.00035299996805418754 0.7074602726009475
0.026114605000000003 -0.7067529357560237 0.00035400003195130053 0.0003529999678535981 0.7074602730014188
0.026272861 -0.7067529353551512 0.0003540000321513234 0.0003529999676530092 0.7074602734018907
0.026434337000000002 -0.7067529349542787 0.0003540000323513456 0.0003529999674524198 0.7074602738023622
0.026564745 -0.7067529345534065 0.00035400003255136784 0.00035299996725183044 0.7074602742028335
0.026715333 -0.7067529341525343 0.00035400003275139045 0.00035299996705124166 0.7074602746033052
0.026897746 -0.7067529337516617 0.0003540000329514129 0.00035299996685065233 0.7074602750037767
0.027078968000000002 -0.7067529333507904 0.00035400003315143574 0.0003529999666500639 0.7074602754042477
0.027234919000000003 -0.7067529329499171 0.00035400003335145787 0.00035299996644947454 0.7074602758047198
0.027380643000000003 -0.706752932549045 0.0003540000335514803 0.00035299996624888543 0.7074602762051913
0.027510992 -0.7067529321481726 0.000354000033751503 0.00035299996604829626 0.7074602766056628
0.027665715 -0.7067529317472996 0.000354000033951525 0.000352999965847707 0.7074602770061346
0.027822051 -0.7067529313464278 0.00035400003415154773 0.0003529999656471179 0.7074602774066059
0.027999605 -0.706752930945555 0.0003540000343515701 0.000352999965446529 0.7074602778070778
0.028165612000000003 -0.7067529305446832 0.00035400003455159264 0.0003529999652459399 0.7074602782075491
0.028308157 -0.7067529301438105 0.000354000034751615 0.0003529999650453506 0.7074602786080206
0.028444601000000003 -0.7067529297429381 0.0003540000349516373 0.0003529999648447614 0.7074602790084923
0.028587088 -0.7067529293420652 0.00035400003515165983 0.0003529999646441723 0.707460279408964
0.028727548000000002 -0.7067529289411938 0.00035400003535168234 0.0003529999644435838 0.7074602798094353
0.028898661000000003 -0.7067529285403217 0.000354000035551705 0.0003529999642429945 0.7074602802099067
0.029081631 -0.7067529281394486 0.00035400003575172714 0.00035299996404240537 0.7074602806103787
0.029246766 -0.7067529277385768 0.00035400003595175 0.00035299996384181625 0.7074602810108499
0.029408052 -0.7067529273377042 0.00035400003615177205 0.0003529999636412271 0.7074602814113216
0.029553313 -0.706752926936832 0.0003540000363517946 0.00035299996344063803 0.707460281811793
0.029700007 -0.7067529265359586 0.0003540000365518167 0.00035299996324004865 0.7074602822122652
0.029855498 -0.7067529261350867 0.0003540000367518394 0.0003529999630394594 0.7074602826127366
0.030011006000000003 -0.7067529257342148 0.000354000036951862 0.00035299996283887097 0.7074602830132078
0.030176635 -0.706752925333342 0.00035400003715188436 0.00035299996263828137 0.7074602834136797
0.030334225000000003 -0.7067529249324701 0.000354000037351907 0.0003529999624376926 0.707460283814151
0.030481386000000003 -0.7067529245315974 0.00035400003755192943 0.0003529999622371035 0.7074602842146227
0.030621836000000003 -0.7067529241307255 0.00035400003775195205 0.0003529999620365145 0.7074602846150941
0.030784713000000002 -0.7067529237298528 0.00035400003795197434 0.0003529999618359253 0.707460285015566
0.030954541000000002 -0.7067529233289809 0.00035400003815199663 0.0003529999616353363 0.7074602854160371
0.03112213 -0.7067529229281077 0.0003540000383520188 0.0003529999614347468 0.707460285816509
0.031274397 -0.7067529225272352 0.000354000038552041 0.0003529999612341575 0.7074602862169806
0.031427898 -0.7067529221263632 0.000354000038752064 0.0003529999610335687 0.7074602866174522
0.031573757 -0.7067529217254905 0.00035400003895208617 0.00035299996083297915 0.7074602870179237
0.031715318 -0.7067529213246189 0.0003540000391521088 0.00035299996063239064 0.7074602874183951
0.031892311 -0.7067529209237461 0.00035400003935213113 0.00035299996043180136 0.7074602878188669
0.032054867 -0.7067529205228738 0.0003540000395521537 0.00035299996023121247 0.7074602882193384
0.032215607 -0.7067529201220005 0.00035400003975217577 0.00035299996003062287 0.7074602886198104
0.032387286 -0.7067529197211289 0.00035400003995219844 0.00035299995983003403 0.7074602890202816
0.032526643 -0.7067529193202565 0.0003540000401522209 0.000352999959629445 0.7074602894207532
0.032681417000000004 -0.7067529189193843 0.00035400004035224334 0.000352999959428856 0.7074602898212247
0.032840965 -0.7067529185185133 0.0003540000405522664 0.0003529999592282675 0.7074602902216957
0.033017888 -0.7067529181176399 0.00035400004075228825 0.0003529999590276779 0.7074602906221678
0.033173541 -0.7067529177167673 0.0003540000409523108 0.0003529999588270887 0.7074602910226393
0.03333398 -0.7067529173158951 0.0003540000411523332 0.00035299995862649985 0.7074602914231108
0.033483428 -0.7067529169150228 0.0003540000413523557 0.0003529999584259107 0.7074602918235824
0.033630006000000004 -0.7067529165141505 0.0003540000415523782 0.00035299995822532173 0.7074602922240538
0.033771858 -0.7067529161132781 0.00035400004175240057 0.0003529999580247325 0.7074602926245255
0.033946741 -0.7067529157124053 0.00035400004195242275 0.0003529999578241434 0.7074602930249972
0.034106865 -0.706752915311533 0.0003540000421524453 0.00035299995762355424 0.7074602934254688
0.034267338 -0.7067529149106608 0.0003540000423524677 0.00035299995742296534 0.70746029382594
0.034425679 -0.7067529145097882 0.00035400004255249016 0.0003529999572223759 0.7074602942264118
0.034577372 -0.7067529141089155 0.0003540000427525123 0.0003529999570217867 0.7074602946268834
0.034726316 -0.7067529137080435 0.00035400004295253507 0.00035299995682119785 0.7074602950273551
0.034900279 -0.706752913307171 0.0003540000431525573 0.0003529999566206088 0.7074602954278265
0.035064421000000005 -0.7067529129062989 0.0003540000433525801 0.00035299995642001984 0.707460295828298
0.035227309000000005 -0.7067529125054264 0.0003540000435526027 0.00035299995621943084 0.7074602962287695
0.035375128 -0.7067529121045543 0.0003540000437526252 0.0003529999560188414 0.707460296629241
0.035528497 -0.706752911703681 0.00035400004395264706 0.00035299995581825186 0.7074602970297129
0.03567853 -0.7067529113028083 0.0003540000441526692 0.0003529999556176626 0.7074602974301846
0.035839259000000005 -0.7067529109019368 0.00035400004435269235 0.00035299995541707374 0.7074602978306558
0.036006296 -0.706752910501064 0.00035400004455271475 0.0003529999552164847 0.7074602982311273
0.03618345 -0.7067529101001914 0.000354000044752737 0.0003529999550158955 0.707460298631599
0.036328522 -0.7067529096993197 0.0003540000449527599 0.00035299995481530657 0.7074602990320704
0.036478764000000004 -0.7067529092984471 0.00035400004515278227 0.00035299995461471714 0.707460299432542
0.03664042 -0.7067529088975744 0.0003540000453528044 0.00035299995441412775 0.7074602998330136
0.036791225000000004 -0.7067529084967021 0.00035400004555282696 0.0003529999542135389 0.707460300233485
0.036959918 -0.7067529080958294 0.00035400004575284903 0.0003529999540129495 0.7074603006339568
0.03712987 -0.7067529076949579 0.000354000045952872 0.00035299995381236085 0.7074603010344278
0.037292625 -0.7067529072940855 0.0003540000461528945 0.0003529999536117717 0.7074603014348995
0.037446323000000004 -0.7067529068932129 0.0003540000463529169 0.0003529999534111826 0.7074603018353712
0.037594583 -0.7067529064923405 0.0003540000465529394 0.0003529999532105932 0.7074603022358427
0.03774901 -0.7067529060914676 0.0003540000467529615 0.00035299995301000403 0.7074603026363142
0.037915765000000004 -0.7067529056905951 0.00035400004695298375 0.0003529999528094146 0.707460303036786
0.038086025 -0.7067529052897232 0.0003540000471530064 0.0003529999526088255 0.7074603034372575
0.038232765 -0.7067529048888508 0.00035400004735302904 0.00035299995240823675 0.707460303837729
0.038387719 -0.7067529044879776 0.000354000047553051 0.00035299995220764726 0.7074603042382008
0.038540181 -0.7067529040871053 0.0003540000477530734 0.0003529999520070579 0.7074603046386723
0.038691764000000003 -0.7067529036862331 0.00035400004795309585 0.00035299995180646887 0.7074603050391437
0.038863203000000006 -0.7067529032853603 0.00035400004815311847 0.00035299995160587976 0.7074603054396155
0.039041192 -0.7067529028844878 0.00035400004835314065 0.0003529999514052903 0.7074603058400872
0.039202092 -0.7067529024836153 0.00035400004855316316 0.00035299995120470116 0.7074603062405588
0.039350485000000004 -0.7067529020827431 0.00035400004875318566 0.00035299995100411194 0.7074603066410302
0.039515488 -0.7067529016818714 0.0003540000489532085 0.0003529999508035232 0.7074603070415013
0.039660581 -0.706752901280999 0.00035400004915323095 0.00035299995060293426 0.7074603074419731
0.039829627 -0.7067529008801265 0.0003540000493532532 0.0003529999504023449 0.7074603078424446
0.040004513000000005 -0.7067529004792542 0.00035400004955327575 0.0003529999502017556 0.707460308242916
0.040179123000000004 -0.7067529000783821 0.00035400004975329825 0.0003529999500011668 0.7074603086433873
0.040335879000000005 -0.7067528996775092 0.00035400004995332044 0.00035299994980057727 0.7074603090438591
0.040489265 -0.7067528992766371 0.00035400005015334305 0.0003529999495999883 0.7074603094443308
0.040627125 -0.7067528988757646 0.0003540000503533655 0.00035299994939939916 0.7074603098448023
0.040772806 -0.7067528984748925 0.0003540000505533879 0.0003529999491988105 0.7074603102452736
0.040950864000000003 -0.7067528980740203 0.0003540000507534106 0.00035299994899822126 0.7074603106457451
0.041116061 -0.7067528976731482 0.00035400005095343276 0.000352999948797632 0.7074603110462165
0.041274623 -0.7067528972722752 0.0003540000511534551 0.00035299994859704255 0.7074603114466884
0.04142796 -0.7067528968714025 0.00035400005135347745 0.00035299994839645344 0.70746031184716
0.04157269 -0.7067528964705303 0.00035400005155350017 0.00035299994819586444 0.7074603122476316
0.041719729000000004 -0.7067528960696581 0.00035400005175352235 0.00035299994799527527 0.707460312648103
0.04189918 -0.7067528956687854 0.000354000051953545 0.00035299994779468594 0.7074603130485745
0.042079281 -0.7067528952679127 0.00035400005215356715 0.0003529999475940967 0.7074603134490465
0.042244891 -0.7067528948670413 0.00035400005235358993 0.0003529999473935078 0.7074603138495175
0.042410552000000004 -0.7067528944661688 0.00035400005255361265 0.0003529999471929188 0.7074603142499889
0.042563209000000005 -0.7067528940652956 0.0003540000527536347 0.0003529999469923294 0.7074603146504609
0.042698230000000004 -0.7067528936644235 0.00035400005295365707 0.00035299994679174033 0.7074603150509324
0.042883684000000005 -0.7067528932635515 0.0003540000531536797 0.0003529999465911513 0.7074603154514036
0.043059449 -0.7067528928626792 0.0003540000533537021 0.0003529999463905622 0.7074603158518753
0.043230912 -0.7067528924618067 0.00035400005355372454 0.0003529999461899727 0.7074603162523468
0.043380943000000005 -0.7067528920609341 0.00035400005375374694 0.0003529999459893837 0.7074603166528185
0.043525374000000006 -0.7067528916600619 0.00035400005395376944 0.0003529999457887946 0.7074603170532899
0.043680133 -0.7067528912591893 0.0003540000541537917 0.0003529999455882055 0.7074603174537616
0.043842178 -0.7067528908583167 0.000354000054353814 0.00035299994538761606 0.7074603178542334
0.044019796 -0.7067528904574449 0.0003540000545538366 0.0003529999451870274 0.7074603182547045
0.044192737 -0.7067528900565724 0.0003540000547538588 0.00035299994498643795 0.7074603186551761
0.044374355000000004 -0.7067528896556999 0.0003540000549538815 0.0003529999447858488 0.7074603190556478
0.044522572 -0.7067528892548269 0.00035400005515390356 0.0003529999445852595 0.7074603194561195
0.044681194 -0.7067528888539544 0.00035400005535392586 0.00035299994438467024 0.7074603198565912
0.044854002000000004 -0.7067528884530832 0.0003540000555539488 0.0003529999441840815 0.7074603202570622
0.045025132 -0.7067528880522101 0.00035400005575397114 0.0003529999439834923 0.7074603206575342
0.045188574 -0.7067528876513381 0.00035400005595399386 0.00035299994378290334 0.7074603210580054
0.045339895000000005 -0.7067528872504657 0.00035400005615401605 0.0003529999435823141 0.7074603214584769
0.045485564000000006 -0.7067528868495935 0.00035400005635403866 0.0003529999433817251 0.7074603218589484
0.045619081000000006 -0.7067528864487209 0.00035400005655406095 0.0003529999431811358 0.7074603222594201
0.045783135 -0.7067528860478495 0.00035400005675408395 0.000352999942980547 0.7074603226598912
0.045972095000000004 -0.706752885646976 0.00035400005695410575 0.00035299994277995756 0.7074603230603632
0.046159468 -0.7067528852461038 0.0003540000571541283 0.0003529999425793683 0.7074603234608348
0.046328474 -0.7067528848452315 0.0003540000573541508 0.000352999942378779 0.7074603238613062
0.046466943000000004 -0.7067528844443589 0.00035400005755417306 0.0003529999421781899 0.7074603242617779
0.04661523 -0.7067528840434869 0.0003540000577541956 0.0003529999419776011 0.7074603246622492
0.046793737 -0.7067528836426145 0.00035400005795421807 0.00035299994177701195 0.7074603250627206
0.046975222000000004 -0.7067528832417419 0.0003540000581542403 0.00035299994157642273 0.7074603254631923
0.047148772000000005 -0.7067528828408695 0.00035400005835426276 0.00035299994137583335 0.7074603258636639
0.04731283 -0.7067528824399968 0.0003540000585542851 0.00035299994117524424 0.7074603262641356
0.047469041000000003 -0.7067528820391252 0.0003540000587543078 0.0003529999409746552 0.7074603266646068
0.047610673000000006 -0.7067528816382522 0.00035400005895433006 0.000352999940774066 0.7074603270650787
0.047758046000000005 -0.7067528812373799 0.0003540000591543524 0.000352999940573477 0.7074603274655501
0.047937067 -0.7067528808365079 0.000354000059354375 0.00035299994037288785 0.7074603278660215
0.048129092000000005 -0.7067528804356357 0.00035400005955439764 0.0003529999401722989 0.707460328266493
0.048292408 -0.7067528800347629 0.0003540000597544199 0.00035299993997170935 0.7074603286669646
0.048458783000000005 -0.7067528796338903 0.00035400005995444233 0.0003529999397711203 0.7074603290674362
0.048608877 -0.7067528792330177 0.00035400006015446473 0.0003529999395705313 0.7074603294679078
0.048754006 -0.7067528788321454 0.00035400006035448707 0.0003529999393699422 0.7074603298683794
0.048942557000000005 -0.7067528784312734 0.00035400006055450963 0.0003529999391693533 0.7074603302688507
0.049124433 -0.7067528780304014 0.00035400006075453247 0.0003529999389687644 0.7074603306693219
0.049280153 -0.7067528776295278 0.00035400006095455427 0.0003529999387681745 0.7074603310697943
0.049444468000000005 -0.7067528772286562 0.0003540000611545769 0.0003529999385675856 0.7074603314702653
0.049608305000000005 -0.7067528768277833 0.0003540000613545994 0.00035299993836699657 0.707460331870737
0.049773119000000005 -0.7067528764269105 0.00035400006155462147 0.00035299993816640724 0.7074603322712087
0.049958299000000005 -0.7067528760260389 0.00035400006175464424 0.00035299993796581835 0.70746033267168
0.050125417000000005 -0.7067528756251665 0.0003540000619546667 0.00035299993776522935 0.7074603330721514
0.050299566000000004 -0.7067528752242939 0.00035400006215468926 0.00035299993756464013 0.7074603334726229
0.050458515 -0.7067528748234214 0.0003540000623547113 0.00035299993736405085 0.7074603338730946
0.050610805 -0.706752874422549 0.00035400006255473406 0.00035299993716346174 0.707460334273566
0.050775282000000005 -0.706752874021676 0.00035400006275475613 0.0003529999369628727 0.7074603346740379
0.050953737000000006 -0.7067528736208037 0.00035400006295477864 0.00035299993676228325 0.7074603350745094
0.051138732000000006 -0.7067528732199314 0.00035400006315480104 0.0003529999365616939 0.7074603354749809
0.051313548 -0.7067528728190584 0.00035400006335482365 0.00035299993636110497 0.7074603358754528
0.051463486 -0.7067528724181865 0.00035400006355484583 0.0003529999361605159 0.707460336275924
0.051632483 -0.706752872017314 0.00035400006375486856 0.0003529999359599268 0.7074603366763956
0.051797302 -0.7067528716164418 0.00035400006395489085 0.0003529999357593379 0.707460337076867
0.051982234 -0.7067528712155698 0.00035400006415491357 0.00035299993555874896 0.7074603374773382
0.052152176 -0.7067528708146971 0.00035400006435493586 0.0003529999353581594 0.70746033787781
0.052320507 -0.7067528704138237 0.0003540000645549579 0.0003529999351575699 0.7074603382782817
0.052480154 -0.7067528700129523 0.00035400006475498066 0.0003529999349569813 0.707460338678753
0.052632899000000004 -0.7067528696120797 0.00035400006495500295 0.000352999934756392 0.7074603390792245
0.052785582000000004 -0.7067528692112071 0.00035400006515502524 0.00035299993455580286 0.7074603394796963
0.052946847000000005 -0.7067528688103342 0.00035400006535504764 0.0003529999343552137 0.7074603398801681
0.053134193 -0.7067528684094624 0.0003540000655550701 0.00035299993415462464 0.7074603402806392
0.053298990000000004 -0.7067528680085899 0.00035400006575509276 0.00035299993395403564 0.7074603406811106
0.053477345 -0.7067528676077165 0.0003540000659551147 0.0003529999337534459 0.7074603410815826
0.053646302 -0.7067528672068455 0.0003540000661551376 0.00035299993355285747 0.7074603414820536
0.053815076 -0.7067528668059725 0.00035400006635515974 0.0003529999333522683 0.7074603418825253
0.053987378 -0.7067528664051003 0.0003540000665551824 0.00035299993315167914 0.7074603422829969
0.05415198500000001 -0.7067528660042283 0.00035400006675520514 0.0003529999329510903 0.7074603426834682
0.054314743000000006 -0.7067528656033553 0.00035400006695522716 0.0003529999327505007 0.7074603430839399
0.054485413 -0.7067528652024828 0.00035400006715524966 0.00035299993254991186 0.7074603434844114
0.054641775000000004 -0.7067528648016101 0.00035400006735527184 0.00035299993234932237 0.7074603438848832
0.054798947 -0.7067528644007381 0.00035400006755529457 0.00035299993214873326 0.7074603442853544
0.054981307 -0.7067528639998656 0.0003540000677553168 0.0003529999319481446 0.7074603446858262
0.055174895 -0.7067528635989935 0.0003540000679553394 0.00035299993174755547 0.7074603450862976
0.055337908000000005 -0.706752863198121 0.0003540000681553619 0.0003529999315469662 0.7074603454867691
0.055489781 -0.7067528627972487 0.00035400006835538416 0.000352999931346377 0.7074603458872405
0.055650716 -0.7067528623963764 0.00035400006855540667 0.00035299993114578797 0.707460346287712
0.055826484 -0.7067528619955036 0.00035400006875542896 0.0003529999309451986 0.7074603466881837
0.056000397 -0.7067528615946304 0.00035400006895545087 0.0003529999307446095 0.7074603470886555
0.05616846700000001 -0.7067528611937595 0.00035400006915547414 0.0003529999305440206 0.7074603474891265
0.056339903000000004 -0.7067528607928869 0.0003540000693554966 0.0003529999303434317 0.7074603478895981
0.056515304 -0.706752860392014 0.00035400006955551867 0.00035299993014284214 0.7074603482900698
0.056677347 -0.7067528599911411 0.00035400006975554096 0.000352999929942253 0.7074603486905415
0.056869457000000005 -0.7067528595902699 0.0003540000699555639 0.0003529999297416646 0.7074603490910124
0.057037109 -0.7067528591893968 0.0003540000701555859 0.0003529999295410749 0.7074603494914844
0.057211044 -0.7067528587885241 0.0003540000703556084 0.0003529999293404858 0.707460349891956
0.057350120000000004 -0.7067528583876518 0.0003540000705556308 0.00035299992913989653 0.7074603502924276
0.057508036000000005 -0.7067528579867787 0.00035400007075565306 0.0003529999289393073 0.7074603506928995
0.057670391 -0.7067528575859067 0.00035400007095567535 0.0003529999287387182 0.7074603510933708
0.05783908200000001 -0.7067528571850343 0.0003540000711556981 0.00035299992853812914 0.707460351493842
0.058023332000000004 -0.7067528567841626 0.00035400007135572047 0.00035299992833754014 0.7074603518943133
0.058187967 -0.7067528563832902 0.0003540000715557432 0.00035299992813695125 0.7074603522947849
0.058356519 -0.7067528559824172 0.0003540000717557652 0.0003529999279363618 0.7074603526952566
0.058520999000000004 -0.7067528555815448 0.0003540000719557878 0.0003529999277357726 0.7074603530957283
0.058691035 -0.7067528551806728 0.0003540000721558102 0.0003529999275351835 0.7074603534961995
0.058868584 -0.7067528547798005 0.0003540000723558326 0.0003529999273345948 0.707460353896671
0.059048179000000006 -0.7067528543789279 0.00035400007255585497 0.0003529999271340055 0.7074603542971428
0.059230409000000005 -0.7067528539780553 0.00035400007275587737 0.0003529999269334162 0.7074603546976143
0.05938954900000001 -0.7067528535771832 0.0003540000729559 0.0003529999267328276 0.7074603550980856
0.059566585000000005 -0.7067528531763106 0.0003540000731559223 0.000352999926532238 0.7074603554985573
0.059721654000000006 -0.7067528527754383 0.0003540000733559448 0.000352999926331649 0.7074603558990288
0.059897818000000005 -0.706752852374566 0.000354000073555967 0.0003529999261310598 0.7074603562995004
0.060070069000000004 -0.7067528519736932 0.0003540000737559893 0.0003529999259304707 0.7074603566999721
0.060235697000000005 -0.7067528515728209 0.000354000073956012 0.0003529999257298817 0.7074603571004434
0.060400655000000004 -0.7067528511719483 0.0003540000741560342 0.0003529999255292924 0.7074603575009151
0.060562743 -0.7067528507710764 0.00035400007435605694 0.00035299992532870347 0.7074603579013863
0.060707356000000004 -0.7067528503702037 0.0003540000745560793 0.0003529999251281143 0.707460358301858
0.060896585 -0.7067528499693312 0.0003540000747561014 0.000352999924927525 0.7074603587023295
0.061090636000000004 -0.7067528495684591 0.00035400007495612387 0.0003529999247269361 0.707460359102801
0.061266204000000005 -0.7067528491675865 0.0003540000751561463 0.00035299992452634675 0.7074603595032727
0.061445002000000006 -0.7067528487667143 0.00035400007535616894 0.0003529999243257578 0.707460359903744
0.06161838 -0.7067528483658416 0.0003540000755561913 0.00035299992412516886 0.7074603603042158
0.061771857000000006 -0.7067528479649688 0.00035400007575621346 0.0003529999239245794 0.7074603607046874
0.061968955000000006 -0.7067528475640973 0.00035400007595623646 0.00035299992372399074 0.7074603611051585
0.062153636000000005 -0.7067528471632246 0.0003540000761562586 0.0003529999235234016 0.7074603615056302
0.062331791000000004 -0.706752846762352 0.00035400007635628077 0.0003529999233228121 0.7074603619061018
0.062498183000000006 -0.7067528463614807 0.000354000076556304 0.0003529999231222238 0.7074603623065728
0.062672644 -0.7067528459606076 0.000354000076756326 0.00035299992292163414 0.7074603627070446
0.062846236 -0.7067528455597357 0.0003540000769563485 0.0003529999227210453 0.7074603631075158
0.06301896 -0.7067528451588629 0.0003540000771563708 0.000352999922520456 0.7074603635079875
0.063187907 -0.7067528447579903 0.0003540000773563933 0.0003529999223198667 0.7074603639084591
0.06337408500000001 -0.7067528443571176 0.00035400007755641543 0.0003529999221192774 0.7074603643089307
0.06354148600000001 -0.7067528439562452 0.00035400007775643794 0.0003529999219186883 0.7074603647094022
0.06370031500000001 -0.7067528435553729 0.00035400007795646045 0.0003529999217180992 0.7074603651098736
0.063869707 -0.7067528431545009 0.00035400007815648317 0.0003529999215175103 0.707460365510345
0.06405590600000001 -0.7067528427536284 0.00035400007835650557 0.00035299992131692103 0.7074603659108165
0.064241105 -0.7067528423527558 0.00035400007855652775 0.0003529999211163318 0.7074603663112882
0.064401336 -0.7067528419518834 0.0003540000787565502 0.0003529999209157427 0.7074603667117597
0.06456753400000001 -0.7067528415510108 0.00035400007895657276 0.00035299992071515353 0.707460367112231
0.064734374 -0.7067528411501387 0.000354000079156595 0.00035299992051456415 0.7074603675127027
0.064916502 -0.7067528407492659 0.00035400007935661756 0.00035299992031397526 0.7074603679131742
0.065094126 -0.7067528403483938 0.0003540000795566401 0.0003529999201133859 0.7074603683136457
0.06527279200000001 -0.7067528399475208 0.00035400007975666225 0.0003529999199127965 0.7074603687141174
0.065438232 -0.7067528395466489 0.00035400007995668476 0.00035299991971220787 0.7074603691145888
0.065606565 -0.7067528391457761 0.00035400008015670716 0.0003529999195116182 0.7074603695150604
0.065760438 -0.7067528387449032 0.00035400008035672934 0.0003529999193110292 0.707460369915532
0.065963187 -0.7067528383440307 0.00035400008055675185 0.00035299991911044 0.7074603703160038
0.066144282 -0.7067528379431591 0.00035400008075677425 0.00035299991890985104 0.7074603707164747
0.066322438 -0.7067528375422862 0.0003540000809567967 0.0003529999187092618 0.7074603711169465
0.066503404 -0.7067528371414138 0.00035400008115681915 0.0003529999185086726 0.7074603715174178
0.066674042 -0.7067528367405416 0.0003540000813568417 0.00035299991830808344 0.7074603719178894
0.06685287200000001 -0.706752836339669 0.000354000081556864 0.000352999918107494 0.7074603723183609
0.067029746 -0.7067528359387967 0.00035400008175688684 0.00035299991790690505 0.7074603727188324
0.067211912 -0.706752835537924 0.0003540000819569089 0.000352999917706316 0.7074603731193039
0.067368259 -0.7067528351370514 0.0003540000821569312 0.0003529999175057265 0.7074603735197754
0.067532192 -0.706752834736179 0.0003540000823569538 0.0003529999173051372 0.7074603739202472
0.067710175 -0.7067528343353069 0.00035400008255697627 0.0003529999171045484 0.7074603743207185
0.067909652 -0.7067528339344346 0.00035400008275699856 0.0003529999169039594 0.7074603747211898
0.068085029 -0.7067528335335613 0.00035400008295702096 0.00035299991670336984 0.7074603751216618
0.068259631 -0.7067528331326896 0.00035400008315704347 0.0003529999165027806 0.7074603755221329
0.068441785 -0.7067528327318174 0.00035400008335706597 0.00035299991630219173 0.7074603759226044
0.06860153100000001 -0.7067528323309454 0.0003540000835570887 0.0003529999161016028 0.7074603763230758
0.068781308 -0.7067528319300721 0.00035400008375711077 0.0003529999159010133 0.7074603767235476
0.06897101700000001 -0.7067528315291997 0.00035400008395713306 0.00035299991570042396 0.7074603771240191
0.069154674 -0.7067528311283269 0.0003540000841571552 0.0003529999154998343 0.7074603775244906
0.06934053600000001 -0.7067528307274548 0.00035400008435717797 0.0003529999152992455 0.7074603779249623
0.069523209 -0.7067528303265819 0.0003540000845572002 0.00035299991509865636 0.7074603783254338
0.069695245 -0.7067528299257098 0.00035400008475722266 0.00035299991489806746 0.7074603787259054
0.069875583 -0.7067528295248378 0.0003540000849572454 0.0003529999146974785 0.7074603791263766
0.070065732 -0.7067528291239652 0.00035400008515726767 0.0003529999144968892 0.707460379526848
0.070238991 -0.7067528287230932 0.00035400008535729045 0.00035299991429629996 0.7074603799273195
0.070427749 -0.7067528283222199 0.0003540000855573123 0.0003529999140957105 0.7074603803277911
0.070596042 -0.7067528279213476 0.00035400008575733454 0.00035299991389512136 0.7074603807282627
0.070770287 -0.7067528275204755 0.0003540000859573573 0.00035299991369453214 0.7074603811287343
0.070954641 -0.7067528271196029 0.00035400008615737977 0.0003529999134939433 0.7074603815292058
0.071124221 -0.7067528267187306 0.00035400008635740206 0.00035299991329335414 0.7074603819296772
0.07129673 -0.7067528263178585 0.00035400008655742484 0.00035299991309276497 0.7074603823301485
