0 -0.7067529998956005 0.00035399999994770805 0.0003529999999478558 0.7074602089259648
0.0008119140000000001 -0.7067533284441204 4.3240089773381165e-05 0.0006620933049222424 0.7074597462017942
0.001107436 -0.7067532013578747 2.975142723523775e-05 0.0006742663926387253 0.7074598623597524
0.001353952 -0.7067528391583136 -0.00032754003534925675 0.0010296769021983264 0.7074597209910015
0.001538405 -0.7067521643951165 -0.0007406752713481929 0.001442708470580831 0.7074593614584724
0.001734436 -0.7067526610694078 -0.0007254960419480834 0.0014247441034948491 0.7074589174157349
0.0019133770000000002 -0.7067518210124631 -0.0009560215764026275 0.0016530115750336737 0.7074589861405716
0.00208733 -0.7067515518582083 -0.001165863003449649 0.0018625719750312505 0.7074584196510135
0.0022359890000000003 -0.7067529801673048 -0.0010728238036596055 0.0017692176236657532 0.7074573795945022
0.002377506 -0.7067534298150405 -0.0011420436347583161 0.0018364480390132493 0.7074566507141009
0.0025128050000000003 -0.7067533716904418 -0.0014531781946009016 0.0021467792719372194 0.7074552644627679
0.002667276 -0.706752635792925 -0.0017205888349860522 0.0024142177016861005 0.7074545377101643
0.002811769 -0.7067524925745053 -0.0018639334711772152 0.0025565474711838807 0.7074538176141019
0.002982081 -0.7067529609837608 -0.0020284785954049036 0.0027207829035786665 0.7074522844373792
0.0031317750000000003 -0.70675313263517 -0.0022225807458100956 0.0029136107288540497 0.7074507619034149
0.003291618 -0.7067545678870334 -0.0019799454391141945 0.002671618219743889 0.7074510039875261
0.0034424480000000003 -0.7067542011050091 -0.0021927677668394795 0.0028838768250598313 0.7074499093535875
0.0035821100000000003 -0.706753928293122 -0.0023286891236923637 0.0030198033749368183 0.7074491803916255
0.0037184590000000003 -0.70675272078532 -0.002677726004894467 0.0033686670994454914 0.7074475765227866
0.003879477 -0.70675240184676 -0.002784993973682119 0.0034740005561326144 0.707446971590478
0.004030257000000001 -0.7067521302149945 -0.0028621762297484435 0.0035510356289681056 0.7074465524191631
0.004189202 -0.706751942691276 -0.0029974799082179092 0.003685425947167423 0.7074454920712235
0.004343889 -0.7067506077540288 -0.003262592456735487 0.003951285423948805 0.7074442177820603
0.004484364 -0.7067506123327671 -0.003185173487247536 0.0038721086395237755 0.7074450038072213
0.0046304530000000005 -0.7067517069015299 -0.0031434641791762094 0.0038289677686647655 0.707444331683105
0.0047888720000000004 -0.7067513893782325 -0.0031337694151215077 0.003817561933877987 0.7074447535476337
0.00497091 -0.7067517732142441 -0.003108925417850935 0.0037917563556678717 0.7074446184861453
0.005137509 -0.7067510769692162 -0.003255398422664625 0.003937955288549447 0.7074438564947105
0.005274089 -0.7067487505560767 -0.00375273439453551 0.004433205396461765 0.7074407871065266
0.005422473000000001 -0.7067475757066918 -0.0039380986759693865 0.004617987285102264 0.7074397711501438
0.005572906000000001 -0.706747009349761 -0.004128276853006293 0.0048061423760772486 0.7074379994747635
0.0057091730000000005 -0.7067468413897007 -0.004271201567669134 0.004947642811822217 0.7074363433224624
0.0058913820000000006 -0.706747273528912 -0.004289192661714102 0.0049650511231728 0.7074356807887942
0.006052653000000001 -0.7067460048675858 -0.004561210711496339 0.005235665006900282 0.7074332956346397
0.006193141 -0.7067429658773239 -0.005032396110938625 0.0057057334734600665 0.7074295016309662
0.006345535 -0.7067447511250221 -0.004855231640281089 0.005526331117443251 0.7074303804243427
0.006501304 -0.706744438729716 -0.004962770526047606 0.005633632540689781 0.7074290999228977
0.006642671 -0.7067441536762555 -0.005073970130601029 0.005743176365765087 0.7074277150329773
0.006791040000000001 -0.7067437797691066 -0.005207464994983786 0.005875576411004857 0.70742603123425
0.006950607 -0.7067436017711506 -0.0052002150367190655 0.0058670620960417155 0.7074263330562941
0.0071113850000000004 -0.7067410597698722 -0.005611940525508255 0.006276042016254414 0.707422216116731
0.007252740000000001 -0.7067407742632985 -0.005736178336484519 0.006399559123635593 0.7074203982744839
0.007396482 -0.7067381161967131 -0.006059285238378886 0.006722749549914117 0.7074173625347422
0.007538896000000001 -0.7067365075912134 -0.006282578629769855 0.0069451639019953715 0.7074148731415746
0.007670357000000001 -0.7067345588539062 -0.006470503370037163 0.007130786059735416 0.7074132793479948
0.007837687000000001 -0.7067303747385789 -0.006877601053781007 0.0075360389795460685 0.7074094176232827
0.008014323 -0.706732537384819 -0.006671220349438158 0.007328431812994694 0.7074114146010281
0.008162945000000001 -0.7067305780876395 -0.006814807180744364 0.0074719831387209884 0.7074105016657412
0.00831027 -0.706728961220609 -0.006982854205022168 0.007638054744937989 0.7074087045258239
0.008474474000000001 -0.7067271244760825 -0.0071475307868974795 0.007801487464390108 0.7074071113063265
0.008634332 -0.7067270462085237 -0.007185325735393998 0.007840603396970859 0.7074063741512537
0.008770539 -0.7067231108539378 -0.007522584065069914 0.008177357744313307 0.7074029870832031
0.00893477 -0.706721771084746 -0.00767673583116293 0.008331019972027941 0.7074008765247921
0.00910297 -0.7067194532857204 -0.007933083808201303 0.008587236374363018 0.7073972998960878
0.009277073 -0.7067208335862109 -0.00790336532533575 0.00855729484418507 0.7073966164017862
0.00944785 -0.7067202769296664 -0.007998504871055846 0.008651338235251962 0.7073949592999821
0.009610214 -0.7067186117346976 -0.00813366944649762 0.008786554624718008 0.7073934150859368
0.009769603 -0.7067152759143126 -0.00840981193063355 0.00906257827837154 0.7073900363502427
0.009921175 -0.7067174013106383 -0.008293418457555482 0.008946204223043614 0.707390768475972
0.01009428 -0.7067159717075744 -0.008418312235594834 0.009070322481638495 0.7073891408571401
0.010248041000000001 -0.7067162488720024 -0.008450223540167038 0.009101051975375458 0.707388088785321
0.010411100000000001 -0.706714096891764 -0.008674801723066831 0.009325401753047448 0.7073845983280023
0.010554597 -0.7067111622461523 -0.00887399479367544 0.009524299905630728 0.7073824093687958
0.010711724 -0.7067105155642095 -0.008997501446066737 0.00964772066126334 0.7073798227577174
0.010874328 -0.7067079457724412 -0.009250189757354813 0.009899212213348383 0.7073756561892024
0.01104269 -0.706703025296307 -0.009612683682973164 0.010262875052473369 0.7073705561762637
0.011215826 -0.706697002188707 -0.010033280796158771 0.010681217657948222 0.7073645396563948
0.011369738 -0.7066948790621451 -0.010172741807764176 0.010819058963878764 0.7073625740697552
0.011517237000000001 -0.7066909044717484 -0.010493072036919484 0.011136312027876925 0.7073569420953949
0.011661505 -0.7066835110343244 -0.01097109427314785 0.011611734184320538 0.7073494312939566
0.011833910000000001 -0.7066770166742836 -0.011426844851459445 0.012065895110095393 0.7073411026486921
0.0120081 -0.7066810246455808 -0.01117749517703622 0.011814622736549896 0.7073453242208027
0.012167805 -0.706681376420996 -0.011184796592474037 0.011822623295946934 0.707344723683802
0.012318448000000001 -0.7066854874364195 -0.01095608097646327 0.011593724829443581 0.7073479848567938
0.012488810000000001 -0.706683565008495 -0.011108360950280395 0.01174584021866785 0.7073450208359712
0.012638566 -0.7066791731141315 -0.011424789842974731 0.012062106699213409 0.7073390460350312
0.012787986000000001 -0.7066817159522841 -0.011332918307308414 0.011968226964294735 0.7073395781692886
0.012956619 -0.706677143652007 -0.011613856714441196 0.012249349230757408 0.7073347767609627
0.013114013 -0.7066779025593648 -0.01160345249124772 0.012238226815123435 0.7073343818371921
0.013281586000000001 -0.7066749559272046 -0.011795755025849794 0.012429329433903893 0.7073308127025693
0.013441452000000001 -0.7066689328082026 -0.012146656350152645 0.012779648292464094 0.7073246487524304
0.013612141000000001 -0.7066675780870505 -0.01222690370691007 0.01285777562779545 0.7073232037139954
0.013774621 -0.7066646736554502 -0.012383916038201593 0.013014439026213132 0.7073205086860045
0.013984332 -0.706656321839342 -0.012836087070651784 0.013464469988912629 0.7073123678553378
0.014146009000000001 -0.7066619439054493 -0.012538937620886073 0.013165323075695722 0.7073177124513589
0.014298044000000001 -0.7066617336856629 -0.012566791485544853 0.013191929865409463 0.7073169324161259
0.014453051000000001 -0.7066576102172608 -0.012814936335756727 0.0134394123108939 0.7073119407485489
0.014593866 -0.7066609194522864 -0.012643147734148418 0.013268421707084074 0.7073149544012375
0.014738074 -0.7066572437704006 -0.012868902889553831 0.013494231121143391 0.7073102833210394
0.014898843 -0.7066568006338035 -0.012901946410017745 0.013526351836174216 0.7073095105417673
0.015076491000000001 -0.7066559568342543 -0.012977488902310423 0.013600604381543943 0.7073075476855256
0.015232200000000001 -0.7066593392188582 -0.012857573838851217 0.013479993681036476 0.7073086673158367
0.015373739 -0.7066572104051512 -0.013023976399206253 0.01364565902234509 0.7073045730171754
0.015527601 -0.706654170332866 -0.013207990108702923 0.01382778763462058 0.7073006608491108
0.015677059 -0.7066404754211774 -0.01391575594442603 0.014534602629435005 0.7072866007209752
0.015846579 -0.7066357283518813 -0.014137284304354814 0.01475338929597736 0.7072824203339042
0.016018749000000002 -0.7066315798156303 -0.014362786574171485 0.014976736219451857 0.707277327603045
0.016202093 -0.7066219858580829 -0.014834638493230301 0.015446723141357222 0.7072670650800503
0.016336692 -0.7066167422756894 -0.015130660081945807 0.015740889006108108 0.7072595471780312
0.016483077000000002 -0.7066120372310537 -0.015390046604143613 0.015999288723610294 0.7072528529925072
0.016629701 -0.706612609091213 -0.015385572037377523 0.015994196206570447 0.7072524941872571
0.016773820000000002 -0.7066061519708469 -0.015700677217441592 0.016308514142159513 0.7072448423978365
0.016945331 -0.7066047488853152 -0.01577488423410753 0.01638118575298612 0.7072429134557991
0.017112046000000002 -0.7065982103692375 -0.01607631671843225 0.016680320562766176 0.7072356665565466
0.017259267000000002 -0.7065988074655949 -0.016073059584498773 0.016676226904081683 0.7072352405671231
0.017392473000000002 -0.7065906095230845 -0.016411719249375175 0.017012526429039984 0.7072276436548398
0.017549033000000002 -0.7065779722987767 -0.016956574228782485 0.017557725640093533 0.7072140905856727
0.017692808 -0.7065828633089223 -0.0167709061887883 0.017369762112793872 0.7072182727757516
0.017864902000000002 -0.7065748072358246 -0.017103222354749214 0.017700056623957624 0.7072101735412537
0.018051845 -0.7065694487530965 -0.017339507660378485 0.01793396726888357 0.7072038803491111
0.018208385 -0.7065643223828078 -0.017573808213517787 0.018167261635224658 0.707197263997306
0.018361055 -0.7065597158079918 -0.017741606716350514 0.01833523438069828 0.7071933417168584
0.018512973000000002 -0.7065496650931831 -0.018129181325984654 0.018721182670990922 0.7071834421566732
0.018659755 -0.7065479260083716 -0.01819126775167745 0.018783043488377574 0.7071819449817492
0.018822792 -0.7065363481508834 -0.018636702425517536 0.019226383901363265 0.707169999523731
0.018996141 -0.7065289748668409 -0.018920905909157928 0.019507594988410638 0.7071621177148535
0.019171068000000003 -0.7065291155452771 -0.018955995201329366 0.01954178061788146 0.707160093573597
0.019340124 -0.7065345609713632 -0.018776790678923728 0.01936100087848052 0.7071644065772729
0.019496746000000002 -0.7065210018829966 -0.019268018120509153 0.019850926083839454 0.7071511564789874
0.019643515 -0.706502478589605 -0.01994649035875018 0.020527618653280795 0.7071315310050446
0.019804754 -0.7065019838124075 -0.019970170395534656 0.020549292956222605 0.7071307274631089
0.019980788000000003 -0.7064853494029172 -0.020536789640097867 0.021114332285507225 0.7071144718660861
0.020147154 -0.7064799622624351 -0.020741758778499125 0.021318242380020655 0.707107753391426
0.020294878000000002 -0.7064720753285167 -0.02100609215347125 0.021581388090528984 0.70709984766053
0.020434605 -0.7064711537558241 -0.021070952372489363 0.021645159576966767 0.7070968893609412
0.020576913000000002 -0.7064660487959334 -0.021201516932256054 0.021775177723998403 0.7070940950209678
0.020722581 -0.7064543959004717 -0.021557543104398846 0.022129634768835314 0.7070839682196165
0.020902142000000002 -0.7064585700372994 -0.021436617434326212 0.02200745747416656 0.7070872874471382
0.021065292000000003 -0.7064601421272906 -0.02142199872386467 0.02199135902509206 0.7070866606607652
0.021227428000000003 -0.7064398729949594 -0.022084639401824552 0.022653180349601728 0.7070656320069626
0.021376911000000002 -0.7064247596779778 -0.022556269418881923 0.023123238630753554 0.7070506272248396
0.021526103 -0.7064194422052303 -0.022750661586898743 0.023315028251534267 0.7070434134686785
0.021703738 -0.7064040003495548 -0.023211320065117343 0.0237747667702766 0.7070285590950341
0.02187725 -0.7064094867351114 -0.02307373079632109 0.02363584013845228 0.7070322390518877
0.022038845 -0.7064065327476245 -0.023172968311000897 0.02373352100817325 0.707028672694179
0.022195476000000002 -0.7063950745513847 -0.023539617994832323 0.024098181791359863 0.7070156735664015
0.022344431 -0.7063823009761556 -0.023954889084734338 0.024512297127721735 0.707000251376258
0.02251736 -0.7063674399776234 -0.024399039983140806 0.02495544376284811 0.7069844074758362
0.022662632000000002 -0.706371599350822 -0.024281508946220963 0.024836912278720483 0.70698847214245
0.022795724 -0.7063754827176751 -0.0242042325506004 0.024758336500165477 0.7069899980309142
0.022969917000000003 -0.7063718734022457 -0.024318563293109604 0.024871808919732313 0.7069856979222577
0.023118759000000003 -0.7063732308467525 -0.0243023712992199 0.02485383785159445 0.7069855304293031
0.023287702 -0.7063654986124511 -0.024531503593177153 0.02508214788526307 0.7069772793795455
0.023452348 -0.7063565657164687 -0.024804464979339517 0.02535379005277923 0.7069669906836423
0.023595925 -0.7063457427345389 -0.025103604006810373 0.025652495510431077 0.7069564698485685
0.023742033000000003 -0.7063425044305762 -0.02521404132972804 0.02576197521506487 0.7069517941045079
0.023926529000000002 -0.7063412113681404 -0.025270946427365354 0.02581813185674878 0.7069490055563282
0.024072153000000002 -0.7063306786729743 -0.025555027555977522 0.026101307934132605 0.7069389186175263
0.024241205000000002 -0.7063194768909877 -0.025870034358022462 0.02641520838225863 0.7069269938634959
0.024389498000000003 -0.706311298735559 -0.026096932446381914 0.026642039603055886 0.7069183129055062
0.024540758000000003 -0.7063041339175988 -0.026288304778213558 0.02683189485497614 0.7069112001243794
0.024678138000000002 -0.7062966279706339 -0.026475708278984624 0.027019195603595236 0.7069045715352061
0.024841357 -0.706291494822445 -0.02661268083635735 0.02715579058503176 0.7068993228161143
0.024998217000000003 -0.7062835761656824 -0.026840415303770942 0.027383693379023032 0.7068898326343788
0.025152347000000002 -0.7062772080260462 -0.02701893885111355 0.027562066027820385 0.7068824618581026
0.025311473 -0.7062682592013926 -0.027279035740849764 0.0278204850100606 0.7068712901706292
0.025466062 -0.706254871603276 -0.027635160421643212 0.028173665469683806 0.7068568446433221
0.025610839000000003 -0.7062468853683272 -0.02785031599259488 0.02838814921119283 0.7068477981793632
0.02575681 -0.7062543989350121 -0.02766869195988431 0.028206559906636806 0.70685469330578
0.025939543000000002 -0.7062458637047215 -0.0278859547236065 0.028423424572874386 0.7068459962853831
0.026114605000000003 -0.7062446424054897 -0.02793276666008942 0.02846847520209828 0.706843555208593
0.026272861 -0.706252440726303 -0.027746742525876524 0.028283220871889704 0.7068505271020563
0.026434337000000002 -0.7062581892958196 -0.027599842945282137 0.02813631255367997 0.7068563974654744
0.026564745 -0.7062637219598845 -0.02747103658896867 0.02800845508134866 0.7068609648552218
0.026715333 -0.7062471220745856 -0.027903301811823492 0.028439833737281848 0.7068433943713135
0.026897746 -0.7062356939751536 -0.028183928309210435 0.028720189709494002 0.7068323432353292
0.027078968000000002 -0.7062288349349385 -0.028361440076364243 0.02889764886998415 0.7068248632532826
0.027234919000000003 -0.7062231204642108 -0.028519427687200116 0.029055728296931725 0.7068177353599182
0.027380643000000003 -0.7062007571509299 -0.029067359911598183 0.029602223306025573 0.7067950817334286
0.027510992 -0.7061878226048772 -0.02939217114568765 0.02992624763038897 0.7067809272912583
0.027665715 -0.7061748941721134 -0.0297041664619162 0.030237646157609994 0.7067675474232351
0.027822051 -0.7061720407648024 -0.029794464163627882 0.030326926763365177 0.7067627722654662
0.027999605 -0.7061528117458729 -0.030241885140410485 0.030773877749675552 0.7067436616587378
0.028165612000000003 -0.706145290191272 -0.030427117965967223 0.030958842839253813 0.7067351481870877
0.028308157 -0.7061332534543913 -0.030707235594589787 0.03123987737632045 0.706722692510696
0.028444601000000003 -0.7061289472200393 -0.030806971305274756 0.0313384588769206 0.7067182899940648
0.028587088 -0.7061207457530838 -0.030985757008253054 0.031514745656021435 0.7067108291840248
0.028727548000000002 -0.7061141177338948 -0.031147004842851277 0.03167532390326869 0.7067031842873124
0.028898661000000003 -0.7061001824676677 -0.03147189961189712 0.03199991280090648 0.7066880906274569
0.029081631 -0.7060867374273079 -0.03177437846607222 0.03230207076210415 0.706674242014548
0.029246766 -0.7060845207951979 -0.03180964719862579 0.032336896735847866 0.7066732773694016
0.029408052 -0.7060760638754986 -0.03200408519468916 0.03252913245309348 0.7066641253769604
0.029553313 -0.7060699451735077 -0.032149719936460264 0.032674422635724606 0.7066569253436278
0.029700007 -0.7060577773487487 -0.03241240013534186 0.03293555319447497 0.7066449608527507
0.029855498 -0.7060510771414592 -0.032570919511094254 0.033093782289712145 0.7066369741552935
0.030011006000000003 -0.7060443992052858 -0.03271811255480317 0.033238790216109204 0.7066300406058804
0.030176635 -0.7060381728647369 -0.03284753766792215 0.033369407243210844 0.7066241011932834
0.030334225000000003 -0.7060380230743682 -0.0328593848491691 0.033379307755968875 0.7066232324331722
0.030481386000000003 -0.7060315321089704 -0.033023306467595125 0.033542296012248465 0.7066143582436143
0.030621836000000003 -0.7060282393129799 -0.03308030937257632 0.03359886274057548 0.7066122945767146
0.030784713000000002 -0.7060290228139124 -0.033075109076454896 0.033593000523238145 0.7066120338770481
0.030954541000000002 -0.7060298853757991 -0.033061000940378525 0.03357764732469137 0.7066125619978719
0.03112213 -0.7060117208502728 -0.03344258423489833 0.03395815661060212 0.7065945705858054
0.031274397 -0.706002778164046 -0.03362877651696384 0.03414273149855097 0.7065857743405535
0.031427898 -0.7059885460570291 -0.03393176653408073 0.034444460691078 0.7065708649412739
0.031573757 -0.7059846045677622 -0.034022224569464875 0.0345340704695311 0.7065660792349511
0.031715318 -0.7059764895948915 -0.03418800974274892 0.03469980146312037 0.7065580654889764
0.031892311 -0.7059682855428819 -0.03437419208892471 0.03488569538000418 0.706548075493616
0.032054867 -0.7059416293864674 -0.03490615301134621 0.03541474060200249 0.706522308585668
0.032215607 -0.705931576592509 -0.035114223350539896 0.035620359900008565 0.7065117058115152
0.032387286 -0.7059238444009123 -0.03527187937040829 0.035776066830528766 0.7065037108706888
0.032526643 -0.7059278649105851 -0.03521041159277336 0.03571398379175551 0.7065059007679784
0.032681417000000004 -0.7059220647046573 -0.035327537875416586 0.03582952028409842 0.7064999993680017
0.032840965 -0.7059168157842245 -0.03545066191320921 0.0359512980837718 0.7064928902183439
0.033017888 -0.7059062670194642 -0.035652091749907515 0.03614997946657727 0.7064831558650689
0.033173541 -0.7058775793008889 -0.03621390308123589 0.03670881383289482 0.706454428290263
0.03333398 -0.7058686262178611 -0.03639521737490563 0.03688962172991532 0.7064446379456545
0.033483428 -0.7058514993385866 -0.03672924619560458 0.03722396585770907 0.7064269245443555
0.033630006000000004 -0.7058504782138841 -0.03676121948696894 0.037255148462883816 0.7064246379197647
0.033771858 -0.7058394399747498 -0.03698424160419465 0.03747742676575826 0.7064122686732666
0.033946741 -0.7058158279295088 -0.03742662390059163 0.03791887946266113 0.7063890029211112
0.034106865 -0.7058067254977746 -0.03758887906044076 0.03808074760039831 0.7063807748482992
0.034267338 -0.7057813587227744 -0.03804951435810656 0.03854091762241214 0.7063565005047873
0.034425679 -0.7057626916610082 -0.03840624259394688 0.03889657348453483 0.7063363505868759
0.034577372 -0.7057530390625065 -0.03859158183421565 0.039080707227458954 0.7063257293828191
0.034726316 -0.7057410228451942 -0.03880186441328412 0.039289555735713036 0.7063146287608397
0.034900279 -0.7057278410312385 -0.039041363217870016 0.03952799599708878 0.706301298231804
0.035064421000000005 -0.7057243365974565 -0.03910480274887176 0.039590680815245284 0.7062977793598371
0.035227309000000005 -0.7056949076315713 -0.0396344895790775 0.04011882458754301 0.7062678560520708
0.035375128 -0.7056796162493012 -0.039898470286190355 0.040381088301803814 0.7062533249384552
0.035528497 -0.7056531833808529 -0.04036454161566061 0.04084569947808032 0.706226534051768
0.03567853 -0.7056306282314244 -0.04076326433309164 0.04124379398645821 0.706203031882644
0.035839259000000005 -0.705612283654708 -0.0410717454918035 0.041551042609877305 0.7061854768655875
0.036006296 -0.7056169681056904 -0.04100196521889574 0.041480937726382595 0.7061889725667361
0.03618345 -0.7056015225511677 -0.041265582807612756 0.04174249407286113 0.7061736381638718
0.036328522 -0.7055859511814226 -0.04152924927740866 0.04200495032065439 0.7061581771093652
0.036478764000000004 -0.7055834457662501 -0.04156788220964157 0.042042635688490725 0.70615616474941
0.03664042 -0.7055908396710364 -0.04145668734741067 0.0419316733252684 0.7061619111922166
0.036791225000000004 -0.7055903699897305 -0.04146588981405854 0.04193967591912125 0.7061613649467685
0.036959918 -0.7055798365374403 -0.041641053902474696 0.04211355877520775 0.7061512338507793
0.03712987 -0.7055545437945624 -0.04207477871954574 0.04254636630608234 0.7061248511705964
0.037292625 -0.7055436382636803 -0.04225316063499119 0.0427251704208792 0.706114300049581
0.037446323000000004 -0.7055490571764608 -0.04217499529006091 0.04264545151481281 0.7061183775789925
0.037594583 -0.7055425224220508 -0.042298270798839806 0.04276825675803469 0.7061101058302717
0.03774901 -0.7055248531716768 -0.04260403192372844 0.04307342973197757 0.7060908282027536
0.037915765000000004 -0.7054881449799215 -0.043206511681228126 0.04367398146391589 0.706054005005438
0.038086025 -0.7054732836973661 -0.04343882418399059 0.043904720632120184 0.7060402892533711
0.038232765 -0.7054739679343744 -0.04344445275502829 0.04390883228333663 0.7060390035538118
0.038387719 -0.7054678513812804 -0.043558393940535796 0.04402082480734656 0.7060311211045032
0.038540181 -0.705474028458961 -0.04347630452614976 0.0439391371678671 0.7060350971018216
0.038691764000000003 -0.7054758229885312 -0.04346280852770722 0.043924162656572605 0.7060350666846924
0.038863203000000006 -0.7054807572730066 -0.04338466168846484 0.043844078813182086 0.706039920259971
0.039041192 -0.7054888800113814 -0.0432554825131578 0.043714184825799196 0.7060477841179427
0.039202092 -0.7054744013924044 -0.043491039567919144 0.04394746863092592 0.7060332984061479
0.039350485000000004 -0.7054686709134217 -0.04359566315436457 0.044051773486436546 0.7060260715911858
0.039515488 -0.7054529198102828 -0.04385812806923558 0.044313816002459726 0.7060091559213023
0.039660581 -0.7054489572435748 -0.0439285806861689 0.04438334592668841 0.7060043676403169
0.039829627 -0.7054275534371158 -0.04428055576659126 0.04473239204362016 0.7059817365447795
0.040004513000000005 -0.7054218907322707 -0.04438494020025298 0.044836762359074515 0.7059742190054002
0.040179123000000004 -0.705418849121376 -0.044424793813826705 0.04487538804998886 0.7059722972937649
0.040335879000000005 -0.705428916627655 -0.04427827966731574 0.04472760145758876 0.7059808207048458
0.040489265 -0.7054365566515187 -0.04416229969692496 0.0446102914829944 0.705987873634477
0.040627125 -0.7054386505346765 -0.04413812686329596 0.044584115499690366 0.7059889466088859
0.040772806 -0.705435645940415 -0.04419502254875023 0.04464006345003119 0.7059848540540529
0.040950864000000003 -0.7054431045005493 -0.044091056950520784 0.04453524543655086 0.7059905218368869
0.041116061 -0.7054169175836176 -0.04451463464390924 0.044956410138672055 0.7059634132706819
0.041274623 -0.7054097312496129 -0.04463753272531647 0.045077578664018375 0.7059551073774704
0.04142796 -0.7053959601401342 -0.0448554447538519 0.04529436376422437 0.7059411796354617
0.04157269 -0.7053949908127318 -0.04488174804028665 0.04532019926482518 0.7059388182893414
0.041719729000000004 -0.7053915272505572 -0.04494433883801544 0.04538153802381386 0.7059343565064203
0.04189918 -0.705394452880868 -0.04490996123268196 0.04534741183060178 0.7059358139854113
0.042079281 -0.7053774931358079 -0.045179203446298374 0.045615363480989574 0.7059183170650123
0.042244891 -0.7053557728075973 -0.04551036591487872 0.04594511570974793 0.7058973627261326
0.042410552000000004 -0.7053441872744035 -0.045702962965239846 0.04613654684126851 0.7058840100894564
0.042563209000000005 -0.705335394859148 -0.04585690927407146 0.04628983862364204 0.7058727756975172
0.042698230000000004 -0.7053435751070743 -0.04573639123096098 0.046168158703608284 0.7058803897929582
0.042883684000000005 -0.7053298780718091 -0.04594540711864418 0.04637807524148011 0.7058667415318596
0.043059449 -0.7052961287443092 -0.04645737783165562 0.046889562972975814 0.705833161382703
0.043230912 -0.7052786646115285 -0.04671998846951059 0.047152263301220534 0.7058157776550202
0.043380943000000005 -0.705263011052042 -0.046964811230100115 0.04739641220339516 0.7057988182606818
0.043525374000000006 -0.7052610786564003 -0.04700463883146019 0.047436647753045486 0.7057953947927744
0.043680133 -0.7052471474719162 -0.04722551627987979 0.04765711785399659 0.7057797182639036
0.043842178 -0.7052433234453134 -0.04730074695147757 0.047733671099710245 0.705773328142249
0.044019796 -0.7052290702867635 -0.04751854690590135 0.04794912721544051 0.7057583349289599
0.044192737 -0.7052307357594907 -0.04750528569473076 0.04793596794147991 0.7057584573695902
0.044374355000000004 -0.7052175245029837 -0.04770283162128458 0.04813194926634366 0.7057449953411062
0.044522572 -0.7052019107795672 -0.047928621373455674 0.04835631986433099 0.7057299615400124
0.044681194 -0.7051786859892433 -0.04827324453902465 0.04869915483678767 0.7057061052636174
0.044854002000000004 -0.7051482898700246 -0.048711152368200734 0.04913659352990929 0.7056760645683108
0.045025132 -0.7051270650280781 -0.049019185338284865 0.04944396582436873 0.7056544734338606
0.045188574 -0.7050916025447378 -0.049525631503538725 0.04994971629722006 0.7056189266784851
0.045339895000000005 -0.7050817492323479 -0.04966448642096964 0.0500877113004478 0.70560923099452
0.045485564000000006 -0.7050593202187107 -0.04998195475370104 0.05040306068818027 0.7055867704577472
0.045619081000000006 -0.7050508477762917 -0.050103162367596474 0.05052290766480311 0.705578068658454
0.045783135 -0.7050563248703053 -0.050028356579565725 0.050448588827109786 0.7055832213025484
0.045972095000000004 -0.7050406401663828 -0.05025308402048383 0.05067136512480249 0.705566960689485
0.046159468 -0.7050299297255274 -0.05041386605073678 0.05083096588476164 0.7055547131217108
0.046328474 -0.7050052383012918 -0.05076802488256705 0.05118393435668254 0.7055284731894481
0.046466943000000004 -0.7049780848828263 -0.05114137342308289 0.05155628438437245 0.7055015303313111
0.04661523 -0.7049695032974032 -0.051259961246750536 0.0516737005112872 0.7054929088722758
0.046793737 -0.7049273681925683 -0.051845834635496406 0.05225713063072007 0.7054492237590831
0.046975222000000004 -0.704894075127041 -0.05229222158448248 0.052702005922554834 0.7054164479116523
0.047148772000000005 -0.7048804498270167 -0.052486467335422 0.052896138689612106 0.7054011062580217
0.04731283 -0.7048592059473168 -0.052778024012990844 0.053187562128147264 0.7053786665383832
0.047469041000000003 -0.7048508881894644 -0.052898739391802965 0.05330809817304755 0.7053688364667489
0.047610673000000006 -0.7048273466207527 -0.053218641881238524 0.053627647266619026 0.7053440742364777
0.047758046000000005 -0.7048209157814398 -0.05331543564379983 0.053722651445266084 0.7053359608873032
0.047937067 -0.704797408251858 -0.05361926498872044 0.05402497174232289 0.7053133276578397
0.048129092000000005 -0.7047917602648948 -0.05369000432114484 0.05409463048000055 0.7053082510873809
0.048292408 -0.7047849066362097 -0.05378845400044238 0.05419257170343882 0.7053000799420064
0.048458783000000005 -0.7047713571559627 -0.05397691945996632 0.0543791535429551 0.7052848601509231
0.048608877 -0.7047394224408506 -0.05439486045184863 0.05479584497935777 0.7052524094160612
0.048754006 -0.7047113872558322 -0.05477078932865303 0.05517057633972541 0.705222113106659
0.048942557000000005 -0.7047073083583959 -0.054826169266685675 0.05522435181940903 0.7052176768033636
0.049124433 -0.704675229001613 -0.05523834847156238 0.05563399666564781 0.7051853691793856
0.049280153 -0.7046471197198309 -0.05560872160034606 0.056003603629807955 0.7051550915458229
0.049444468000000005 -0.7046350231771659 -0.05576222154735704 0.056156344282493255 0.7051429101657664
0.049608305000000005 -0.7046286218676222 -0.05585879525758319 0.05625172953641076 0.7051340604179258
0.049773119000000005 -0.7046204750196589 -0.05596237553180231 0.056353884954306876 0.7051258315779291
0.049958299000000005 -0.7046043657357298 -0.05617338993002341 0.05656294054508465 0.7051084113856632
0.050125417000000005 -0.7045853337263838 -0.05641407604133556 0.05680340290561475 0.7050888830072602
0.050299566000000004 -0.7045745288529192 -0.05655568636741357 0.05694345054446444 0.7050770391037346
0.050458515 -0.7045872092822748 -0.05641118786047061 0.05679949772083139 0.7050875544630253
0.050610805 -0.7045527702828256 -0.05683401673975549 0.057220931293586165 0.7050539365537343
0.050775282000000005 -0.7045504357233267 -0.05686429176650568 0.057250298774712736 0.7050514443174849
0.050953737000000006 -0.7045353434146451 -0.05706188406490774 0.05744665508704684 0.7050345899924929
0.051138732000000006 -0.7045146958105014 -0.05732184665147744 0.057705468972909534 0.7050129985568484
0.051313548 -0.70451295805175 -0.057347074698696994 0.057730242689198456 0.7050106552667998
0.051463486 -0.704478858650736 -0.057765993776962725 0.05814804703175398 0.704976192721081
0.051632483 -0.7044678124648299 -0.057901785560102476 0.0582834480758907 0.7049649098432879
0.051797302 -0.7044647923811171 -0.05793701426326852 0.05831717212278047 0.7049622444566033
0.051982234 -0.7044589096195223 -0.05801940017670172 0.05839903767321688 0.7049545703516318
0.052152176 -0.704424190707888 -0.058442023032907936 0.05882037293454772 0.7049193239067858
0.052320507 -0.7043986370014617 -0.05874830601073675 0.0591258851097286 0.7048938405471739
0.052480154 -0.7043682241905291 -0.059116360600549124 0.059493356647545875 0.7048625406239405
0.052632899000000004 -0.7043592606119748 -0.05923514697452505 0.0596115763986995 0.7048515370716886
0.052785582000000004 -0.7043695193164091 -0.059116706972659444 0.05949504572551319 0.7048610747862315
0.052946847000000005 -0.7043396216166716 -0.05947784185055968 0.05985510638845597 0.704830085899369
0.053134193 -0.7043268604008893 -0.05962735614130822 0.060002784566667404 0.7048176487302733
0.053298990000000004 -0.7043087203787287 -0.059842095098426806 0.0602157734936747 0.7047994116592808
0.053477345 -0.7043017887344198 -0.05992973969794367 0.060301855171394296 0.7047915315525036
