0 -0.7067529998956005 0.00035399999994770805 0.0003529999999478558 0.7074602089259648
0.0008119140000000001 -0.706753404586546 0.00019827841600000596 0.0005076770658643032 0.7074597713333195
0.001107436 -0.7067536907278601 -3.173944874914167e-06 0.0007082514856783216 0.7074593408898546
0.001353952 -0.7067536635178024 -0.0002998543274016051 0.001003760429700953 0.7074589469761106
0.001538405 -0.706753513093108 -0.0005881216399100676 0.0012907589799066542 0.7074584509246764
0.001734436 -0.7067534550894857 -0.0008461916377352812 0.0015476477005990422 0.7074577319284746
0.0019133770000000002 -0.706753074054802 -0.001115963947478472 0.0018165276541228278 0.707457099169863
0.00208733 -0.7067529108300773 -0.0013404795517602925 0.002039938663399713 0.7074562635230774
0.0022359890000000003 -0.7067527180429439 -0.001513978584400243 0.002212391738539562 0.707455587814919
0.002377506 -0.7067524073620087 -0.0017437960601045578 0.0024411187390104574 0.7074546167794852
0.0025128050000000003 -0.7067527465141932 -0.0018833657191427075 0.0025792763694956777 0.707453429959614
0.002667276 -0.7067526059261635 -0.0020451470658356687 0.0027399939390726174 0.7074525170096366
0.002811769 -0.706752807287482 -0.002141989355476695 0.002835739631204168 0.7074516519548233
0.002982081 -0.7067520520211192 -0.002396514093799918 0.003088866621306935 0.7074505301341792
0.0031317750000000003 -0.7067512234445728 -0.0026354728660869806 0.003326814046790371 0.7074494291118412
0.003291618 -0.7067508710436075 -0.0028103628151106767 0.0035009974113746 0.7074482674776125
0.0034424480000000003 -0.7067497475315974 -0.003156521307246853 0.003846144088749306 0.7074461378175082
0.0035821100000000003 -0.7067499144232967 -0.0032041382537896083 0.003893216818534836 0.70744549954291
0.0037184590000000003 -0.7067491796621241 -0.003424461342829885 0.004112522476908358 0.7074439605158159
0.003879477 -0.7067478861259576 -0.003690084171733583 0.004376910467929237 0.707442330787501
0.004030257000000001 -0.706747453478835 -0.003842670459044286 0.004528688967365511 0.7074409953212791
0.004189202 -0.7067466245817118 -0.004040799527137736 0.004725869282609956 0.7074394297330778
0.004343889 -0.7067458995314694 -0.004193752107453156 0.0048781597843303316 0.7074382301627713
0.004484364 -0.7067444604621416 -0.004443574594892507 0.005126566938679614 0.7074363862301116
0.0046304530000000005 -0.706744242772649 -0.004571317261300916 0.0052532514600604745 0.7074348604043407
0.0047888720000000004 -0.7067424636844682 -0.004888798502738481 0.00556899265349762 0.7074320999185952
0.00497091 -0.7067409800118248 -0.005103741362755473 0.00578261843378086 0.7074303501547534
0.005137509 -0.7067402325412935 -0.005252444177231677 0.005929701669540629 0.7074287908869372
0.005274089 -0.7067389728751574 -0.005482831020464491 0.006159179351296666 0.7074263405423122
0.005422473000000001 -0.7067376778205028 -0.005673224000815911 0.006348794405029171 0.7074244568064655
0.005572906000000001 -0.7067370945149185 -0.0058022602257297665 0.006477042031905841 0.7074228303775624
0.0057091730000000005 -0.7067357818279008 -0.005991162084368376 0.006665175120993527 0.7074208196693053
0.0058913820000000006 -0.7067340194983602 -0.006221066273364764 0.006894274514672808 0.7074184002392293
0.006052653000000001 -0.7067328483830901 -0.0063927752836999835 0.007065370597774036 0.7074163512238125
0.006193141 -0.7067310693919071 -0.006610956041043162 0.007283166870258874 0.7074139144070711
0.006345535 -0.7067294427467107 -0.006834308605005988 0.007505510816367047 0.7074110928506853
0.006501304 -0.7067279108217631 -0.007019924542716885 0.007690603341300729 0.7074088176897201
0.006642671 -0.7067265909448301 -0.007181086032890075 0.00785076223318734 0.7074067593593131
0.006791040000000001 -0.706726317909168 -0.0072661682346525265 0.007935391602760383 0.7074052190462313
0.006950607 -0.7067233872697617 -0.007560765529965355 0.00822925048666626 0.707401702109193
0.0071113850000000004 -0.706719961482272 -0.007867305268469897 0.008534149859597853 0.7073981692346135
0.007252740000000001 -0.7067183862617757 -0.008036143233981177 0.00870198607048857 0.707395800355009
0.007396482 -0.7067161503910415 -0.00824015930086686 0.008904459796936713 0.707393167302942
0.007538896000000001 -0.7067142324797554 -0.00840412573034297 0.00906765104240369 0.707391081358701
0.007670357000000001 -0.7067114804764647 -0.008633313375393881 0.009295608818308406 0.7073881119439476
0.007837687000000001 -0.706708393844798 -0.008881269558591164 0.009542416184724145 0.7073848396832458
0.008014323 -0.7067062321091869 -0.009063326622467874 0.009723527682178322 0.7073822238493025
0.008162945000000001 -0.7067038915680005 -0.009265336877723533 0.00992482096651248 0.7073791494693414
0.00831027 -0.7066998115092638 -0.009562681405716887 0.010220908146880746 0.7073750522698389
0.008474474000000001 -0.7066962356651731 -0.00984530106453338 0.010502060451461574 0.7073706293520369
0.008634332 -0.7066934876243371 -0.01004107394631381 0.01069643402657313 0.7073677103759196
0.008770539 -0.7066907438127029 -0.010240742072604468 0.010894793697257078 0.7073645617936662
0.00893477 -0.7066863771096671 -0.010528587576714687 0.011181214454436535 0.7073602290873986
0.00910297 -0.7066842424052013 -0.01069057647601629 0.011342168992688867 0.7073573695900387
0.009277073 -0.7066818442996384 -0.010847700902221341 0.01149859218569913 0.7073548477957473
0.00944785 -0.7066791899335255 -0.01101487944926921 0.011664887195301765 0.7073521932901145
0.009610214 -0.7066774316824901 -0.011124442610965672 0.0117736039000125 0.7073504340695924
0.009769603 -0.7066749413458256 -0.011302955964012935 0.011950769740310752 0.7073471209830178
0.009921175 -0.7066698750844178 -0.01161488120905814 0.01226128700863607 0.7073418148417107
0.01009428 -0.706665930745118 -0.011853611936622977 0.01249905104844927 0.7073376336171295
0.010248041000000001 -0.7066656501946957 -0.01189211429178043 0.012536606368757253 0.7073366030068953
0.010411100000000001 -0.7066639146765448 -0.012016490914122217 0.012659827252443669 0.7073340401918109
0.010554597 -0.7066597932766454 -0.012266747409436419 0.01290862892471449 0.7073293651287823
0.010711724 -0.7066575906437784 -0.012423477966852663 0.013064398060892024 0.7073259703164051
0.010874328 -0.7066554788204942 -0.012576645813616817 0.013216497945291101 0.70732254765073
0.01104269 -0.7066524609460763 -0.012755353398352591 0.013393866098874047 0.7073190261469452
0.011215826 -0.7066511170652119 -0.01284780634206897 0.013485328571238318 0.7073169576194331
0.011369738 -0.7066470487662139 -0.013074698562920536 0.013711193602354576 0.7073125220844657
0.011517237000000001 -0.7066436473965959 -0.013278209750755639 0.01391318404041154 0.7073081846336208
0.011661505 -0.70664044413622 -0.013465429834730633 0.014099473981919745 0.7073041564587086
0.011833910000000001 -0.7066370952010163 -0.013656820702688569 0.014289520132675235 0.7073000187675259
0.0120081 -0.7066314395613291 -0.01395695078810741 0.014588037660161248 0.7072937164328605
0.012167805 -0.7066270336210841 -0.014188331143085839 0.014818568780883428 0.7072887222588297
0.012318448000000001 -0.7066260599138386 -0.014261444676679311 0.014890527571791585 0.7072867133171752
0.012488810000000001 -0.7066209709227232 -0.01451561050602549 0.015142602377615708 0.7072812750929427
0.012638566 -0.7066165340041566 -0.014733387828221275 0.015359261167243177 0.7072765330840917
0.012787986000000001 -0.7066121256649026 -0.014960436449888717 0.015585446957322883 0.7072712231157842
0.012956619 -0.7066057731754051 -0.015257902279869116 0.015881718849549916 0.707264624267035
0.013114013 -0.7066020742519521 -0.015442787462814349 0.01606497914254168 0.7072601681300643
0.013281586000000001 -0.7065977497396083 -0.015641192014845765 0.016261604256023365 0.7072556351152652
0.013441452000000001 -0.7065944231020573 -0.015797504021201007 0.01641700259129625 0.7072518944009188
0.013612141000000001 -0.7065872238044727 -0.016120180361133586 0.01673850325288586 0.70724427000172
0.013774621 -0.7065831332073191 -0.016301437070113056 0.01691858439458163 0.7072399172264392
0.013984332 -0.7065758916079888 -0.016601493795523472 0.01721680983131727 0.7072329752361418
0.014146009000000001 -0.7065714379900405 -0.016795020685844122 0.01740948395634115 0.7072281386972823
0.014298044000000001 -0.7065660988370983 -0.017032906070789295 0.017645819775262233 0.7072219263635472
0.014453051000000001 -0.7065575419413169 -0.017371701598204684 0.01798320811863678 0.7072137358219147
0.014593866 -0.7065537181553632 -0.01753252692427602 0.01814283419794253 0.7072095102780698
0.014738074 -0.7065500106907338 -0.017694155736961967 0.018303314260054056 0.7072050536674479
0.014898843 -0.706542998203434 -0.01797322680581298 0.018581380147414082 0.7071977708673199
0.015076491000000001 -0.7065333360437493 -0.01835109652364326 0.018958344760775687 0.7071877144572027
0.015232200000000001 -0.706527656816005 -0.018577043371770584 0.019183081710775377 0.7071814286233249
0.015373739 -0.7065224837077227 -0.018800192878710972 0.01940488183742893 0.7071746483889745
0.015527601 -0.7065155256945863 -0.019060498768517432 0.019663866826694125 0.7071674778159839
0.015677059 -0.7065115716835711 -0.019226336079811935 0.019828203126972692 0.7071623501282516
0.015846579 -0.7065097022462581 -0.019330290425688703 0.019931685605415302 0.7071584747515152
0.016018749000000002 -0.7064993671961942 -0.019686567038989043 0.020287113947635205 0.7071488642692374
0.016202093 -0.706491752229407 -0.019946419524928004 0.020546472681377378 0.7071417020939378
0.016336692 -0.7064887277140641 -0.020061180123543784 0.02066046509687071 0.7071381561243849
0.016483077000000002 -0.7064836924208917 -0.020239693093176796 0.02083789733594652 0.7071328935931731
0.016629701 -0.7064732459650849 -0.020590234683230187 0.021186732214045233 0.7071228445958573
0.016773820000000002 -0.7064661051274664 -0.020846950977196466 0.021442614063969606 0.7071147440430624
0.016945331 -0.7064588972193192 -0.021090484898389373 0.021685372327282303 0.7071073204354779
0.017112046000000002 -0.706447170548367 -0.021467055825340794 0.022060660344348223 0.7070960953106514
0.017259267000000002 -0.7064455150110814 -0.021540268658753237 0.02213297867568815 0.707093262873985
0.017392473000000002 -0.7064355700455893 -0.021867362914051478 0.022458374488029387 0.7070828984135482
0.017549033000000002 -0.706426606973982 -0.022144336709849846 0.02273433882267637 0.7070744141525729
0.017692808 -0.7064236988154837 -0.02226047544878936 0.022849871301829607 0.7070699487081421
0.017864902000000002 -0.7064133091835272 -0.02259000890098165 0.02317753276597122 0.7070592125707115
0.018051845 -0.706407045163958 -0.02278018562444441 0.02336651444872619 0.7070531491254101
0.018208385 -0.7063944804341744 -0.023155685989281177 0.02373999571990917 0.7070410630378674
0.018361055 -0.7063820219773147 -0.02352813506890873 0.024110748988890936 0.7070286682098645
0.018512973000000002 -0.7063724361612453 -0.02380698709867019 0.024387078521150702 0.7070194333949491
0.018659755 -0.7063644016089652 -0.02404862251190442 0.024627569239566455 0.7070109466820435
0.018822792 -0.7063638406555658 -0.024088865656366795 0.024667386855282268 0.7070087490204348
0.018996141 -0.706353868301218 -0.024380783898290875 0.024957975830250657 0.70699850746297
0.019171068000000003 -0.7063429270596691 -0.024692422252249165 0.025268270447952712 0.7069876011534184
0.019340124 -0.7063367075136561 -0.024875166837401905 0.025450121067982483 0.7069808859023027
0.019496746000000002 -0.7063291063397587 -0.025096366983905025 0.025670296390009156 0.706972702291069
0.019643515 -0.7063246847692352 -0.025229241459183486 0.025801690501713104 0.7069676073401728
0.019804754 -0.7063182481073987 -0.02541314339139247 0.025984390609148186 0.7069607598573878
0.019980788000000003 -0.7063053986158438 -0.025761039610640246 0.02633123089929265 0.7069481727846967
0.020147154 -0.7062928618679755 -0.02609007503277825 0.026659120750721722 0.7069363426362572
0.020294878000000002 -0.7062842336554291 -0.026326726557550247 0.026894647576853455 0.7069272683170768
0.020434605 -0.7062823177538847 -0.026388741467297354 0.02695658753968002 0.706924511061958
0.020576913000000002 -0.7062753671700823 -0.02657969888293242 0.027146786498277262 0.7069170229375406
0.020722581 -0.7062694573696322 -0.026746154021667363 0.027311765291406446 0.7069102943857316
0.020902142000000002 -0.7062636525934141 -0.026912433967104323 0.027477410938281672 0.7069033638422614
0.021065292000000003 -0.7062554543625059 -0.027127590643106936 0.027691592710450227 0.7068949728936181
0.021227428000000003 -0.7062449746601083 -0.027397279536826614 0.027959669435939555 0.7068844896631679
0.021376911000000002 -0.7062443936237874 -0.027425398281564137 0.02798712121832467 0.7068828934483967
0.021526103 -0.7062384930816185 -0.02757263934537856 0.028133609156173096 0.7068772456977112
0.021703738 -0.7062358529477873 -0.02765328846511622 0.02821342016660333 0.706873552037901
0.02187725 -0.7062266485352304 -0.027883419743278307 0.028442585560438226 0.7068645238861219
0.022038845 -0.7062186548971731 -0.028087094810790386 0.028644829819703985 0.7068562798086452
0.022195476000000002 -0.7062095003661565 -0.028315753510113235 0.028872806057665495 0.7068470278398961
0.022344431 -0.7062063151376752 -0.028417353271280914 0.028974079103807795 0.7068419888722008
0.02251736 -0.7062012683528589 -0.02855482225265894 0.029110907551031667 0.706835869042091
0.022662632000000002 -0.7061978111815304 -0.028649756833027347 0.029205050003188366 0.7068315980275185
0.022795724 -0.7061936065480948 -0.028760066021982923 0.029314450680941587 0.7068267904191808
0.022969917000000003 -0.7061878399410496 -0.028913286229686735 0.029466112123583587 0.7068199946486484
0.023118759000000003 -0.7061804684113854 -0.029102707816815572 0.029654546542275496 0.7068117049832845
0.023287702 -0.70617294439664 -0.029300130446763408 0.029850359299265217 0.7068028232878584
0.023452348 -0.7061644984238756 -0.02951184395138979 0.030060651249603818 0.706793540914739
0.023595925 -0.7061562516727544 -0.029712171240713132 0.030259297455919796 0.7067849107197482
0.023742033000000003 -0.7061450939748453 -0.029976751934874996 0.030522455876379737 0.7067735707324989
0.023926529000000002 -0.706139128960063 -0.03012907969973929 0.030674022196307524 0.7067664914738606
0.024072153000000002 -0.7061288190078032 -0.030371514747234495 0.03091498309459657 0.7067559167625443
0.024241205000000002 -0.7061207756732722 -0.030559850427478514 0.031101639162148212 0.7067476450232105
0.024389498000000003 -0.7061086753130948 -0.030841559545796714 0.03138226270530802 0.7067350921242448
0.024540758000000003 -0.706092569825874 -0.031212445307277514 0.03175173730757144 0.7067183974346394
0.024678138000000002 -0.706084301262428 -0.03140212676930114 0.031940285155470316 0.7067097594694026
0.024841357 -0.7060712052845923 -0.03169056706174814 0.03222779353009356 0.7066969154817713
0.024998217000000003 -0.7060599546029379 -0.031946292649571245 0.03248296598577666 0.7066849593792218
0.025152347000000002 -0.7060471153426664 -0.03223447793770238 0.03277007916491244 0.7066714450576794
0.025311473 -0.706036325405979 -0.032475240050118044 0.03300968181809162 0.7066600504465907
0.025466062 -0.7060245568964046 -0.032741049204710236 0.03327464837276939 0.7066471159863875
0.025610839000000003 -0.7060126217966757 -0.03300400068034713 0.03353605004078689 0.7066344508658899
0.02575681 -0.7059955461811166 -0.03337252973801563 0.033903804695533016 0.7066166535388755
0.025939543000000002 -0.7059862695712517 -0.03356837637471717 0.03409841401321239 0.7066072809179206
0.026114605000000003 -0.7059808624956985 -0.033693306611287166 0.03422242901476877 0.7066007417429994
0.026272861 -0.7059724899990667 -0.03387645317763232 0.03440407487076951 0.7065915290441205
0.026434337000000002 -0.7059569149248883 -0.03419985125960346 0.03472625371517512 0.7065757508904934
0.026564745 -0.7059513801950595 -0.03432176714571636 0.03484676225820836 0.7065694362628531
0.026715333 -0.7059400615591372 -0.03456414095418947 0.035088179116259964 0.7065569823675129
0.026897746 -0.7059284014693551 -0.034811569694019044 0.03533476649732866 0.7065441959926775
0.027078968000000002 -0.7059214677112725 -0.034956864462332995 0.035479255391547365 0.7065367092290297
0.027234919000000003 -0.705907384331623 -0.035250919594972924 0.03577176198127939 0.706521421089658
0.027380643000000003 -0.7058963470054881 -0.03547631387056291 0.03599599744625814 0.7065097781392088
0.027510992 -0.7058833114585039 -0.03574139915856594 0.03625949575928662 0.7064959674038114
0.027665715 -0.7058764676847452 -0.035887037728462946 0.036404169722645756 0.7064879824305491
0.027822051 -0.7058668378908246 -0.036084471558594004 0.03660042129590129 0.7064774074514402
0.027999605 -0.7058591255038144 -0.03624185194487451 0.036757264248408535 0.7064689141325111
0.028165612000000003 -0.7058495778696674 -0.03643544928064304 0.036949830199447795 0.7064584499495794
0.028308157 -0.7058367145450487 -0.03668913276643322 0.037202612532867795 0.706444906243812
0.028444601000000003 -0.7058265914052928 -0.03689285686853108 0.03740529300318393 0.706433708165607
0.028587088 -0.7058210219664489 -0.03701019269342944 0.03752134880963318 0.7064269806360309
0.028727548000000002 -0.7058090005625212 -0.03724182873206123 0.03775093219975012 0.7064145865111204
0.028898661000000003 -0.7058067467103518 -0.03729638650629335 0.037805002741033225 0.7064110684434901
0.029081631 -0.7057971764876196 -0.037484782956397775 0.03799175638157257 0.7064006392663155
0.029246766 -0.705785503051888 -0.037707636300035804 0.038213272346190735 0.7063884934390239
0.029408052 -0.7057722056584019 -0.03795977636551343 0.03846450532265763 0.7063746392167815
0.029553313 -0.7057604961310999 -0.03818314467959732 0.038687197208024646 0.7063621382374258
0.029700007 -0.7057470684516784 -0.03843618156444075 0.03893910845517677 0.7063479887076368
0.029855498 -0.7057275366114818 -0.038795819529449965 0.03929689684259047 0.7063280274446649
0.030011006000000003 -0.7057138005849571 -0.0390489524431842 0.03954892334641771 0.7063137359836387
0.030176635 -0.7057071674384456 -0.03917524342906725 0.03967422905562512 0.7063063426567265
0.030334225000000003 -0.7056978192356526 -0.039352508557888924 0.03984986120965618 0.7062959412015738
0.030481386000000003 -0.7056838059521604 -0.03960919888387656 0.040104987349813874 0.7062811532033988
0.030621836000000003 -0.7056729808423318 -0.039806698460891486 0.04030107663015607 0.7062697035051075
0.030784713000000002 -0.705656750021545 -0.040100265853867806 0.040591868326215134 0.7062526602096925
0.030954541000000002 -0.705631381318662 -0.04054908498812335 0.041037545080664484 0.7062266246033889
0.03112213 -0.7056147736149547 -0.04084385469300835 0.04133066006780958 0.7062091385195269
0.031274397 -0.70560425079313 -0.041032328601160524 0.04151809246129072 0.7061977324167842
0.031427898 -0.7055908182880232 -0.04126883810260272 0.0417534836664144 0.7061834936834887
0.031573757 -0.7055747056795948 -0.041550471940057655 0.04203366593807858 0.7061664562371383
0.031715318 -0.7055573967841965 -0.04185153655715922 0.04233300275989516 0.7061480904231376
0.031892311 -0.7055507570333562 -0.04196747582070104 0.04244804996580414 0.7061409372618175
0.032054867 -0.7055356871129592 -0.04222247459305127 0.04270178877585861 0.7061254945720525
0.032215607 -0.7055185512109076 -0.04251255693424005 0.04299094960712589 0.7061076650568615
0.032387286 -0.7055138250536727 -0.04259897827011025 0.04307668085086229 0.7061019538815565
0.032526643 -0.70549244005976 -0.042956766969502465 0.04343349534333372 0.7060797863360166
0.032681417000000004 -0.7054741717791208 -0.04325739627279379 0.04373291315933418 0.7060612033859817
0.032840965 -0.7054600764959874 -0.043492153665384 0.043966183620735955 0.7060463778942925
0.033017888 -0.7054373790163557 -0.043867340853642245 0.044340156218325454 0.7060224580277171
0.033173541 -0.705419512859504 -0.044159130745625594 0.04463134870340009 0.7060037710676669
0.03333398 -0.7054073035101303 -0.04435479422443608 0.044825663256147175 0.7059913939259612
0.033483428 -0.7053990492471929 -0.04448826254514597 0.044958411560750144 0.7059828022316159
0.033630006000000004 -0.7053921993439523 -0.044598709454914995 0.04506787141969639 0.7059756987215324
0.033771858 -0.7053840450742626 -0.04473177728071934 0.045200296276632676 0.705966961176289
0.033946741 -0.7053685256349097 -0.04498252251287542 0.04544996415179461 0.7059505056805422
0.034106865 -0.7053514190418162 -0.04525609269768422 0.04572214443268751 0.7059325373135251
0.034267338 -0.7053381336973457 -0.045465994708445596 0.045930178997947865 0.7059188190824308
0.034425679 -0.7053304033607546 -0.04558961394900144 0.04605306626576573 0.7059105639402611
0.034577372 -0.7053184837415298 -0.04578297621385648 0.04624617580904321 0.705897334464857
0.034726316 -0.7053018166628563 -0.0460432961116035 0.04650511832533935 0.7058800438210451
0.034900279 -0.705287464897738 -0.04627253568200918 0.04673278188917166 0.7058643576471181
0.035064421000000005 -0.7052685093807379 -0.04656648064187373 0.04702469813012695 0.7058445794381881
0.035227309000000005 -0.7052657145443193 -0.046613306745389806 0.0470712762155506 0.7058411765248543
0.035375128 -0.7052480131235205 -0.04688619115826777 0.047342984581584355 0.7058226171460541
0.035528497 -0.7052273324725392 -0.047203217456253714 0.04765836645193028 0.7058009251216508
0.03567853 -0.705215698575285 -0.047383243370441565 0.0478369671932636 0.7057884040563581
0.035839259000000005 -0.7052063926703083 -0.04752193564302659 0.047976105437674235 0.7057789332905201
0.036006296 -0.7051975947246599 -0.047657553773871465 0.048110245433576566 0.7057694483662253
0.03618345 -0.7051852263355755 -0.047848565528673434 0.04829998148184139 0.705755923194234
0.036328522 -0.7051786180397656 -0.047947550106916474 0.04839844613342883 0.7057490627058183
0.036478764000000004 -0.7051621482761675 -0.04818973866752024 0.048639838808304525 0.7057324279118814
0.03664042 -0.7051487605941827 -0.04838780086513265 0.04883725003097488 0.7057186189759602
0.036791225000000004 -0.7051336191356696 -0.04861030396803965 0.049059578195977394 0.705703036198655
0.036959918 -0.7051147668154686 -0.04888688240392139 0.04933564430405745 0.7056835215227123
0.03712987 -0.7051094365790935 -0.04897225384661838 0.049420119111001706 0.7056770172163398
0.037292625 -0.705091377057824 -0.0492336598437889 0.049680952505619214 0.7056585574449035
0.037446323000000004 -0.7050865211696596 -0.04931506223628263 0.04976064032455435 0.7056521104453591
0.037594583 -0.7050840896477705 -0.049357552444065256 0.049802016282841276 0.7056486503327771
0.03774901 -0.7050691703019231 -0.04957111501555694 0.05001546487615138 0.7056334905027504
0.037915765000000004 -0.7050602482977395 -0.04969784132195557 0.05014209191464333 0.7056245045749838
0.038086025 -0.7050423512822529 -0.04994841249367165 0.050392670908796566 0.705606843579647
0.038232765 -0.7050210336490348 -0.050251788174366346 0.05069367433659847 0.7055850418482383
0.038387719 -0.7050032601795655 -0.05050476644685825 0.05094485608971468 0.7055666469868958
0.038540181 -0.7049846646098442 -0.05076568255350677 0.05120483823095907 0.7055476827837815
0.038691764000000003 -0.7049671241196058 -0.05101752805189643 0.05145585274200692 0.7055287811001048
0.038863203000000006 -0.7049505748903748 -0.05124989472494322 0.051687607038133215 0.7055115353635857
0.039041192 -0.7049406315167708 -0.05139649752446571 0.05183321886144916 0.7055001229634305
0.039202092 -0.7049248420923595 -0.05161406873365655 0.05205003960727546 0.7054840524680205
0.039350485000000004 -0.7049079074966327 -0.05184493816217295 0.052281205817845934 0.7054669516383537
0.039515488 -0.7048921059219931 -0.05205994003395 0.052495718178117455 0.7054509771950728
0.039660581 -0.7048779926033857 -0.05225298430684909 0.05268785594291933 0.7054364826195113
0.039829627 -0.7048662901381737 -0.05242263952279277 0.052855395913315 0.7054230553470436
0.040004513000000005 -0.7048581588094128 -0.05254158261024794 0.05297227913698727 0.7054135635920594
0.040179123000000004 -0.7048341116936996 -0.05287037755816964 0.05330014052564104 0.7053883279370005
0.040335879000000005 -0.7048214646000807 -0.05304610883746168 0.05347436403056298 0.7053745854280041
0.040489265 -0.704808513608653 -0.05322447331313923 0.05365168445885151 0.7053606250280975
0.040627125 -0.7047980064562583 -0.053368374358117615 0.05379499563386337 0.7053493355482862
0.040772806 -0.704776926622157 -0.05365430051859218 0.05407990156875763 0.7053269199337293
0.040950864000000003 -0.7047619412618222 -0.05385538911900988 0.054280041163016664 0.7053111939725965
0.041116061 -0.7047476426627157 -0.05404651260822763 0.05447030954776889 0.7052961931089692
0.041274623 -0.7047256103092744 -0.05434612295573722 0.05476742125001589 0.7052721763004156
0.04142796 -0.704714128177534 -0.05449812247114161 0.054918523455335974 0.7052601704162691
0.04157269 -0.7046884353773952 -0.054831362885141684 0.055250227499904894 0.7052341051386596
0.041719729000000004 -0.7046670485526918 -0.05510977775584004 0.05552697585060552 0.7052120376401888
0.04189918 -0.7046485236232088 -0.05534519012476705 0.055761718155140874 0.7051935896433494
0.042079281 -0.7046308956973 -0.055572005926304124 0.055987634049293244 0.7051754659797166
0.042244891 -0.704604785073984 -0.055902246969171066 0.05631755314214635 0.7051491819769237
0.042410552000000004 -0.7045816571477681 -0.05619776629496883 0.05661260941382509 0.7051251746532095
0.042563209000000005 -0.704567274062972 -0.056384260218581686 0.05679826171692245 0.7051097283295789
0.042698230000000004 -0.704548376490226 -0.056622656266326184 0.05703534894866708 0.705090369351785
0.042883684000000005 -0.7045402933138483 -0.056724872001504174 0.05713667033074819 0.705082027070018
0.043059449 -0.7045190322686358 -0.056992452038972595 0.05740363766909932 0.7050600087681939
0.043230912 -0.7045033855503967 -0.05719419253542209 0.05760482129109709 0.7050428984482231
0.043380943000000005 -0.704489457888534 -0.05737152083305887 0.0577810351435687 0.7050279883089461
0.043525374000000006 -0.7044769812478079 -0.057530716484857525 0.05793838697432643 0.7050145692590534
0.043680133 -0.7044606711654379 -0.057733751769104995 0.05814054600393212 0.7049976266613736
0.043842178 -0.7044421252918358 -0.05796124850142519 0.05836690018208376 0.7049787874465534
0.044019796 -0.7044257073381682 -0.058163517033409884 0.05856770949642252 0.7049618794883656
0.044192737 -0.704411601419196 -0.05833718375717279 0.05874034463109579 0.70494726092804
0.044374355000000004 -0.7044005200507598 -0.05847521537809874 0.05887726427394218 0.7049354752672905
0.044522572 -0.7043916185468279 -0.05858436999559184 0.05898536095722299 0.7049262702623208
0.044681194 -0.7043759363585246 -0.05877430536253063 0.05917426668316233 0.7049102974639497
0.044854002000000004 -0.7043636220282902 -0.058924278978954976 0.05932334228631257 0.7048975516839164
0.045025132 -0.7043386678406414 -0.059221798120246576 0.05961923459985932 0.7048725888255286
0.045188574 -0.7043314659996881 -0.05931024162489025 0.059706928769161914 0.704864925995103
0.045339895000000005 -0.7043234149975389 -0.059410327209706966 0.059806029907320424 0.7048561405661197
0.045485564000000006 -0.7043053338517814 -0.059629323089973846 0.06002343442625999 0.7048372350092177
0.045619081000000006 -0.7042773714481501 -0.059955667925679225 0.06034847301147144 0.7048097358541909
0.045783135 -0.7042547384798598 -0.060223496246376004 0.060615185132054834 0.7047866295269329
0.045972095000000004 -0.7042338558378805 -0.06047303235487983 0.060863415444752676 0.7047647361424357
0.046159468 -0.7042238694707409 -0.060592823152350796 0.06098270113975141 0.7047541142922014
0.046328474 -0.7042074365377472 -0.06077966464849655 0.061168501193564165 0.7047383437502777
0.046466943000000004 -0.7041814299439185 -0.0610847948186867 0.06147266685169391 0.7047114819514708
0.04661523 -0.7041714418094827 -0.06119765799188416 0.061584651116666354 0.7047018929612022
0.046793737 -0.7041424062639778 -0.06153027532130323 0.06191603507086612 0.704672903921219
0.046975222000000004 -0.704119894524662 -0.06178396911172162 0.06216885754289482 0.7046509408545428
0.047148772000000005 -0.7041095245034835 -0.06190213106753362 0.062285756083085606 0.7046406092909597
0.04731283 -0.7040912169146344 -0.06211657816770574 0.06249883777985935 0.704621163645098
0.047469041000000003 -0.7040716951693955 -0.062341794313949685 0.06272273973835309 0.7046008846593411
0.047610673000000006 -0.704055274816942 -0.06253394596566496 0.06291390440000974 0.7045832216548664
0.047758046000000005 -0.7040261790305365 -0.06285923778157898 0.06323771060954385 0.7045543608707889
0.047937067 -0.7040155717412204 -0.06298060496341255 0.06335788472540366 0.7045433248476973
0.048129092000000005 -0.7040016601484824 -0.06314560832006745 0.06352145924733037 0.7045277275403428
0.048292408 -0.7039770034711985 -0.06342120705511312 0.0637958463614951 0.7045028169329102
0.048458783000000005 -0.7039633642669428 -0.06358102418015546 0.06395408790911593 0.7044876931316001
0.048608877 -0.7039467010567152 -0.06377318181135773 0.06414545370542868 0.7044695764346026
0.048754006 -0.7039256954575193 -0.06400761839107948 0.06437896590730555 0.7044480029152304
0.048942557000000005 -0.7039044168620721 -0.06423924040972076 0.06460965265005388 0.7044270613044962
0.049124433 -0.7038944748530792 -0.06435767297088758 0.06472711496595111 0.7044154021522139
0.049280153 -0.7038832817483556 -0.06448263460326126 0.0648509765154944 0.7044037665677085
0.049444468000000005 -0.7038638023739787 -0.06469617177980981 0.0650634026118493 0.7043840619330132
0.049608305000000005 -0.7038522745498604 -0.06483135027460653 0.06519747337774517 0.7043707554248104
0.049773119000000005 -0.7038428948948616 -0.0649427330517255 0.0653078749606278 0.7043596398132993
0.049958299000000005 -0.7038199276482435 -0.0651949648734641 0.0655592384066435 0.7043359370782599
0.050125417000000005 -0.7038030181557702 -0.06538329154622953 0.06574647716788838 0.7043179236406117
0.050299566000000004 -0.7037824754785018 -0.06560187767106687 0.06596409327036742 0.7042977774027127
0.050458515 -0.7037542843151281 -0.06590406170470914 0.0662649399603904 0.7042694936535091
0.050610805 -0.7037246597936464 -0.066217151371137 0.066576754969861 0.7042403196070872
0.050775282000000005 -0.7037104812674743 -0.06637176321548596 0.06673041846802998 0.7042253892420021
0.050953737000000006 -0.7036994568419785 -0.0664948495749159 0.06685245343714881 0.7042132197635514
0.051138732000000006 -0.703673970207509 -0.06675860381829755 0.06711526977576547 0.7041887339567141
0.051313548 -0.7036497763774237 -0.06701389197803907 0.06736930318301089 0.7041644037258581
0.051463486 -0.7036284147376269 -0.0672398187497642 0.06759402362304152 0.7041426763936134
0.051632483 -0.7035785823072643 -0.06775390142445473 0.06810670011103424 0.7040937897469707
0.051797302 -0.7035283598905366 -0.06826715535140977 0.0686190031198512 0.7040446539395041
0.051982234 -0.7034561083718031 -0.06900052227122201 0.06935064623995758 0.7039736638446052
0.052152176 -0.7034285858331657 -0.0692796610665432 0.06962887235358015 0.7039462858272828
0.052320507 -0.7033855189998238 -0.06971737196474162 0.07006536323790313 0.7039027948389033
0.052480154 -0.7033469168353947 -0.07010338164142489 0.07045029894038735 0.7038646076056041
0.052632899000000004 -0.7033365161102136 -0.07021186414952443 0.07055747686324278 0.7038534518614574
0.052785582000000004 -0.7033134583883388 -0.07044127269245641 0.0707857969179389 0.7038306453302483
0.052946847000000005 -0.7032969137818668 -0.07060709655043375 0.0709506892090545 0.7038139588572957
0.053134193 -0.7032760854153794 -0.0708164897300383 0.07115849540995821 0.7037927542935676
0.053298990000000004 -0.703236349488632 -0.07120940173928048 0.07154996049460988 0.7037531250481635
0.053477345 -0.7032217968589195 -0.07135738974125112 0.07169652727984131 0.70373776033963
0.053646302 -0.7031839642303598 -0.07172722519578505 0.0720654885029568 0.7037002792253385
0.053815076 -0.703178090472262 -0.0717863834510987 0.07212357284615398 0.7036941654374437
0.053987378 -0.7031472659097328 -0.07208906903347641 0.07242448693638641 0.7036631170251538
0.05415198500000001 -0.7031366782459872 -0.07219524308923284 0.07252909412378798 0.7036520369373402
0.054314743000000006 -0.7031164205680817 -0.07239513461197555 0.07272761355735147 0.7036312513229459
0.054485413 -0.7031007166862258 -0.07255316008274289 0.0728844926591925 0.7036144341094314
0.054641775000000004 -0.7030632788574032 -0.07291560158829596 0.07324573235057491 0.7035768640736575
0.054798947 -0.7030445927033263 -0.07310054728262451 0.07343056539726255 0.7035570785110707
0.054981307 -0.7030259217847319 -0.07328270535477877 0.07361154818939437 0.7035378727316481
0.055174895 -0.7029913765618586 -0.07361445545738651 0.0739421855671767 0.7035030843009321
0.055337908000000005 -0.7029871604733399 -0.07365723889879197 0.07398383220281742 0.7034984406095168
0.055489781 -0.7029687827163212 -0.07383428610875371 0.07416000677748336 0.7034796955960474
0.055650716 -0.7029305769400479 -0.07420036621189921 0.07452512832667335 0.7034407685830016
0.055826484 -0.7029085947042835 -0.07441075721597698 0.07473410139773615 0.7034183398161202
0.056000397 -0.7028946860464811 -0.07454620939872286 0.0748683193001591 0.7034036236451087
0.05616846700000001 -0.7028667131492852 -0.07481207281125872 0.07513279074241247 0.7033751495920649
0.056339903000000004 -0.7028289950983749 -0.07516610701245993 0.0754855494960765 0.70333732434933
0.056515304 -0.702817242874347 -0.07528368972689889 0.0756019662460049 0.7033239878458168
0.056677347 -0.7027973502120866 -0.07546840835514744 0.07578556975709881 0.70330430916624
0.056869457000000005 -0.702769925085113 -0.07572518741754244 0.07604138571846111 0.7032765004210354
0.057037109 -0.7027322928660402 -0.0760740815246052 0.0763887956735704 0.7032388005357545
0.057211044 -0.7027027070336481 -0.07634854291283487 0.07666219313027994 0.7032088691613076
0.057350120000000004 -0.702683551155382 -0.07652640792168675 0.07683925646925245 0.7031893518047021
0.057508036000000005 -0.7026747201434794 -0.07661190068428929 0.07692430264165062 0.7031795688214488
0.057670391 -0.7026558997138345 -0.07678550762874196 0.07709660611086816 0.7031605689611181
0.05783908200000001 -0.7026291058505676 -0.07703184532874972 0.07734188825112846 0.7031334629632051
0.058023332000000004 -0.7026074781005043 -0.07723361489671526 0.0775422634651694 0.7031108716439627
0.058187967 -0.7025845253767525 -0.07744476946217499 0.07775204862122545 0.7030874137113222
0.058356519 -0.7025762968777582 -0.0775236518525999 0.0778302830367558 0.7030782869008195
0.058520999000000004 -0.702555074112339 -0.07771695548968562 0.07802267608533905 0.7030568289156303
0.058691035 -0.7025218712465032 -0.0780199034045852 0.0783246827831162 0.7030228724301751
0.058868584 -0.7024944702851129 -0.07826669930424864 0.07856999387256348 0.7029954473975786
0.059048179000000006 -0.7024930493705325 -0.07828309758312627 0.07858493289673871 0.7029933716191753
0.059230409000000005 -0.7024643387017139 -0.07854473058124094 0.07884558859744449 0.7029636913162771
0.05938954900000001 -0.7024492249280864 -0.07868037046405411 0.07897965400409399 0.7029485756120164
0.059566585000000005 -0.7024130271608895 -0.07900637028326532 0.07930465085523722 0.7029115912275649
0.059721654000000006 -0.7023875127073802 -0.07923859086572649 0.07953614301051355 0.7028847911751712
0.059897818000000005 -0.7023703417052763 -0.07939049892921414 0.0796866764914382 0.7028677580899071
0.060070069000000004 -0.7023397935867446 -0.07966167441897491 0.07995687017076766 0.7028369162798639
0.060235697000000005 -0.7023200373697199 -0.07983477253552013 0.08012915803979427 0.7028173960816778
0.060400655000000004 -0.7022806731371687 -0.08017967271460691 0.08047332521155057 0.7027781443320352
0.060562743 -0.7022366886845778 -0.08056536015918393 0.08085853198162216 0.7027337715049111
0.060707356000000004 -0.7022132939162962 -0.08077084183883775 0.08106289719008337 0.7027100167601285
0.060896585 -0.702178650661903 -0.08107509061546589 0.08136642338255008 0.7026745173850081
0.061090636000000004 -0.7021345781621755 -0.08146056823426506 0.08175107702692261 0.7026293271540208
0.061266204000000005 -0.7020742965890645 -0.08198361691429408 0.08227284554520432 0.7025678241369403
0.061445002000000006 -0.7020447131970209 -0.08223967356345693 0.0825278523682043 0.7025375508453477
0.06161838 -0.702004352131406 -0.08258731872514616 0.0828747674301885 0.7024962614119362
0.061771857000000006 -0.7019971925206665 -0.08264818699122428 0.08293443957161069 0.7024892153002122
0.061968955000000006 -0.7019743260433281 -0.08284457423568922 0.08313003457231465 0.7024658137217268
0.062153636000000005 -0.7019134550441658 -0.08336289524108388 0.08364738625386733 0.7024039038173702
0.062331791000000004 -0.7018671968270644 -0.08375586711115053 0.08403955353723547 0.7023565662708929
0.062498183000000006 -0.7018323040993133 -0.0840520901741299 0.0843349255538343 0.7023206414393907
0.062672644 -0.7018024105696398 -0.08430461078261636 0.08458687447191457 0.7022899470920154
0.062846236 -0.7017663475349368 -0.08460745320425543 0.08488945998377882 0.7022530540435019
0.06301896 -0.7017408502636349 -0.08482428121550593 0.08510532542584764 0.7022262484211931
0.063187907 -0.7017057830026884 -0.08511423132631056 0.08539449078226463 0.7021911012469129
0.06337408500000001 -0.7016712552016999 -0.08540468565367051 0.08568378024151375 0.7021550961828816
0.06354148600000001 -0.7016427763886869 -0.08564186299893238 0.08591910097071004 0.7021259101699859
0.06370031500000001 -0.7016146004942976 -0.08587402164946728 0.08615030941083864 0.702097378550433
0.063869707 -0.7015854357488457 -0.08611486372900425 0.08639048437360988 0.7020675115683174
0.06405590600000001 -0.7015509651585347 -0.0863990873492549 0.08667334022525157 0.7020321738243491
0.064241105 -0.7015270752966005 -0.08659843298544374 0.08687166500634737 0.702006971368011
0.064401336 -0.7015059032748524 -0.08677122752052822 0.08704356087947139 0.7019854986070119
0.06456753400000001 -0.701473379874109 -0.08703488315091004 0.08730560954935829 0.701952816779102
0.064734374 -0.7014483273283304 -0.0872409882338402 0.08751080263439164 0.7019267151794082
0.064916502 -0.7014244993789345 -0.08743372243935565 0.08770205493645764 0.7019026751703762
0.065094126 -0.7013963194668599 -0.08766147623687602 0.08792897102304383 0.7018740376144014
0.06527279200000001 -0.7013735111529522 -0.08784594241763594 0.08811303360738978 0.7018506832384217
0.065438232 -0.701344254378744 -0.08808063800870915 0.08834638436232148 0.7018211698346001
0.065606565 -0.7013185890641136 -0.08829050584915969 0.08855507313646069 0.7017941451963075
0.065760438 -0.701297074285525 -0.08846234896426261 0.08872610859650211 0.7017724018993684
0.065963187 -0.7012655919429838 -0.0887137217611366 0.08897613722738625 0.7017404734887656
0.066144282 -0.7012521072623171 -0.08882460181767461 0.08908623447960803 0.701725954342815
0.066322438 -0.7012333073920045 -0.0889769224927897 0.08923775761507388 0.7017061909970691
0.066503404 -0.7012055089429317 -0.08919946562987914 0.08945937718275318 0.7016774967130563
0.066674042 -0.7011909162130044 -0.08931414168531827 0.08957332869521803 0.7016629546312387
0.06685287200000001 -0.7011691006092635 -0.08948767978288295 0.08974563429837655 0.7016406264194327
0.067029746 -0.7011488052056605 -0.08964924967817707 0.08990626293442242 0.7016197181351024
0.067211912 -0.7011164929547602 -0.0899016841446084 0.09015789049060119 0.7015874181291057
0.067368259 -0.7010778083465914 -0.09020935692235353 0.09046423864609783 0.7015471474489626
0.067532192 -0.7010614263709042 -0.09033937903971954 0.09059332915334561 0.7015301289056828
0.067710175 -0.7010352471225261 -0.09054265527256761 0.09079571762577583 0.7015039183988008
0.067909652 -0.7010199615067269 -0.09066262620210898 0.0909147922267031 0.7014882766900803
0.068085029 -0.7010059680562801 -0.09077173728073638 0.09102276717457594 0.7014741480029016
0.068259631 -0.7009814410520273 -0.09096230510801026 0.09121242986950646 0.7014493360089237
0.068441785 -0.700966282574022 -0.09107879923406956 0.0913274827226767 0.7014343974485245
0.06860153100000001 -0.7009454956284548 -0.09124257663994204 0.09149034214402257 0.7014126614630314
0.068781308 -0.7009339332332464 -0.0913373565948395 0.09158451843575166 0.7013995897598806
0.06897101700000001 -0.7008842573836512 -0.09171735882359754 0.09196300601310743 0.7013501189614382
0.069154674 -0.7008549426838325 -0.09194565402695014 0.09218940013509049 0.7013197990388761
0.06934053600000001 -0.7008302147583455 -0.09213683442597799 0.09237911326984218 0.7012944554573408
0.069523209 -0.7008088836309776 -0.09230293351690874 0.09254377499783006 0.7012722201807415
0.069695245 -0.700776217237193 -0.09255583631350672 0.09279446664391927 0.7012384027413984
0.069875583 -0.7007627585826176 -0.09266011853649299 0.09289736270144577 0.7012244566610597
0.070065732 -0.7007353437450304 -0.09287152179924744 0.09310686141100051 0.7011961001199437
0.070238991 -0.7007157911633225 -0.09302534394235928 0.09325894620865142 0.7011750383112736
0.070427749 -0.700681142600698 -0.09328819642588312 0.09352014525488951 0.7011399512528792
0.070596042 -0.7006626558705561 -0.09343099679644334 0.09366176824645278 0.7011205065286485
0.070770287 -0.7006345776558097 -0.0936447829649926 0.09387459786929 0.7010915796751398
0.070954641 -0.7005929772713713 -0.0939582534465266 0.09418619444909755 0.701049418787656
0.071124221 -0.7005627715199398 -0.09418513874024509 0.0944118295510877 0.701018808051251
0.07129673 -0.7005381701080136 -0.09437263802091303 0.09459830503663123 0.7009930371258228
0.071469742 -0.7005196051202747 -0.09451540059234594 0.09473930060772649 0.7009733139095673
0.07164820200000001 -0.7004855893496105 -0.09476882524816194 0.09499176548253827 0.7009389227066235
0.071841604 -0.7004758095713355 -0.09484159970500847 0.09506369108507291 0.7009291018413047
0.072023584 -0.7004355301655151 -0.09514252436271234 0.09536284516794218 0.7008879339103495
0.072196887 -0.7003948492445299 -0.09544413619014708 0.09566341719482299 0.7008466184760095
0.072380753 -0.7003463477581113 -0.09580230267352408 0.09602019612051656 0.7007974271651557
0.07255602300000001 -0.7003175204675924 -0.09601463529512544 0.09623193874642683 0.7007681316244126
0.072757219 -0.7003087796566091 -0.09608073762539374 0.0962972978509433 0.700758828285336
0.072959577 -0.7002762388458597 -0.09631837344175953 0.09653363616833262 0.7007262071119856
0.073136693 -0.7002443023646994 -0.09655280360664681 0.09676643550383326 0.7006937491382048
0.073315816 -0.7001945999189358 -0.09691455117791122 0.0971266473044464 0.7006436372348943
0.073486303 -0.7001688686132752 -0.09710196711313704 0.09731331823215093 0.7006175001398499
0.073666148 -0.7001193627648825 -0.09746108260228702 0.09767110895427568 0.7005673199167417
0.07383703 -0.7000623064287934 -0.09787218105702865 0.09808098912104318 0.7005097592937413
0.074021284 -0.7000245324926374 -0.09814425376741426 0.09835171615269479 0.7004714835671189
0.07421673200000001 -0.6999893272226024 -0.09839795202141972 0.09860453841364912 0.700435528665322
0.074391751 -0.7000063842621752 -0.09827978403077883 0.09848577936510564 0.7004517808571167
0.074573229 -0.6999868656737777 -0.09842105418030234 0.09862637817331574 0.7004316679781489
0.074733321 -0.6999399128911488 -0.09875680031283166 0.09896091371855287 0.7003841448019014
0.074931327 -0.6999236716116285 -0.09887655816194205 0.09907976833488603 0.700366675156985
0.07512196 -0.6999059112248766 -0.099002995104143 0.09920526989930059 0.7003487965414734
0.07532303 -0.6998619052852476 -0.09931632620068676 0.09951736323938631 0.7003041305706978
0.07550908 -0.6998396905277884 -0.09947514752708685 0.099675184108897 0.7002813436464591
0.075671396 -0.6998599213775561 -0.09933792526884795 0.09953760262810915 0.7003001732940879
0.075845376 -0.6998166699742547 -0.09964392105197212 0.09984241907127835 0.7002565306925224
0.07601780400000001 -0.6997882790340223 -0.0998433519275458 0.10004078521700872 0.7002281848766421
0.076198429 -0.6997799069440347 -0.09990574789134721 0.1001024814814462 0.7002188347773318
0.076377339 -0.6997431682997233 -0.1001669164515648 0.10036236614532887 0.7001810356816017
0.076554761 -0.6997190263624692 -0.10033839815696467 0.10053278618308918 0.700156160369897
0.076722097 -0.6996832430378799 -0.10058944217518158 0.1007824786241465 0.7001200008121844
0.076923005 -0.6996655948139637 -0.10071691181493804 0.10090915915916272 0.7001010646370095
0.077104607 -0.6996277187033636 -0.10098162858063944 0.10117236219890288 0.7000627964963014
0.077282218 -0.6995992525935181 -0.10118392464162425 0.10137379457184457 0.7000328941834187
0.077448898 -0.6995726269704564 -0.10137105432123582 0.10155941766831798 0.7000055239941515
0.077614869 -0.6995590714904991 -0.10146873261903505 0.10165628174290448 0.6999908586390566
0.07777834700000001 -0.6995307711093313 -0.10166608112788084 0.10185225791162036 0.6999620173820771
0.07798956900000001 -0.6994722910481015 -0.10206915144393532 0.102254843821187 0.6999030999320824
0.07817378800000001 -0.6994358759337594 -0.1023207579622797 0.10250564945683545 0.6998660655984331
0.078352879 -0.6994010151970336 -0.10256012640349209 0.10274345889381672 0.6998309953610172
0.078530548 -0.6993809981749824 -0.10269677529752606 0.10287967491514677 0.6998109489173538
0.078685902 -0.6993953282720712 -0.10260358977018103 0.10278576811675245 0.6998240950625538
0.07887645600000001 -0.6993413542875199 -0.10296968543345188 0.10315055421016477 0.6997705890012585
0.07906305300000001 -0.6993143997943038 -0.1031542701676227 0.10333442924505862 0.6997432118421119
0.079236625 -0.6992776808969272 -0.10340389799389786 0.10358265948116463 0.6997063609357076
0.07939552100000001 -0.6992329215019355 -0.10370743124547588 0.10388639080004028 0.6996611379795745
0.079562165 -0.6991875795605071 -0.10401508117482676 0.10419342032902519 0.6996151246482966
0.07971207100000001 -0.6991422933383038 -0.10432017087108302 0.10449767884213002 0.6995695753330694
0.079892187 -0.6991273034717579 -0.10442093058682539 0.10459724123960358 0.6995546439848377
0.080091255 -0.699084932581804 -0.1047064372537682 0.10488177748166957 0.6995117095424503
0.080264665 -0.6990618697012124 -0.10486339236879075 0.10503755412209985 0.6994878723000135
0.08044378 -0.6990151415580608 -0.10517673002205959 0.1053496669820289 0.6994405871846482
0.080599851 -0.6989538959953081 -0.10558218595621695 0.10575395685611243 0.6993796922208717
0.080758095 -0.6989386198015665 -0.10568658142087504 0.10585744888774205 0.6993635340596677
0.08095605 -0.6989085876306007 -0.10588855238071276 0.10605810831083819 0.6993325948877552
0.081141506 -0.698893961432897 -0.10598836181291421 0.10615703736201523 0.6993170820531741
0.081339037 -0.698859012241333 -0.10622142065438706 0.10638891628416357 0.6992814092302986
0.081504481 -0.698864108751292 -0.10619277357904 0.10635951313671618 0.699285139484726
0.081677804 -0.6987986011074641 -0.10662486953027084 0.10679041918574636 0.6992191778391348
0.081840018 -0.6987519961475278 -0.10693111784538516 0.10709560154405416 0.6991723078369866
0.08202345800000001 -0.6987132005860618 -0.10718927869385747 0.10735234469219575 0.6991321734471668
0.082189782 -0.6986753775818935 -0.10743944672701403 0.107601570942416 0.6990932584273108
0.08236062400000001 -0.6986118446913873 -0.10785492267326191 0.10801584960254863 0.6990288852019494
