0 -0.7067529998956005 0.00035399999994770805 0.0003529999999478558 0.7074602089259648
0.0008119140000000001 -0.7067291167765513 0.0019218067653864826 0.0015659105972657145 0.7074799008332278
0.001107436 -0.7065425731118641 0.002218963524853506 0.0025838641544291413 0.70766234337244
0.001353952 -0.7058541883808012 0.0024136799452039387 0.0020401167460982876 0.7083501089278276
0.001538405 -0.7048249691504012 0.0005406568043084714 0.00035377377220726806 0.709380959285259
0.001734436 -0.7044218429840485 0.0003323587115830843 -0.0011349171662065137 0.709780577803922
0.0019133770000000002 -0.7051534324454048 0.00017962067211969667 -0.0017580166515026449 0.7090525465889896
0.00208733 -0.7046152658839295 0.0015016887555518185 -0.0028362973884136335 0.7095822908101114
0.0022359890000000003 -0.7041448369458877 -0.0009835515468427324 -0.002187961035078082 0.7100523178296887
0.002377506 -0.7046424665400447 -0.00020524402639338763 -0.0025573951443381977 0.7095578989436504
0.0025128050000000003 -0.7047910407499747 -0.0016659758363537919 -0.0018158042751695827 0.7094106823680587
0.002667276 -0.704896732413033 -0.0018246950663464662 -0.0027445559081695635 0.7093022871344848
0.002811769 -0.7056505732208666 -0.001607425111619012 -0.002599488028774582 0.7085534047335892
0.002982081 -0.7059305647308404 -0.002363674051418125 -0.0024612832188519876 0.7082728237823983
0.0031317750000000003 -0.7059237388077271 -0.001424230348924339 -0.003546555025568379 0.7082775363535708
0.003291618 -0.7064591490841675 -0.0011031962460873515 -0.005474541565508163 0.7077317874929487
0.0034424480000000003 -0.7065336505904946 -0.0026568632016151154 -0.006597234734891915 0.7076437084826304
0.0035821100000000003 -0.7065583696456686 -0.0015165402564923025 -0.007872167344124478 0.707609355061542
0.0037184590000000003 -0.7064520368952993 -0.0014373044562841794 -0.009412995795168473 0.7076968625284011
0.003879477 -0.7060746200841712 -1.989581778808601e-05 -0.010390314835410346 0.7080612062772332
0.004030257000000001 -0.7058947770489933 -0.00010371716536298078 -0.012336117799275636 0.7082092721613746
0.004189202 -0.7060625885944252 0.00016758632544540026 -0.011957159300023544 0.7080484582594874
0.004343889 -0.7056444562960944 0.0015964612485626641 -0.01473200507811028 0.7084111240208257
0.004484364 -0.7055024101946201 0.003374686358828905 -0.016393791936030428 0.7085098476997477
0.0046304530000000005 -0.7054260670650065 0.003875591298832294 -0.0168409499119187 0.7085728093169718
0.0047888720000000004 -0.7050684297308646 0.003907165613889063 -0.01965841691755132 0.7088559727462372
0.00497091 -0.7048878097354877 0.004453775252735476 -0.021138329267116524 0.7089897817374381
0.005137509 -0.7049010447208849 0.0042787831779388654 -0.021729482025963143 0.7089598287468795
0.005274089 -0.704997638358825 0.0038352332817289596 -0.0211359020748058 0.7088842603257871
0.005422473000000001 -0.704905756595159 0.004105607840606636 -0.022521228700335894 0.7089314582955765
0.005572906000000001 -0.7048570617540334 0.004420482797870739 -0.023541771964984432 0.708944826344091
0.0057091730000000005 -0.7047538471288525 0.005276914678715092 -0.024508393977536975 0.7090088206455526
0.0058913820000000006 -0.7047019755908759 0.0053596955531148675 -0.025111973957715285 0.7090386364831196
0.006052653000000001 -0.7047043849791914 0.005085988358372566 -0.02528486127357954 0.7090321137324415
0.006193141 -0.7046041429279409 0.005296002124035737 -0.02572002966627431 0.7091145423725633
0.006345535 -0.7044902395001628 0.005176066419606637 -0.026458282932289207 0.7092014312236671
0.006501304 -0.7044902395000506 0.005176066440327799 -0.026458282911258495 0.7092014312244119
0.006642671 -0.7044902394999424 0.005176066463116195 -0.026458282888252988 0.7092014312252114
0.006791040000000001 -0.7044902394997344 0.005176066493101959 -0.026458282857902703 0.7092014312263315
0.006950607 -0.7044902394997167 0.0051760664856184 -0.026458282865648497 0.7092014312261148
0.0071113850000000004 -0.7044902394997306 0.005176066469211403 -0.026458282882082265 0.7092014312256076
0.007252740000000001 -0.7044902394996972 0.005176066466605985 -0.026458282884901645 0.7092014312255546
0.007396482 -0.7044902394995894 0.005176066477250299 -0.026458282874022993 0.7092014312259897
0.007538896000000001 -0.7044902394994818 0.0051760664745039014 -0.026458282876706887 0.7092014312260166
0.007670357000000001 -0.7044902394994776 0.005176066460446188 -0.02645828289100546 0.7092014312255899
0.007837687000000001 -0.7044902394995165 0.0051760664665589625 -0.026458282884934868 0.7092014312257331
0.008014323 -0.7044902394995078 0.005176066450870175 -0.02645828290105333 0.7092014312252548
0.008162945000000001 -0.7044902394996588 0.005176066450719253 -0.026458282901284345 0.7092014312250974
0.00831027 -0.7044902394997612 0.0051760664418354614 -0.026458282910089635 0.7092014312247321
0.008474474000000001 -0.7044902394997817 0.005176066434442626 -0.026458282917561287 0.7092014312244869
0.008634332 -0.7044902394998953 0.005176066420968535 -0.026458282931207847 0.7092014312239633
0.008770539 -0.7044902394997943 0.005176066432122131 -0.02645828291984493 0.7092014312244062
0.00893477 -0.7044902394999651 0.005176066423666986 -0.026458282928333784 0.7092014312239815
0.00910297 -0.7044902395001633 0.005176066403828787 -0.026458282948030654 0.7092014312231946
0.009277073 -0.704490239500315 0.005176066396757412 -0.026458282955006518 0.7092014312228352
0.00944785 -0.7044902395004394 0.005176066355108893 -0.026458282997047798 0.7092014312214472
0.009610214 -0.7044902395005167 0.005176066360140138 -0.02645828299184379 0.7092014312215277
0.009769603 -0.7044902395006032 0.005176066380181871 -0.02645828297165899 0.7092014312220486
0.009921175 -0.704490239500551 0.005176066405373743 -0.026458282946596377 0.7092014312228516
0.01009428 -0.704490239500773 0.005176066351006478 -0.0264582830014505 0.7092014312209814
0.010248041000000001 -0.7044902395007593 0.0051760663657441745 -0.02645828298650972 0.7092014312214451
0.010411100000000001 -0.7044902395007311 0.0051760663779200685 -0.026458282974176937 0.7092014312218442
0.010554597 -0.7044902395006654 0.005176066388629016 -0.02645828296354147 0.7092014312222281
0.010711724 -0.7044902395007807 0.005176066383465983 -0.0264582829685362 0.7092014312219649
0.010874328 -0.7044902395010963 0.005176066355515774 -0.02645828299653338 0.7092014312208109
0.01104269 -0.7044902395012218 0.005176066320968182 -0.026458283031338934 0.7092014312196399
0.011215826 -0.7044902395013808 0.005176066302762286 -0.026458283049528 0.7092014312189362
0.011369738 -0.7044902395013017 0.005176066286856757 -0.026458283065668557 0.7092014312185286
0.011517237000000001 -0.7044902395011883 0.00517606631018652 -0.02645828304240055 0.7092014312193391
0.011661505 -0.7044902395010765 0.0051760663251919255 -0.026458283027506677 0.7092014312198963
0.011833910000000001 -0.704490239501015 0.005176066337237943 -0.026458283015674433 0.709201431220311
0.0120081 -0.7044902395012917 0.005176066326014369 -0.02645828302663488 0.709201431219709
0.012167805 -0.704490239501439 0.005176066299735651 -0.026458283053073142 0.7092014312187681
0.012318448000000001 -0.7044902395014815 0.005176066294198708 -0.026458283059253043 0.7092014312185358
0.012488810000000001 -0.7044902395012989 0.005176066305504624 -0.026458283048087138 0.7092014312190512
0.012638566 -0.7044902395013587 0.005176066293750354 -0.026458283060488353 0.709201431218615
0.012787986000000001 -0.704490239500897 0.005176066330575658 -0.02645828302350008 0.7092014312201848
0.012956619 -0.7044902395009182 0.005176066335261787 -0.026458283018919407 0.7092014312203004
0.013114013 -0.7044902395009578 0.005176066327280201 -0.02645828302691661 0.709201431220021
0.013281586000000001 -0.7044902395006998 0.005176066360699956 -0.02645828299287135 0.7092014312213035
0.013441452000000001 -0.7044902395007164 0.005176066350826508 -0.02645828300321958 0.709201431220973
0.013612141000000001 -0.7044902395008747 0.005176066339383322 -0.02645828301486549 0.7092014312204648
0.013774621 -0.7044902395010744 0.005176066333956478 -0.02645828302004316 0.7092014312201129
0.013984332 -0.704490239500954 0.005176066348786424 -0.026458283005055303 0.7092014312206834
0.014146009000000001 -0.7044902395011206 0.005176066330388018 -0.026458283023040985 0.7092014312199814
0.014298044000000001 -0.7044902395009857 0.005176066351254585 -0.0264582830022604 0.7092014312207382
0.014453051000000001 -0.7044902395012146 0.005176066311898063 -0.026458283041853645 0.709201431219321
0.014593866 -0.7044902395007122 0.005176066378904033 -0.026458282974202215 0.7092014312218549
0.014738074 -0.7044902395006724 0.00517606639231564 -0.026458282960634738 0.7092014312223027
0.014898843 -0.7044902395008911 0.005176066339779218 -0.02645828301319442 0.7092014312205082
0.015076491000000001 -0.7044902395007009 0.005176066367673595 -0.026458282985521418 0.7092014312215258
0.015232200000000001 -0.7044902395008421 0.005176066359762129 -0.026458282993553323 0.7092014312211434
0.015373739 -0.7044902395007256 0.0051760663695209945 -0.02645828298435074 0.7092014312215312
0.015527601 -0.7044902395004762 0.005176066397276859 -0.026458282956478698 0.7092014312226164
0.015677059 -0.7044902395002778 0.005176066401739368 -0.02645828295209405 0.7092014312229443
0.015846579 -0.7044902395001523 0.005176066381939416 -0.026458282971910094 0.7092014312224744
0.016018749000000002 -0.7044902394999634 0.005176066448399274 -0.026458282905188184 0.7092014312246662
0.016202093 -0.704490239499787 0.005176066458987069 -0.02645828289482447 0.7092014312251507
0.016336692 -0.7044902394995908 0.0051760664595751115 -0.026458282894669224 0.7092014312253471
0.016483077000000002 -0.7044902394997473 0.0051760664221009835 -0.026458282931971434 0.7092014312240735
0.016629701 -0.7044902394996184 0.005176066440632691 -0.02645828291318268 0.7092014312247673
0.016773820000000002 -0.7044902394998224 0.0051760664135765706 -0.026458282940395476 0.709201431223747
0.016945331 -0.7044902395001773 0.0051760663929036905 -0.026458282961398964 0.7092014312227618
0.017112046000000002 -0.7044902394999393 0.00517606643852843 -0.026458282915777055 0.7092014312243671
0.017259267000000002 -0.7044902394996699 0.005176066449355683 -0.02645828290484747 0.7092014312249634
0.017392473000000002 -0.7044902394997362 0.005176066451472326 -0.026458282902869064 0.7092014312249559
0.017549033000000002 -0.7044902395000057 0.005176066428523831 -0.026458282926268017 0.7092014312239827
0.017692808 -0.7044902395004421 0.005176066392480457 -0.026458282962463747 0.7092014312224619
0.017864902000000002 -0.7044902395007603 0.005176066398038541 -0.026458282956802186 0.7092014312223165
0.018051845 -0.7044902395009974 0.005176066361119322 -0.02645828299416711 0.7092014312209566
0.018208385 -0.704490239500656 0.00517606644433925 -0.026458282910391696 0.7092014312238135
0.018361055 -0.7044902395006276 0.005176066429759656 -0.026458282925161575 0.7092014312233972
0.018512973000000002 -0.7044902395003642 0.005176066491393725 -0.026458282862943945 0.7092014312255304
0.018659755 -0.7044902395003675 0.005176066472401514 -0.026458282881688333 0.7092014312249663
0.018822792 -0.704490239500626 0.005176066467556913 -0.026458282886549226 0.7092014312245636
0.018996141 -0.7044902395004665 0.0051760664882805575 -0.02645828286593653 0.7092014312253396
0.019171068000000003 -0.7044902395000332 0.005176066535696687 -0.026458282818119443 0.7092014312272079
0.019340124 -0.7044902395003272 0.005176066470573135 -0.02645828288343337 0.7092014312249546
0.019496746000000002 -0.7044902395001529 0.005176066510813922 -0.02645828284260938 0.7092014312263571
0.019643515 -0.7044902395000712 0.005176066525078275 -0.026458282828102246 0.7092014312268753
0.019804754 -0.7044902394998521 0.005176066537219525 -0.026458282815568994 0.7092014312274719
0.019980788000000003 -0.7044902395001604 0.0051760664535059715 -0.026458282899503353 0.7092014312246452
0.020147154 -0.7044902395002103 0.005176066449907631 -0.026458282902864057 0.7092014312244966
0.020294878000000002 -0.704490239500109 0.0051760664601381325 -0.02645828289270624 0.7092014312249015
0.020434605 -0.7044902395003881 0.005176066445300861 -0.026458282907457307 0.7092014312241822
0.020576913000000002 -0.7044902394997806 0.005176066525711339 -0.026458282826954563 0.7092014312272023
0.020722581 -0.7044902394995312 0.00517606656661644 -0.02645828278641226 0.7092014312286639
0.020902142000000002 -0.7044902394996004 0.005176066579295419 -0.026458282773511303 0.7092014312289837
0.021065292000000003 -0.7044902394991677 0.005176066618399773 -0.02645828273419106 0.7092014312305953
0.021227428000000003 -0.7044902394992565 0.005176066635731137 -0.026458282716976544 0.7092014312310229
0.021376911000000002 -0.7044902394989294 0.005176066667852787 -0.02645828268461122 0.7092014312323207
0.021526103 -0.7044902394989181 0.005176066710075028 -0.026458282642130907 0.7092014312336086
0.021703738 -0.7044902394994841 0.0051760666939600014 -0.02645828265825815 0.7092014312325624
0.02187725 -0.7044902394993924 0.005176066697279414 -0.02645828265513191 0.7092014312327457
0.022038845 -0.7044902394998517 0.005176066622530606 -0.026458282730715994 0.7092014312300153
0.022195476000000002 -0.7044902394998372 0.005176066609543654 -0.026458282744093783 0.7092014312296252
0.022344431 -0.7044902394996764 0.005176066633785875 -0.026458282719585263 0.7092014312305226
0.02251736 -0.7044902394995808 0.0051760666653773105 -0.026458282687789485 0.7092014312315731
0.022662632000000002 -0.7044902394996803 0.005176066641662367 -0.02645828271188211 0.7092014312307484
0.022795724 -0.7044902394995283 0.005176066618933064 -0.026458282735157566 0.7092014312301972
0.022969917000000003 -0.7044902394995534 0.005176066586737585 -0.026458282767927863 0.7092014312291847
0.023118759000000003 -0.7044902394994546 0.00517606660087744 -0.02645828275418264 0.7092014312296924
0.023287702 -0.7044902394992428 0.005176066612806365 -0.02645828274222982 0.7092014312302616
0.023452348 -0.7044902394995562 0.00517606655988201 -0.026458282795538822 0.7092014312283476
0.023595925 -0.704490239499303 0.005176066586119138 -0.026458282769017114 0.709201431229397
0.023742033000000003 -0.7044902394990942 0.0051760665949899 -0.026458282760170516 0.7092014312298699
0.023926529000000002 -0.7044902394989362 0.005176066625747414 -0.026458282729520652 0.7092014312309458
0.024072153000000002 -0.7044902394983622 0.005176066701075063 -0.026458282653084454 0.7092014312338176
0.024241205000000002 -0.7044902394982047 0.005176066747148971 -0.026458282606653737 0.7092014312353704
0.024389498000000003 -0.7044902394982512 0.005176066748901331 -0.026458282605251914 0.7092014312353636
0.024540758000000003 -0.7044902394985916 0.0051760667041553295 -0.026458282650510586 0.7092014312336635
0.024678138000000002 -0.7044902394987755 0.005176066679561319 -0.02645828267539723 0.7092014312327318
0.024841357 -0.704490239498507 0.00517606674180522 -0.02645828261246964 0.709201431234892
0.024998217000000003 -0.7044902394987984 0.005176066691074673 -0.026458282663748042 0.7092014312330597
0.025152347000000002 -0.7044902394992169 0.005176066658483349 -0.0264582826961645 0.7092014312316726
0.025311473 -0.7044902394992483 0.005176066648239366 -0.026458282706369282 0.7092014312313354
0.025466062 -0.7044902394991385 0.005176066682396818 -0.026458282671891712 0.7092014312324815
0.025610839000000003 -0.7044902394990297 0.005176066682431209 -0.026458282672033026 0.709201431232584
0.02575681 -0.7044902394986117 0.0051760667467523605 -0.026458282607354756 0.7092014312349428
0.025939543000000002 -0.7044902394985918 0.00517606674066909 -0.0264582826138023 0.7092014312347664
0.026114605000000003 -0.704490239498609 0.00517606672748278 -0.026458282627412066 0.7092014312343378
0.026272861 -0.7044902394986979 0.005176066719766487 -0.026458282635041738 0.7092014312340211
0.026434337000000002 -0.7044902394990984 0.005176066720216371 -0.02645828263455819 0.7092014312336379
0.026564745 -0.7044902394989448 0.005176066707806878 -0.02645828264722908 0.7092014312334083
0.026715333 -0.7044902394990576 0.005176066678898447 -0.026458282676038936 0.7092014312324324
0.026897746 -0.7044902394989309 0.005176066718441844 -0.02645828263587728 0.7092014312337681
0.027078968000000002 -0.7044902394992877 0.005176066652574533 -0.02645828270187737 0.7092014312314321
0.027234919000000003 -0.7044902394989893 0.005176066691124383 -0.026458282662852217 0.7092014312329031
0.027380643000000003 -0.7044902394988637 0.005176066703624871 -0.026458282650740725 0.7092014312333885
0.027510992 -0.7044902394993516 0.005176066629994544 -0.026458282724831472 0.7092014312306769
0.027665715 -0.7044902394994603 0.005176066629353244 -0.026458282725682684 0.7092014312305419
0.027822051 -0.7044902394988067 0.005176066702761164 -0.026458282651213718 0.7092014312334337
0.027999605 -0.7044902394988823 0.005176066687945366 -0.026458282666204043 0.7092014312329074
0.028165612000000003 -0.7044902394991333 0.005176066677871133 -0.026458282676613827 0.7092014312323434
0.028308157 -0.7044902394990803 0.005176066688941081 -0.026458282665955842 0.7092014312327127
0.028444601000000003 -0.7044902394991296 0.005176066694487265 -0.02645828266045963 0.7092014312328283
0.028587088 -0.7044902394990875 0.0051760667168553424 -0.026458282638041047 0.7092014312335433
0.028727548000000002 -0.7044902394993009 0.005176066689185749 -0.02645828266515526 0.7092014312325218
0.028898661000000003 -0.7044902394993756 0.005176066680568969 -0.026458282674223732 0.709201431232172
0.029081631 -0.70449023949874 0.005176066760522233 -0.026458282594111166 0.7092014312352087
0.029246766 -0.7044902394985344 0.00517606678198336 -0.026458282572745212 0.7092014312360533
0.029408052 -0.704490239498907 0.005176066720776174 -0.026458282634394197 0.7092014312338302
0.029553313 -0.7044902394985995 0.005176066734022358 -0.026458282621013234 0.7092014312345379
0.029700007 -0.7044902394988105 0.005176066702931837 -0.026458282652321474 0.7092014312333873
0.029855498 -0.7044902394990958 0.00517606666305838 -0.026458282692272583 0.7092014312319045
0.030011006000000003 -0.7044902394988783 0.005176066686964251 -0.02645828266883421 0.7092014312328204
0.030176635 -0.7044902394988589 0.005176066708877067 -0.026458282646891283 0.7092014312334984
0.030334225000000003 -0.7044902394992856 0.005176066693635402 -0.02645828266212593 0.7092014312326176
0.030481386000000003 -0.7044902394996803 0.005176066661457704 -0.026458282694534953 0.7092014312312512
0.030621836000000003 -0.7044902394998025 0.0051760666556185326 -0.02645828270081648 0.709201431230938
0.030784713000000002 -0.7044902394998415 0.005176066637675185 -0.026458282718863104 0.709201431230357
0.030954541000000002 -0.7044902394998548 0.005176066631867918 -0.026458282724662455 0.7092014312301698
0.03112213 -0.7044902394995293 0.005176066651358871 -0.02645828270531885 0.7092014312310725
0.031274397 -0.704490239499077 0.00517606670341565 -0.026458282652848223 0.7092014312330994
0.031427898 -0.7044902394990815 0.005176066702824912 -0.026458282652565484 0.7092014312331097
0.031573757 -0.7044902394987841 0.005176066738632399 -0.02645828261692142 0.7092014312344737
0.031715318 -0.7044902394989414 0.005176066710231958 -0.026458282646046723 0.709201431233438
0.031892311 -0.7044902394992439 0.005176066668150539 -0.026458282688636852 0.7092014312318555
0.032054867 -0.7044902394990672 0.005176066708913752 -0.02645828264718873 0.7092014312332802
0.032215607 -0.7044902394987115 0.005176066750598809 -0.026458282604589028 0.7092014312349184
0.032387286 -0.7044902394993491 0.0051760666739643175 -0.026458282681970355 0.7092014312319576
0.032526643 -0.7044902395001217 0.005176066593992056 -0.026458282762491174 0.7092014312287698
0.032681417000000004 -0.7044902395001342 0.00517606660701683 -0.02645828274901527 0.7092014312291648
0.032840965 -0.7044902395009948 0.005176066515680581 -0.026458282840726974 0.7092014312255551
0.033017888 -0.7044902395001095 0.005176066604185593 -0.02645828275143706 0.7092014312291197
0.033173541 -0.7044902395001353 0.00517606660020592 -0.026458282755377826 0.7092014312289762
0.03333398 -0.7044902395005529 0.005176066557400613 -0.026458282798330946 0.7092014312272711
0.033483428 -0.7044902395004948 0.0051760665745944345 -0.02645828278059996 0.7092014312278649
0.033630006000000004 -0.7044902395011862 0.005176066513281345 -0.02645828284251987 0.7092014312253156
0.033771858 -0.7044902395014954 0.005176066477490387 -0.02645828287846253 0.7092014312239288
0.033946741 -0.7044902395015484 0.005176066459794249 -0.026458282895861843 0.709201431223356
0.034106865 -0.7044902395016971 0.005176066449629753 -0.02645828290612472 0.7092014312228996
0.034267338 -0.7044902395019073 0.0051760664308153626 -0.02645828292502444 0.7092014312221231
0.034425679 -0.7044902395022162 0.005176066428256572 -0.02645828292762278 0.709201431221738
0.034577372 -0.7044902395019996 0.005176066451791274 -0.026458282903779412 0.7092014312226708
0.034726316 -0.7044902395014814 0.0051760665261069054 -0.026458282828316613 0.7092014312254586
0.034900279 -0.7044902395015993 0.005176066520389293 -0.026458282833587213 0.7092014312251866
0.035064421000000005 -0.7044902395014363 0.00517606653601567 -0.02645828281785581 0.7092014312258214
0.035227309000000005 -0.70449023950116 0.005176066598086236 -0.026458282755116098 0.7092014312279835
0.035375128 -0.7044902395010368 0.005176066615245062 -0.026458282737880236 0.7092014312286237
0.035528497 -0.7044902395011381 0.005176066624239693 -0.026458282728974845 0.7092014312287895
0.03567853 -0.7044902395007235 0.00517606667218667 -0.026458282680684356 0.709201431230653
0.035839259000000005 -0.7044902395003688 0.005176066718332736 -0.02645828263399525 0.7092014312324103
0.036006296 -0.7044902395007937 0.005176066658353013 -0.02645828269471675 0.7092014312301608
0.03618345 -0.704490239500699 0.005176066661289657 -0.02645828269166236 0.7092014312303474
0.036328522 -0.704490239500751 0.0051760666646310455 -0.026458282688312747 0.7092014312303964
0.036478764000000004 -0.7044902395006797 0.005176066640722245 -0.02645828271264104 0.709201431229734
0.03664042 -0.7044902395011532 0.005176066603734201 -0.0264582827501068 0.709201431228136
0.036791225000000004 -0.7044902395011116 0.005176066595341661 -0.0264582827583617 0.7092014312279306
0.036959918 -0.7044902395013055 0.005176066570038819 -0.026458282784235062 0.7092014312269571
0.03712987 -0.7044902395019053 0.0051760665050356305 -0.02645828284963078 0.709201431224396
0.037292625 -0.704490239501828 0.00517606653676008 -0.026458282818037592 0.70920143122542
0.037446323000000004 -0.7044902395017093 0.005176066537087616 -0.026458282817727573 0.7092014312255469
0.037594583 -0.7044902395020471 0.00517606648724006 -0.02645828286823214 0.7092014312236911
0.03774901 -0.704490239502078 0.005176066483662857 -0.02645828287185831 0.7092014312235512
0.037915765000000004 -0.704490239502374 0.005176066432106422 -0.026458282923561945 0.7092014312217046
0.038086025 -0.7044902395026621 0.005176066363796489 -0.026458282992167848 0.7092014312193574
0.038232765 -0.7044902395030387 0.005176066300817447 -0.026458283055771286 0.7092014312170701
0.038387719 -0.7044902395034567 0.005176066230137694 -0.026458283127393317 0.7092014312144987
0.038540181 -0.7044902395036292 0.005176066222772335 -0.026458283134811435 0.7092014312141044
0.038691764000000003 -0.7044902395032702 0.005176066252452311 -0.02645828310430473 0.7092014312153826
0.038863203000000006 -0.7044902395028968 0.0051760662943715185 -0.02645828306204202 0.7092014312170242
0.039041192 -0.7044902395025313 0.005176066324564447 -0.026458283031745005 0.709201431218297
0.039202092 -0.7044902395025002 0.005176066323421882 -0.0264582830330922 0.7092014312182862
0.039350485000000004 -0.7044902395026916 0.005176066298989025 -0.026458283057547646 0.7092014312173617
0.039515488 -0.7044902395025684 0.0051760663351343075 -0.026458283020929542 0.7092014312185866
0.039660581 -0.7044902395025562 0.005176066331557209 -0.026458283024402233 0.7092014312184952
0.039829627 -0.7044902395028086 0.005176066310693221 -0.026458283045588647 0.7092014312176064
0.040004513000000005 -0.7044902395022553 0.005176066349791136 -0.02645828300643479 0.7092014312193315
0.040179123000000004 -0.7044902395018454 0.005176066388240798 -0.026458282967219516 0.709201431220921
0.040335879000000005 -0.7044902395017476 0.005176066382704704 -0.026458282972924397 0.7092014312208458
0.040489265 -0.704490239502414 0.005176066299162336 -0.026458283057333484 0.7092014312176443
0.040627125 -0.7044902395020481 0.005176066352303442 -0.02645828300384863 0.7092014312196153
0.040772806 -0.7044902395020416 0.005176066358091911 -0.02645828299785412 0.7092014312198032
0.040950864000000003 -0.7044902395024357 0.00517606631128776 -0.026458283045186663 0.7092014312179875
0.041116061 -0.7044902395019882 0.005176066340453206 -0.026458283015778173 0.7092014312193162
0.041274623 -0.704490239502257 0.005176066298881352 -0.02645828305790001 0.7092014312177813
0.04142796 -0.7044902395025421 0.005176066260210282 -0.026458283097009185 0.7092014312163213
0.04157269 -0.7044902395021042 0.0051760663113973975 -0.026458283045035072 0.7092014312183217
0.041719729000000004 -0.7044902395026214 0.005176066260973098 -0.02645828309566391 0.7092014312162871
0.04189918 -0.7044902395026534 0.005176066269744341 -0.026458283086756688 0.7092014312165237
0.042079281 -0.7044902395033545 0.005176066198678729 -0.026458283158600174 0.7092014312136656
0.042244891 -0.7044902395035743 0.005176066186425792 -0.026458283170901774 0.7092014312130777
0.042410552000000004 -0.704490239504076 0.005176066148282692 -0.02645828320901914 0.7092014312114356
0.042563209000000005 -0.7044902395039212 0.005176066150479833 -0.02645828320711843 0.7092014312116443
0.042698230000000004 -0.7044902395040721 0.0051760661109940915 -0.026458283247170623 0.7092014312102883
0.042883684000000005 -0.7044902395039729 0.005176066110571285 -0.026458283247643304 0.7092014312103724
0.043059449 -0.7044902395036597 0.005176066163015445 -0.026458283195292656 0.7092014312122534
0.043230912 -0.7044902395041465 0.005176066112102957 -0.02645828324701986 0.709201431210212
0.043380943000000005 -0.7044902395041188 0.005176066114832027 -0.026458283244204312 0.7092014312103244
0.043525374000000006 -0.704490239503658 0.005176066170794075 -0.026458283187518434 0.7092014312124888
0.043680133 -0.7044902395041388 0.005176066132568131 -0.02645828322581632 0.7092014312108611
0.043842178 -0.7044902395040314 0.0051760661451892885 -0.026458283213178026 0.7092014312113473
0.044019796 -0.704490239503706 0.005176066180814408 -0.026458283177502644 0.7092014312127415
0.044192737 -0.7044902395033575 0.005176066214776939 -0.02645828314377505 0.7092014312140978
0.044374355000000004 -0.7044902395034699 0.005176066208032323 -0.026458283150816927 0.7092014312137729
0.044522572 -0.7044902395032029 0.00517606622479854 -0.026458283134103467 0.7092014312145393
0.044681194 -0.7044902395035381 0.005176066165263001 -0.026458283194135446 0.7092014312124012
0.044854002000000004 -0.7044902395039513 0.005176066093794865 -0.02645828326618383 0.7092014312098245
0.045025132 -0.7044902395037517 0.005176066119511196 -0.026458283240474365 0.7092014312107942
0.045188574 -0.7044902395040955 0.005176066067085136 -0.026458283293641725 0.7092014312088518
0.045339895000000005 -0.7044902395048953 0.005176065957152179 -0.026458283404542125 0.7092014312047223
0.045485564000000006 -0.7044902395041899 0.005176066021662632 -0.026458283339164546 0.7092014312073912
0.045619081000000006 -0.7044902395043706 0.005176066011578439 -0.02645828334947404 0.7092014312069006
0.045783135 -0.704490239504168 0.005176066024323569 -0.02645828333652624 0.7092014312074919
0.045972095000000004 -0.7044902395048166 0.005176065943879785 -0.026458283417892185 0.7092014312043993
0.046159468 -0.7044902395038062 0.005176066054075328 -0.02645828330649877 0.7092014312087546
0.046328474 -0.7044902395037421 0.005176066055124756 -0.026458283305393238 0.7092014312088517
0.046466943000000004 -0.7044902395027718 0.005176066169827599 -0.026458283189966205 0.7092014312132846
0.04661523 -0.704490239503253 0.00517606609522907 -0.02645828326521942 0.7092014312105436
0.046793737 -0.7044902395031567 0.005176066087273019 -0.026458283273478062 0.7092014312103893
0.046975222000000004 -0.7044902395030427 0.005176066060655112 -0.026458283300083884 0.7092014312097042
0.047148772000000005 -0.7044902395025666 0.0051760661136139325 -0.026458283246761836 0.7092014312117798
0.04731283 -0.7044902395016153 0.005176066216813799 -0.026458283142871197 0.7092014312158476
0.047469041000000003 -0.7044902395018059 0.005176066182097618 -0.026458283177737147 0.7092014312146108
0.047610673000000006 -0.7044902395019347 0.005176066177562288 -0.026458283182131535 0.7092014312143522
0.047758046000000005 -0.7044902395024923 0.005176066113640017 -0.02645828324659516 0.7092014312118597
0.047937067 -0.7044902395026847 0.005176066083700034 -0.026458283276668368 0.7092014312107652
0.048129092000000005 -0.70449023950307 0.005176066044665507 -0.02645828331572156 0.7092014312092104
0.048292408 -0.7044902395027228 0.005176066103516949 -0.026458283256399595 0.7092014312113389
0.048458783000000005 -0.7044902395028012 0.0051760660954680345 -0.026458283264718982 0.7092014312110095
0.048608877 -0.7044902395026704 0.005176066124353137 -0.02645828323583218 0.7092014312120062
0.048754006 -0.7044902395016377 0.0051760662474959985 -0.026458283111843048 0.709201431216759
0.048942557000000005 -0.704490239502469 0.005176066143066249 -0.02645828321744432 0.7092014312127556
0.049124433 -0.7044902395027504 0.005176066115090366 -0.026458283245452976 0.7092014312116354
0.049280153 -0.7044902395022196 0.005176066179448681 -0.026458283180854993 0.709201431214103
0.049444468000000005 -0.7044902395024465 0.005176066129683458 -0.026458283230950452 0.7092014312123719
0.049608305000000005 -0.7044902395018242 0.0051760661927525275 -0.02645828316758779 0.7092014312148937
0.049773119000000005 -0.7044902395020476 0.005176066161931291 -0.02645828319850834 0.7092014312137431
0.049958299000000005 -0.7044902395019403 0.005176066173625673 -0.026458283186495363 0.7092014312142124
0.050125417000000005 -0.7044902395022349 0.005176066120559873 -0.026458283239794177 0.7092014312123187
0.050299566000000004 -0.7044902395029172 0.005176066023778836 -0.02645828333771024 0.7092014312086943
0.050458515 -0.7044902395028771 0.005176066021419559 -0.026458283339989355 0.7092014312086663
0.050610805 -0.7044902395021059 0.005176066116653115 -0.026458283243771707 0.709201431212327
0.050775282000000005 -0.7044902395023539 0.005176066089681811 -0.026458283270915876 0.7092014312112648
0.050953737000000006 -0.7044902395018711 0.005176066159235797 -0.026458283200569414 0.7092014312138611
0.051138732000000006 -0.7044902395021672 0.005176066116676896 -0.026458283243485127 0.7092014312122767
0.051313548 -0.7044902395024635 0.005176066112967543 -0.026458283247093997 0.7092014312118748
0.051463486 -0.7044902395020494 0.005176066170558649 -0.026458283189026748 0.7092014312140321
0.051632483 -0.7044902395016334 0.005176066201510986 -0.02645828315801439 0.7092014312153764
0.051797302 -0.7044902395013596 0.005176066226197565 -0.026458283132843298 0.7092014312164072
0.051982234 -0.7044902395023869 0.005176066139097437 -0.026458283220469867 0.7092014312127534
0.052152176 -0.7044902395022894 0.0051760661588117025 -0.02645828320041397 0.7092014312134546
0.052320507 -0.7044902395019861 0.005176066189635649 -0.026458283169197773 0.7092014312146954
0.052480154 -0.7044902395009847 0.005176066294965949 -0.02645828306280079 0.7092014312188909
0.052632899000000004 -0.7044902395009026 0.005176066283425275 -0.02645828307429234 0.7092014312186278
0.052785582000000004 -0.7044902395000845 0.0051760663725888235 -0.02645828298442201 0.7092014312221426
0.052946847000000005 -0.7044902394997009 0.005176066419472278 -0.026458282937166844 0.7092014312239444
0.053134193 -0.7044902394992191 0.005176066458792428 -0.026458282897530355 0.7092014312256147
0.053298990000000004 -0.7044902394984942 0.00517606655247246 -0.026458282803416125 0.7092014312291623
0.053477345 -0.7044902394983958 0.0051760665747578195 -0.02645828278110162 0.7092014312299297
0.053646302 -0.7044902394977641 0.005176066628864882 -0.026458282726473038 0.7092014312322006
0.053815076 -0.704490239497066 0.005176066713576748 -0.02645828264065033 0.7092014312354775
0.053987378 -0.704490239496775 0.005176066747510089 -0.02645828260670532 0.7092014312367853
