0 -0.7067529998956005 0.00035399999994770805 0.0003529999999478558 0.7074602089259648
0.0008119140000000001 -0.6788897972591039 0.027502441759668216 0.0054272315795573095 0.73370489401974
0.001107436 -0.6787904279693805 0.01718828495854605 0.014892014491078248 0.733979891145105
0.001353952 -0.6785579797975646 0.006870755206267144 0.024353875485891827 0.7341109942874722
0.001538405 -0.6781924983673225 -0.003448124730354888 0.033810959596891066 0.7340981776879725
0.001734436 -0.6776940553825542 -0.013766331819435089 0.04326141279392903 0.7339414438038899
0.0019133770000000002 -0.6770627486133592 -0.024081843160629123 0.05270338234729828 0.7336408233081682
0.00208733 -0.6762987018769012 -0.0343926363817193 0.06213501719095547 0.7331963750833793
0.0022359890000000003 -0.6754020650131607 -0.04469669003509698 0.07155446828542031 0.7326081862101677
0.002377506 -0.6743730138555952 -0.054991983994063846 0.08095988898027752 0.7318763719501589
0.0025128050000000003 -0.6732117501966899 -0.06527649984887415 0.09034943537620954 0.7310010757233548
0.002667276 -0.6719185017484308 -0.07554822130244021 0.09972126668649184 0.7299824690799995
0.002811769 -0.6704935220976964 -0.08580513456562437 0.1090735455978771 0.7288207516669335
0.002982081 -0.6689370906565651 -0.09604522875203814 0.11840443863079826 0.727516151188445
0.0031317750000000003 -0.667249512607579 -0.10626649627227372 0.12771211649882197 0.7260689233616132
0.003291618 -0.6654311188439447 -0.11646693322748876 0.13699475446727966 0.7244793518661639
0.0034424480000000003 -0.6634822659046914 -0.12664453980226675 0.1462505327110046 0.7227477482888477
0.0035821100000000003 -0.6614033359048124 -0.1367973206566786 0.15547763667110992 0.7208744520623406
0.0037184590000000003 -0.6591947364603941 -0.14692328531746635 0.16467425741073374 0.7188598303986863
0.003879477 -0.6568569006087333 -0.1570204485682725 0.17383859196968057 0.7167042782173015
0.004030257000000001 -0.65439028672349 -0.16708683083884002 0.18296884371789482 0.7144082180675374
0.004189202 -0.6517953784248623 -0.177120458593105 0.19206322270769113 0.7119721000458352
0.004343889 -0.6490726844848228 -0.18711936471610696 0.20111994602467695 0.7093964017074743
0.004484364 -0.6462227387274195 -0.19708158889964145 0.21013723813729604 0.7066816279729426
0.0046304530000000005 -0.6432460999241738 -0.20700517802657736 0.21911333124492657 0.7038283110289388
0.0047888720000000004 -0.6401433516845846 -0.21688818655376604 0.22804646562446257 0.7008370102240318
0.00497091 -0.6369151023417761 -0.22672867689346674 0.23693488997531575 0.6977083119589934
0.005137509 -0.6335619848332908 -0.23652471979321224 0.24577686176276325 0.69444282957183
0.005274089 -0.6300846565770668 -0.24627439471403986 0.25457064755958153 0.691041203217535
0.005422473000000001 -0.6264837993426282 -0.25597579020702055 0.26331452338589495 0.6875040997425762
0.005572906000000001 -0.6227601191174931 -0.2656270042879999 0.27200677504717247 0.6838322125541623
0.0057091730000000005 -0.6189143459688474 -0.2752261448104904 0.2806456984703099 0.6800262614842926
0.0058913820000000006 -0.6149472339005049 -0.28477132983663495 0.28922960003772813 0.6760869926486318
0.006052653000000001 -0.61085956070517 -0.2942606880061696 0.29775679691942347 0.6720151783002318
0.006193141 -0.6066521278120561 -0.30369235890331336 0.30622561740290405 0.6678116166781286
0.006345535 -0.6023257601298735 -0.3130644934215206 0.3146344012209558 0.6634771318508423
0.006501304 -0.5978813058852148 -0.3223752541260098 0.3229814998771564 0.6590125735548215
0.006642671 -0.5933196364563934 -0.3316228156140159 0.33126527696909674 0.654418817027843
0.006791040000000001 -0.5886416462027313 -0.340805364872675 0.3394841085092199 0.6496967628374302
0.006950607 -0.5838482522893778 -0.3499211016344993 0.3476363832432485 0.644847336704284
0.0071113850000000004 -0.5789403945076466 -0.3589682387303426 0.3557205029661038 0.6398714893208016
0.007252740000000001 -0.5739190350909417 -0.36794500243980893 0.36373488283527905 0.6347701961646884
0.007396482 -0.568785158526293 -0.3768496328390269 0.3716779516815951 0.6295444573077174
0.007538896000000001 -0.5635397713615495 -0.3856803841457285 0.3795481523172856 0.624195297219661
0.007670357000000001 -0.5581839020082573 -0.3944355250615566 0.38734394184134086 0.6187237645674436
0.007837687000000001 -0.5527186005402775 -0.40311333911154246 0.3950637919420661 0.6131309320095483
0.008014323 -0.5471449384881697 -0.41171212498068155 0.4027061891967772 0.6074178959857247
0.008162945000000001 -0.5414640086294004 -0.42023019684755203 0.4102696353685993 0.6015857765020228
0.00831027 -0.5356769247744041 -0.42866588471489686 0.4177526477002853 0.5956357169112196
0.008474474000000001 -0.5297848215485518 -0.4370175347371215 0.42515375920501963 0.5895688836886599
0.008634332 -0.5237888541700668 -0.4452835095446336 0.43247151895414254 0.5833864662035653
0.008770539 -0.5176901982239431 -0.4534621885649652 0.43970449236173303 0.5770896764858534
0.00893477 -0.5114900494318981 -0.4615519683406219 0.4468512614660129 0.5706797489885173
0.00910297 -0.5051896234184347 -0.46955126284359394 0.4539104252075083 0.5641579403455984
0.009277073 -0.49879015547303285 -0.47745850378645843 0.46088059970391265 0.5575255291258208
0.00944785 -0.4922929003085407 -0.485272140930046 0.46776041852160877 0.5507838155819204
0.009610214 -0.4856991318158342 -0.49299064238758417 0.47454853294380367 0.5439341213957067
0.009769603 -0.4790101428147507 -0.5006124949252674 0.4812436122352078 0.5369777894189457
0.009921175 -0.47222724480140915 -0.5081362042592128 0.48784434390323084 0.5299161834100725
0.01009428 -0.46535176769194087 -0.5155602953487377 0.49434943395564224 0.5227506877668057
0.010248041000000001 -0.45838505956270414 -0.5228833126859104 0.500757607154649 0.5154827072547083
0.010411100000000001 -0.4513284863870395 -0.5301038205813156 0.5070676072673435 0.5081136667317616
0.010554597 -0.44418343176863345 -0.5372204034460037 0.5132781973124921 0.5006450108689827
0.010711724 -0.43695129667156374 -0.5442316660695588 0.5193881598036143 0.49307820386715995
0.010874328 -0.4296334991470851 -0.5511362338942603 0.5253962969883258 0.48541472916974476
0.01104269 -0.42223147405724293 -0.5579327532852791 0.5313014310838962 0.477656089171968
0.011215826 -0.41474667279537814 -0.5646198917968817 0.5371024045090071 0.46980380492623436
0.011369738 -0.4071805630036269 -0.5711963384346105 0.5427980801116745 0.46185941584383405
0.011517237000000001 -0.3995346282874753 -0.5776608039133974 0.5483873413933062 0.4538244793930592
0.011661505 -0.3918103679274939 -0.584012020911601 0.5538690927288925 0.44570057079375086
0.011833910000000001 -0.3840092965883285 -0.59024874432094 0.5592422595833045 0.43748928270835175
0.0120081 -0.3761329440250676 -0.5963697514923066 0.5645057887236884 0.42919222492952297
0.012167805 -0.3681828547871087 -0.6023738424774725 0.5696586484279788 0.4208110240643697
0.012318448000000001 -0.3601605879196542 -0.6082598402666776 0.574699828689532 0.4123473232153412
0.012488810000000001 -0.3520677166629722 -0.6140265910221288 0.5796283414178912 0.4038027816578703
0.012638566 -0.34390582814960957 -0.6196729643074539 0.5844432206357594 0.39517907451478695
0.012787986000000001 -0.3356765230997209 -0.6251978533131467 0.5891435226722014 0.3864778924275868
0.012956619 -0.32738141551473793 -0.6306001750781014 0.5937283263521843 0.3777009412245907
0.013114013 -0.31902213236962196 -0.6358788707073374 0.598196733182559 0.3688499415860653
0.013281586000000001 -0.31060031330398424 -0.6410329055860714 0.6025478675346407 0.359926628706333
0.013441452000000001 -0.30211761031241174 -0.6460612695903364 0.6067808768235878 0.350932751952951
0.013612141000000001 -0.29357568743439394 -0.6509629772944118 0.610894931684838 0.3418700745229764
0.013774621 -0.284976220444335 -0.6557370681754194 0.6148892261479555 0.3327403730963782
0.013984332 -0.27632089654223024 -0.6603826068155513 0.618762977808342 0.3235454374866178
0.014146009000000001 -0.26761141404571975 -0.6648986831025265 0.6225154279973965 0.31428707028843483
0.014298044000000001 -0.2588494820843956 -0.6692844124290879 0.6261458419519065 0.30496708652286236
0.014453051000000001 -0.25003682029747937 -0.6735389358926206 0.6296535089837292 0.2955873132794332
0.014593866 -0.24117515853623123 -0.6776614204962635 0.6330377426510807 0.2861495893556414
0.014738074 -0.23226623657289358 -0.6816510593534953 0.6362978809333425 0.2766557648935266
0.014898843 -0.22331180381841384 -0.6855070718986845 0.6394332864117949 0.2671077010133976
0.015076491000000001 -0.2143136190519538 -0.6892287041072087 0.6424433464597288 0.2575072694445101
0.015232200000000001 -0.2052734501660353 -0.6928152287299125 0.6453274734465239 0.24785635215258445
0.015373739 -0.19619307393257682 -0.6962659455487317 0.6480851049622266 0.23815684096384857
0.015527601 -0.1870742757967498 -0.6995801816629492 0.6507157040716907 0.22841063718528493
0.015677059 -0.17791884970822666 -0.7027572918197379 0.6532187596113295 0.2186196512205054
0.015846579 -0.16872859800297746 -0.7057966588087025 0.6555937865472836 0.2087858021805041
0.016018749000000002 -0.15950533135406597 -0.7086976939494813 0.6578403264227131 0.19891101748814968
0.016202093 -0.15025086881774827 -0.7114598377159858 0.6599579479356877 0.1889972324747857
0.016336692 -0.14096703801290283 -0.7140825605637192 0.6619462477108621 0.17904638996654107
0.016483077000000002 -0.13165567548994608 -0.7165653640639563 0.6638048513635109 0.16906043985671765
0.016629701 -0.12231862737365704 -0.7189077825102689 0.6655334150129216 0.15904133865878467
0.016773820000000002 -0.11295775040992607 -0.7211093852686298 0.6671316275022715 0.14899104903140106
0.016945331 -0.10357491362152996 -0.7231697803284599 0.6685992137580591 0.13891153926184013
0.017112046000000002 -0.0941720009057355 -0.7250886198513935 0.6699359400430007 0.12880478268552906
0.017259267000000002 -0.08475091513118682 -0.7268656091593944 0.6711416224653001 0.11867275700384936
0.017392473000000002 -0.0753135847020299 -0.7285005218832218 0.6722161413150575 0.10851744343390113
0.017549033000000002 -0.06586197434133445 -0.7299932266703929 0.6731594663261345 0.09834082556849667
0.017692808 -0.056398103422459704 -0.7313437368109778 0.6739717035853371 0.08814488771128709
0.017864902000000002 -0.046924078542844416 -0.7325523084076712 0.67465318827745 0.07793161220454149
0.018051845 -0.03744215475214635 -0.7336196500671684 0.6752046827268006 0.06770297468177275
0.018208385 -0.02795485912411166 -0.734547416340202 0.6756278424864522 0.057460934651957105
0.018361055 -0.018465263760651825 -0.7353395258987109 0.6759264626240448 0.04720741431070164
0.018512973000000002 -0.00897766223152572 -0.7360063558933465 0.6761104533560814 0.036944242683531026
0.018659755 0.0005005204693248225 -0.736582062419489 0.6762123628138437 0.026672971762435937
0.018822792 0.00995421665050343 -0.7372361308682461 0.6763962620498267 0.016394005275798266
0.018996141 -0.005831001739739038 0.007643993381109389 -0.0005366797280552028 0.9999561875176176
0.019171068000000003 -0.005545173650726904 -1.372760661844892e-05 0.006397161716668431 0.9999666147982536
0.019340124 -0.03879097507797721 0.7375502817776617 -0.6753879995119997 0.014450374136589313
0.019496746000000002 -0.04819115605104074 0.7368600711998997 -0.6743468938780669 0.024730424124169377
0.019643515 -0.05762991000767344 0.7363605004596515 -0.6734634866662081 0.03500246075647068
0.019804754 -0.06707488903158447 0.7357865833170237 -0.6725099968328303 0.04526663573178226
0.019980788000000003 -0.07651459112483916 0.7350919206647635 -0.6714455326991436 0.05552150187852465
0.020147154 -0.08594346867413999 0.7342632292445773 -0.6702583880910947 0.06576526104547482
0.020294878000000002 -0.09535797047319794 0.7332956299714224 -0.6689443138346226 0.07599600246387887
0.020434605 -0.10475536052802352 0.7321870719640555 -0.6675015762982333 0.08621177136325463
0.020576913000000002 -0.11413328646533645 0.7309366526546841 -0.6659294641475297 0.09641059409015061
0.020722581 -0.12348959679015112 0.7295440064256916 -0.6642277442568926 0.10659048897582647
0.020902142000000002 -0.13282225460214792 0.7280090499542281 -0.6623964350099587 0.11674947169496869
0.021065292000000003 -0.14212929332989194 0.7263318647407762 -0.6604357017451489 0.12688555822239642
0.021227428000000003 -0.15140879250631464 0.724512638390548 -0.6583458045181031 0.13699676664104676
0.021376911000000002 -0.1606588638222234 0.7225516332870631 -0.6561270702488354 0.14708111835881665
0.021526103 -0.16987764277303527 0.7204491689478254 -0.6537798770422348 0.15713663900234046
0.021703738 -0.17906328350370496 0.7182056116157629 -0.6513046449417579 0.16716135912493843
0.02187725 -0.18821395556037696 0.7158213678652312 -0.6487018302492947 0.1771533148030829
0.022038845 -0.19732784182048613 0.7132968805292138 -0.6459719219049517 0.1871105481631517
0.022195476000000002 -0.20640313717396364 0.7106326260162138 -0.6431154390987691 0.19703110786320782
0.022344431 -0.2154380476964341 0.7078291124854154 -0.6401329296423869 0.20691304954465392
0.02251736 -0.22443079015233325 0.7048868785658756 -0.6370249688218267 0.2167544362631305
0.022662632000000002 -0.23337959172393175 0.7018064924286915 -0.6337921585619953 0.22655333890463397
0.022795724 -0.24228268989793306 0.6985885510927461 -0.6304351267971817 0.23630783659073012
0.022969917000000003 -0.2511383324637293 0.6952336798876068 -0.6269545269799295 0.24601601707549034
0.023118759000000003 -0.2599447775918912 0.6917425320236604 -0.6233510376841607 0.2556759771358999
0.023287702 -0.2687002939710335 0.6881157882361727 -0.6196253622731591 0.2652858229569438
0.023452348 -0.27740316098752066 0.6843541564807101 -0.6157782286125104 0.2748436705122008
0.023595925 -0.2860516689369162 0.680458371664333 -0.6118103888142628 0.2843476459405323
0.023742033000000003 -0.29464411925903455 0.6764291954017215 -0.6077226190027926 0.2937958859192418
0.023926529000000002 -0.30317882479061875 0.67226741578843 -0.6035157190955068 0.3031865380340225
0.024072153000000002 -0.3116541100311662 0.6679738471858123 -0.5991905125935982 0.31251776114583274
0.024241205000000002 -0.3200683114185097 0.6635493300135242 -0.5947478463792679 0.32178772575488046
0.024389498000000003 -0.32841977761160046 0.6589947305467158 -0.5901885905168972 0.33099461436172456
0.024540758000000003 -0.33670686977845077 0.6543109407156693 -0.5855136380561956 0.34013662182561366
0.024678138000000002 -0.34492796188771974 0.6494988779062966 -0.5807239048359659 0.34921195572001884
0.024841357 -0.3530814410026839 0.6445594847602495 -0.5758203292873773 0.3582188366853938
0.024998217000000003 -0.36116570757664096 0.6394937289737276 -0.570803872235976 0.367155498779137
0.025152347000000002 -0.3691791757489291 0.6343026030942617 -0.5656755167017908 0.3760201898227398
0.025311473 -0.37712027364096307 0.628987124314975 -0.5604362676971232 0.3848111717460585
0.025466062 -0.38498744365172904 0.6235483342658588 -0.5550871520216109 0.3935267209287131
0.025610839000000003 -0.3927791427523199 0.6179872988017892 -0.549629218054336 0.40216512853853875
0.02575681 -0.4004938427791569 0.6123051077870394 -0.5440635355427738 0.4107247008670407
0.025939543000000002 -0.40813003072557597 0.6065028748760867 -0.5383911953884096 0.4192037596618232
0.026114605000000003 -0.41568620903153397 0.6005817372906104 -0.5326133094289387 0.4276006424559093
0.026272861 -0.4231608958711895 0.5945428555925354 -0.5267310102169362 0.43591370289393955
0.026434337000000002 -0.43055262543819606 0.588387413453108 -0.5207454507949753 0.4441413110551363
0.026564745 -0.43785994822850194 0.5821166174179003 -0.5146578044671252 0.4522818537730321
0.026715333 -0.4450814313205286 0.575731696667742 -0.5084692645668271 0.4603337349518724
0.026897746 -0.45221565865257896 0.5692339027755507 -0.5021810442211248 0.4682953758796489
0.027078968000000002 -0.45926123129736685 0.5626245094590661 -0.4957943761112671 0.4761652155376975
0.027234919000000003 -0.4662167677335423 0.5559048123294835 -0.4893105122296793 0.4839417109068081
0.027380643000000003 -0.4730809041141213 0.5490761286360026 -0.48273072363332103 0.49162333726979346
0.027510992 -0.47985229453171846 0.5421397970063122 -0.4760563001934574 0.4992085885104556
0.027665715 -0.48652961128050404 0.5350971771830342 -0.46928855034187483 0.5066959774088868
0.027822051 -0.49311154511480015 0.5279496497561686 -0.462428800813563 0.5140840359330624
0.027999605 -0.49959680550423696 0.5206986158915555 -0.4554783963859056 0.521371315526657
0.028165612000000003 -0.5059841208853925 0.5133454970553981 -0.4484386996144109 0.5285563873930457
0.028308157 -0.5122722389098705 0.5058917347349031 -0.44131109056503615 0.535637842775412
0.028444601000000003 -0.518459926688718 0.4983387901550628 -0.43409696654313423 0.5426142932329283
0.028587088 -0.5245459710331497 0.49068814399163435 -0.4267977418190783 0.5494843709129454
0.028727548000000002 -0.530529178691494 0.48294129608035563 -0.4194148473506008 0.5562467288191515
0.028898661000000003 -0.5364083765823308 0.47509976512247093 -0.4119497305019138 0.5629000410756215
0.029081631 -0.5421824120237407 0.4671650883865842 -0.4044038547596349 0.56944300318674
0.029246766 -0.5478501529586295 0.4591388214069225 -0.3967786994455964 0.5758743322929166
0.029408052 -0.5534104881760594 0.45102253767804407 -0.38907575942656686 0.5821927674220738
0.029553313 -0.5588623275285676 0.4428178283460692 -0.3812965448209635 0.5883970697368188
0.029700007 -0.5642046021453822 0.4345263018964599 -0.3734425807025808 0.5944860227772996
0.029855498 -0.5694362646415269 0.4261495838384399 -0.3655154068014202 0.6004584326996522
0.030011006000000003 -0.5745562893227408 0.4176893163860872 -0.3575165772016538 0.6063131285100302
0.030176635 -0.5795636723861927 0.40914715813617863 -0.34944766003679617 0.6120489622941402
0.030334225000000003 -0.5844574321169288 0.40052478374283745 -0.34131023718213316 0.6176648094422579
0.030481386000000003 -0.5892366090800168 0.39182388358904546 -0.33310590394446654 0.6231595688696783
0.030621836000000003 -0.5939002663083572 0.383046163455089 -0.32483626874924104 0.6285321632325465
0.030784713000000002 -0.5984474894861057 0.3741933441840007 -0.316502952825108 0.633781539139038
0.030954541000000002 -0.602877387127678 0.36526716134405035 -0.3081075898859834 0.6389066673558463
0.03112213 -0.6071890907523038 0.3562693648883721 -0.29965182581067434 0.643906543009925
0.031274397 -0.6113817550540803 0.3472017188117707 -0.29113731832012124 0.6487801857854648
0.031427898 -0.6154545580675069 0.3380660008047877 -0.2825657366523275 0.6535266401160491
0.031573757 -0.6194067013284512 0.32886400190508946 -0.2739387612350375 0.6581449753719616
0.031715318 -0.6232374100305299 0.3195975261462464 -0.2652580833562261 0.6626342860426025
0.031892311 -0.6269459331768573 0.3102683902039706 -0.256525404832463 0.6669936919139825
0.032054867 -0.6305315437271389 0.3008784230398775 -0.24774243767521806 0.6712223382412582
0.032215607 -0.6339935387400848 0.29142946554285026 -0.23891090375517318 0.6753193959162721
0.032387286 -0.6373312395110983 0.2819233701680665 -0.2300325344646018 0.6792840616300698
0.032526643 -0.6405439917052329 0.27236200057376214 -0.22110907037788874 0.6831155580303581
0.032681417000000004 -0.6436311654853701 0.2627472312558058 -0.21214226091025057 0.6868131338738759
0.032840965 -0.6465921556356119 0.25308094718014895 -0.20313386397472633 0.6903760641736453
0.033017888 -0.6494263816798446 0.2433650434132293 -0.19408564563750508 0.6938036503410774
0.033173541 -0.6521332879954691 0.23360142475039752 -0.18499937977165692 0.6970952203229022
0.03333398 -0.6547123439222506 0.2237920053424358 -0.17587684770933495 0.7002501287328982
0.033483428 -0.6571630438662996 0.21393870832025014 -0.16671983789251887 0.7032677569783911
0.033630006000000004 -0.6594849073991307 0.20404346541780258 -0.15753014552236558 0.7061475133815032
0.033771858 -0.6616774793517902 0.1941082165933563 -0.14830957220723293 0.708888833295129
0.033946741 -0.6637403299040529 0.18413490964911627 -0.13905992560945588 0.7114911792136037
0.034106865 -0.6656730546686374 0.1741254998493291 -0.12978301909093 0.71395404087806
0.034267338 -0.6674752747704502 0.16408194953692443 -0.12048067135758406 0.7162769353764391
0.034425679 -0.6691466369208283 0.15400622774876965 -0.11115470610280209 0.71845940723814
0.034577372 -0.6706868134867694 0.14390030982961333 -0.10180695164987157 0.7205010285232946
0.034726316 -0.672095502555137 0.1337661770447941 -0.09243924059352307 0.7224013989066393
0.034900279 -0.6733724279918301 0.12360581619179045 -0.08305340944063432 0.7241601457559795
0.035064421000000005 -0.6745173394958985 0.11342121921068653 -0.07365129825016721 0.7257769242052191
0.035227309000000005 -0.6755300126485997 0.10321438279363063 -0.06423475027240977 0.7272514172219525
0.035375128 -0.6764102489573843 0.09298730799336422 -0.054805611587592576 0.7285833356695964
0.035528497 -0.6771578758947996 0.08274199983089595 -0.045365730743950665 0.7297724183640579
0.03567853 -0.6777727469323135 0.07248046690239889 -0.03591695839530249 0.7308184321249149
0.035839259000000005 -0.6782547415690376 0.062204720985407955 -0.026461146938216062 0.7317211718211162
0.036006296 -0.6786037653553558 0.051916776644393876 -0.01700015014883389 0.7324804604111746
0.03618345 -0.6788197499114412 0.041618650835791325 -0.007535822819427122 0.7330961489778625
0.036328522 -0.6789026529406827 0.0313123625125594 0.0019299796052486867 0.7335681167573819
0.036478764000000004 -0.6788524582379774 0.020999932228349828 0.011395401391726392 0.7338962711630297
0.03664042 -0.6786691756929341 0.010683381741363041 0.020858586881656264 0.7340805478033268
0.036791225000000004 -0.6783528412879488 0.00036473361796743076 0.03031768085562062 0.7341209104946284
0.036959918 -0.6779035170911791 -0.00995398916383914 0.039770828896862606 0.7340173512681988
0.03712987 -0.6773212912444011 -0.02027076361104856 0.049216177754857794 0.7337698903717597
0.037292625 -0.676606277945759 -0.03058356711226467 0.05865187570865743 0.7333785762655041
0.037446323000000004 -0.6757586174274195 -0.040890377834250674 0.0680760729299327 0.7328434856125786
0.037594583 -0.6747784759281131 -0.051189175118323924 0.07748692184564764 0.7321647232640414
0.03774901 -0.6736660456605904 -0.06147793987652097 0.0868825775002915 0.7313424222382897
0.037915765000000004 -0.6724215447739899 -0.07175465498745492 0.09626119791759784 0.7303767436949669
0.038086025 -0.6710452173111213 -0.08201730569178743 0.10562094446168094 0.7292678769033537
0.038232765 -0.6695373331606844 -0.09226387998723894 0.11495998219751785 0.7280160392052475
0.038387719 -0.6678981880044186 -0.10249236902305729 0.124276480250706 0.7266214759723385
0.038540181 -0.666128103259205 -0.11270076749387169 0.13356861216642615 0.7250844605580933
0.038691764000000003 -0.664227426014135 -0.12288707403285061 0.14283455626754016 0.7234052942441468
0.038863203000000006 -0.6621965289625376 -0.13304929160408907 0.15207249601175243 0.7215843061812272
0.039041192 -0.66003581032901 -0.14318542789414862 0.16128062034776847 0.7196218533246097
0.039202092 -0.6577456937914389 -0.15329349570267192 0.17045712407037672 0.717518320364125
0.039350485000000004 -0.6553266283980437 -0.16337151333199748 0.1796002081743866 0.7152741196487267
0.039515488 -0.65277908847945 -0.1734175049756951 0.18870808020735302 0.71288969110564
0.039660581 -0.6501035735558267 -0.1834295011059524 0.1977789546210217 0.7103655021540974
0.039829627 -0.6473006082390741 -0.1934055388597276 0.20681105312141665 0.7077020476136943
0.040004513000000005 -0.6443707421301208 -0.20334366242360125 0.21580260501751444 0.704899849607363
0.040179123000000004 -0.6413145497113245 -0.21324192341724824 0.22475184756843036 0.7019594574589999
0.040335879000000005 -0.6381326302340053 -0.2230983812754542 0.23365702632904523 0.6988814475857577
0.040489265 -0.6348256076011385 -0.2329111036286039 0.2425163954940136 0.6956664233850258
0.040627125 -0.6313941302452196 -0.2426781666815656 0.25132821824007984 0.6923150151161243
0.040772806 -0.6278388710013499 -0.25239765559090016 0.2600907670666398 0.6888278797767243
0.040950864000000003 -0.6241605269755387 -0.2620676648403181 0.2688023241344793 0.685205700974033
0.041116061 -0.6203598194082672 -0.2716862986143132 0.27746118160262123 0.6814491887907589
0.041274623 -0.6164374935333434 -0.28125167116989924 0.2860656419632211 0.6775590796458858
0.04142796 -0.6123943184320649 -0.2907619072063778 0.2946140183744428 0.673536136150285
0.04157269 -0.6082310868827372 -0.30021514223306905 0.30310463499125173 0.6693811469571865
0.041719729000000004 -0.6039486152055555 -0.30960952293492416 0.31153582729405577 0.6650949266075535
0.04189918 -0.5995477431029097 -0.3189432075359606 0.3199059424151408 0.66067831537037
0.042079281 -0.5950293334951205 -0.3282143661604404 0.3282133394628243 0.6561321790778932
0.042244891 -0.5903942723516573 -0.33742118119172704 0.3364563898432789 0.651457408955887
0.042410552000000004 -0.5856434685178699 -0.34656184762874986 0.34463347757995105 0.6466549214488785
0.042563209000000005 -0.5807778535372703 -0.3556345734400092 0.3527429996305241 0.6417256580404669
0.042698230000000004 -0.5757983814693923 -0.36463757991504536 0.36078336620135254 0.6366705850687286
0.042883684000000005 -0.5707060287032961 -0.3735691020133219 0.36875300105932496 0.6314906935367373
0.043059449 -0.5655017937667224 -0.3824273887104379 0.3766503418410786 0.6261869989182558
0.043230912 -0.5601866971309651 -0.3912107033416142 0.38447384035951654 0.6207605409586239
0.043380943000000005 -0.5547617810114919 -0.39991732394238394 0.3922219629075685 0.6152123834708884
0.043525374000000006 -0.5492281091643637 -0.40854554358642664 0.39989319055913647 0.6095436141272086
0.043680133 -0.5435867666784967 -0.41709367072048015 0.4074860194671722 0.6037553442455812
0.043842178 -0.5378388597638103 -0.42556002949626653 0.4149989611588247 0.5978487085719313
0.044019796 -0.531985515535315 -0.43394296009937255 0.422430542827611 0.5918248650576028
0.044192737 -0.5260278817931932 -0.44224081907502644 0.429779307622555 0.5856849946322931
0.044374355000000004 -0.5199671267989162 -0.4504519796507066 0.43704381493423794 0.5794303009724814
0.044522572 -0.5138044390474616 -0.4585748320555303 0.44422264067771644 0.5730620102653924
0.044681194 -0.5075410270356793 -0.4666077838363541 0.45131437757225423 0.5665813709685386
0.044854002000000004 -0.5011781190268727 -0.474549260170556 0.45831763541782267 0.5599896535648894
0.045025132 -0.49471696281164595 -0.4823977041754094 0.46523104136831717 0.5532881503137205
0.045188574 -0.4881588254650993 -0.4901515772140365 0.47205324020146183 0.546478174997173
0.045339895000000005 -0.48150499310041306 -0.49780935919785935 0.47878289458533685 0.5395610626625971
0.045485564000000006 -0.4747567706189174 -0.5053695488855243 0.48541868534150817 0.5325381693607051
0.045619081000000006 -0.46791548145670037 -0.5128306641782404 0.4919593117047098 0.5254108718796043
0.045783135 -0.4609824673278556 -0.5201912424115058 0.49840349157906216 0.5181805674747306
0.045972095000000004 -0.45395908796441886 -0.5274498406431646 0.5047499617907626 0.5108486735947814
0.046159468 -0.446846720853121 -0.5346050359377774 0.5109974783372597 0.5034166276036467
0.046328474 -0.43964676096902866 -0.5416554256472769 0.5171448166328664 0.49588588649842386
0.046466943000000004 -0.43236062050616786 -0.5485996276878596 0.5231907717507898 0.4882579266235665
0.04661523 -0.4249897286052736 -0.5554362808131414 0.5291341586615967 0.48053424338119344
0.046793737 -0.4175355310787481 -0.5621640448835191 0.5349738124680694 0.4727163509376484
0.046975222000000004 -0.4099994901329796 -0.568781601131766 0.5407085886364941 0.4648057819263372
0.047148772000000005 -0.4023830840881697 -0.5752876524248676 0.5463373632243738 0.4568040871468984
0.04731283 -0.3946878070958158 -0.581680923522112 0.5518590331046083 0.4487128352607693
0.047469041000000003 -0.38691516885403915 -0.5879601613294738 0.5572725161861689 0.44053361248319356
0.047610673000000006 -0.379066694320956 -0.594124135150358 0.5625767516313477 0.4322680222717139
0.047758046000000005 -0.37114392342631913 -0.600171636932761 0.5677707000696414 0.4239176850112251
0.047937067 -0.36314841078170085 -0.6061014815129874 0.5728533438084091 0.41548423769559595
0.048129092000000005 -0.3550817253894948 -0.611912506856019 0.5778236870404067 0.4069693336059575
0.048292408 -0.34694545035111257 -0.6176035742927715 0.582680756048432 0.39837464198565364
0.048458783000000005 -0.338741182574756 -0.6231735687544326 0.5874235994072747 0.3897018477119287
0.048608877 -0.3304705324832555 -0.6286213990042001 0.592051288183291 0.3809526509643825
0.048754006 -0.3221351237225295 -0.633945997866815 0.5965629161319889 0.37212876689021923
0.048942557000000005 -0.31373659287134015 -0.639146322456372 0.6009575998940968 0.36323192526632064
0.049124433 -0.3052765891531664 -0.6442213544030583 0.6052344791907659 0.35426387015816047
0.049280153 -0.2967567741511338 -0.6491701000795929 0.609392717018633 0.3452263595755867
0.049444468000000005 -0.28817882152724666 -0.6539915908284535 0.6134314998458501 0.33612116512543094
0.049608305000000005 -0.27954441674734487 -0.6586848831911977 0.6173500378102841 0.32695007166096296
0.049773119000000005 -0.27085525681362316 -0.663249059141619 0.6211475649216462 0.3177148769281176
0.049958299000000005 -0.262113050006969 -0.667683226325006 0.6248233392696863 0.3084173912084444
0.050125417000000005 -0.2533195156419725 -0.6719865183064543 0.6283766432413429 0.29905943695865783
0.050299566000000004 -0.24447638383822332 -0.6761580948321637 0.6318067837506165 0.2896428484466367
0.050458515 -0.23558539531250905 -0.6801971421089061 0.6351130924861719 0.28016947138365117
0.050610805 -0.22664830119788876 -0.684102873108663 0.6382949261833943 0.2706411625525198
0.050775282000000005 -0.21766686289740406 -0.6878745279079083 0.6413516669300026 0.261059789431262
0.050953737000000006 -0.20864285198265278 -0.6915113740745426 0.6442827225176813 0.25142722981165944
0.051138732000000006 -0.19957805015078942 -0.6950127071203608 0.6470875268568715 0.24174537141196756
0.051313548 -0.19047424925821477 -0.6983778510443315 0.649765540478878 0.23201611148263182
0.051463486 -0.18133325145574386 -0.7016061590023598 0.6523162511593853 0.22224135640350592
0.051632483 -0.17215686945940456 -0.7046970141550071 0.6547391747124904 0.21242302127044604
0.051797302 -0.16294692700453356 -0.7076498307684492 0.6570338560269872 0.20256302946824215
0.051982234 -0.1537052595506818 -0.7104640556805428 0.6591998704514045 0.19266331222558594
0.052152176 -0.14443371533452487 -0.7131391703015767 0.6612368256890481 0.18272580814576936
0.052320507 -0.13513415691316255 -0.7156746934117207 0.6631443644519096 0.17275246270386316
0.052480154 -0.12580846341055227 -0.7180701851694163 0.6649221682665407 0.16274522769642336
0.052632899000000004 -0.11645853379173748 -0.7203252530022641 0.6665699630684855 0.15270606062222214
0.052785582000000004 -0.10708629167239313 -0.7224395604991963 0.6680875276448798 0.142636923960264
0.052946847000000005 -0.09769369247856696 -0.7244128412279704 0.6694747067458963 0.13253978429037153
0.053134193 -0.08828273430503937 -0.7262449209060194 0.670731432106358 0.12241661116504018
0.053298990000000004 -0.07885547478158833 -0.7279357542851883 0.6718577573875841 0.11226937557466211
0.053477345 -0.06941405806098272 -0.7294854891215466 0.6728539187224413 0.10210004772126786
0.053646302 -0.05996075959945646 -0.7308945826511393 0.6737204448610437 0.09191059356191034
0.053815076 -0.050498063820314416 -0.7321640263404652 0.6744583695547198 0.08170296904152727
0.053987378 -0.04102880629932707 -0.7332958113404995 0.6750696711917616 0.07147910969453142
0.05415198500000001 -0.031556452093398725 -0.7342939815321242 0.6755582673587406 0.061240910182653804
0.054314743000000006 -0.022085688241089026 -0.7351673041971662 0.6759325386846128 0.050990179584680134
0.054485413 -0.012623826314394796 -0.7359371732243607 0.6762128111120763 0.040728529638411365
0.054641775000000004 -0.003184581927261414 -0.7366668281898066 0.6764591433475 0.030457037649439536
0.054798947 0.006200988438398753 -0.737615890064198 0.6769202331195572 0.0201748807669681
0.054981307 0.015702496281543698 -0.7408379503927394 0.6798287141736986 0.009869038932230454
0.055174895 -0.0056714509382438 0.002816820058363528 0.003837227837509511 0.9999798854969738
0.055337908000000005 -0.035799669929029915 0.7406761671074891 -0.6781625999776354 0.01061372925559669
0.055489781 -0.04500896294026893 0.7376853295356414 -0.6752356863406789 0.02091550234966038
0.055650716 -0.054340377386372325 0.7368313855129844 -0.6740413091104855 0.031196102168959673
0.055826484 -0.06373476621711925 0.7361720151466477 -0.6730136397353035 0.041466260428066545
0.056000397 -0.07314712198332936 0.7354675149285954 -0.6719420385090894 0.05172655064955834
0.05616846700000001 -0.08256045615418837 0.7346581760466852 -0.6707736420455886 0.061975834222305466
0.056339903000000004 -0.09196636098578977 0.7337234945652549 -0.6694903147410636 0.07221247847703831
0.056515304 -0.10135970316938472 0.732654974179957 -0.6680845931320015 0.0824346656481719
0.056677347 -0.11073681395622513 0.731448659419876 -0.6665530539662341 0.09264049698166421
0.056869457000000005 -0.12009475969096922 0.7301025849469579 -0.6648940449139831 0.10282803485082555
0.057037109 -0.12943100957339432 0.7286157613754944 -0.6631067818214557 0.11299532219307148
0.057211044 -0.138743269654208 0.7269877239665934 -0.661190947046576 0.1231403924544148
0.057350120000000004 -0.14802939366707837 0.7252183134809987 -0.659146494517951 0.13326127513728406
0.057508036000000005 -0.15728733228210132 0.723307562058682 -0.6569735482962923 0.1433559991434794
0.057670391 -0.16651510283823423 0.7212556302779786 -0.6546723466775876 0.15342259493799204
0.05783908200000001 -0.1757107705838424 0.7190627707274788 -0.6522432098720882 0.16345909604789113
0.058023332000000004 -0.18487243667881215 0.7167293060356882 -0.6496865205286294 0.173463540168891
0.058187967 -0.1939982303234289 0.7142556151363157 -0.6470027115689561 0.18343397003138553
0.058356519 -0.2030863034899924 0.7116421244045197 -0.6441922583409714 0.1933684341138535
0.058520999000000004 -0.2121348273437912 0.7088893017699504 -0.6412556734083692 0.20326498725644782
0.058691035 -0.2211419897884865 0.7059976527016205 -0.6381935029960424 0.2131216912074984
0.058868584 -0.23010599377681124 0.7029677174000611 -0.6350063245020482 0.2229366151236707
0.059048179000000006 -0.23902505615255865 0.6998000687855287 -0.6316947447119118 0.23270783603739126
0.059230409000000005 -0.2478974068680239 0.6964953110216754 -0.62825939848466 0.24243343930052266
0.05938954900000001 -0.256721288470987 0.6930540784056617 -0.6247009477612497 0.25211151901041357
0.059566585000000005 -0.26549495578792565 0.6894770345129001 -0.6210200807966314 0.261740178422559
0.059721654000000006 -0.27421667575198333 0.6857648715212049 -0.6172175115491504 0.2713175303527536
0.059897818000000005 -0.2828847273388368 0.6819183096626174 -0.6132939791817021 0.2808416975709004
0.060070069000000004 -0.291497401583839 0.6779380967670893 -0.6092502476431486 0.29031081318791596
0.060235697000000005 -0.30005300166091525 0.673825007872696 -0.6050871053077319 0.29972302103680515
0.060400655000000004 -0.30854984300865695 0.6695798448841863 -0.6008053646565298 0.30907647604872
0.060562743 -0.3169862534927764 0.6652034362668781 -0.5964058619895695 0.31836934462453753
0.060707356000000004 -0.32536057359663556 0.6606966367662231 -0.5918894571601264 0.3275998050023816
0.060896585 -0.3336711566335342 0.656060327146029 -0.5872570333250928 0.33676604762138934
0.061090636000000004 -0.34191636897585886 0.6512954139400052 -0.5825094967067509 0.3458662754819332
0.061266204000000005 -0.35009459029728557 0.6464028292126898 -0.5776477763625246 0.3548987045024624
0.061445002000000006 -0.3582042138250294 0.6413835303267268 -0.572672823960071 0.36386156387304985
0.06161838 -0.36624364659975805 0.6362384997141991 -0.5675856135557261 0.37275309640573473
0.061771857000000006 -0.3742113097412686 0.6309687446502357 -0.5623871413747489 0.38157155888168665
0.061968955000000006 -0.3821056387183888 0.6255752970275374 -0.5570784255922073 0.3903152223952231
0.062153636000000005 -0.38992508362186795 0.6200592131307563 -0.5516605061135833 0.3989823726946608
0.062331791000000004 -0.39766810943921516 0.6144215734098675 -0.5461344443543442 0.40757131052003914
0.062498183000000006 -0.4053331963306747 0.6086634822519423 -0.5405013230179998 0.4160803519376324
0.062672644 -0.4129188399056177 0.6027860677507543 -0.5347622458721316 0.4245078286712753
0.062846236 -0.4204235514987795 0.5967904814738532 -0.52891833752211 0.4328520884304478
0.06301896 -0.4278458584458452 0.5906778982267744 -0.522970743182197 0.44111149523508003
0.063187907 -0.4351843043579747 0.5844495158141578 -0.5169206284438613 0.44928442973703586
0.06337408500000001 -0.4424374493949077 0.5781065547975657 -0.5107691790411225 0.45736928953823586
0.06354148600000001 -0.44960387053633377 0.5716502582498604 -0.5045176006128095 0.465364489505368
0.06370031500000001 -0.45668216185127936 0.5650818915060305 -0.4981671184616503 0.4732684620811374
0.063869707 -0.4636709347652672 0.5584027419103824 -0.49171897731012176 0.4810796575920023
0.06405590600000001 -0.4705688183250468 0.5516141185600352 -0.4851744410530108 0.48879654455235
0.064241105 -0.47737445946071594 0.5447173520446708 -0.47853479250665765 0.4964176099650655
0.064401336 -0.48408652324508106 0.5377137941825363 -0.4718013331548808 0.5039413596184124
0.06456753400000001 -0.49070369315008894 0.5306048177526494 -0.46497538289154733 0.5113663183792236
0.064734374 -0.4972246713002289 0.5233918162232473 -0.45805827975982777 0.5186910304822936
0.064916502 -0.5036481787227687 0.5160762034764583 -0.45105137968812975 0.5259140598159588
0.065094126 -0.5099729555947047 0.5086594135292073 -0.4439560562227158 0.533033990203807
0.06527279200000001 -0.5161977614863663 0.5011429002504116 -0.43677370025707607 0.5400494256824386
0.065438232 -0.5223213756015365 0.49352813707445664 -0.4295057197580275 0.5469589907752613
0.065606565 -0.528342597014028 0.48581661671100074 -0.42215353948861606 0.5537613307622515
0.065760438 -0.5342602449006385 0.4780098508511495 -0.41471860072784283 0.5604551119456218
0.065963187 -0.5400731587703886 0.4701093698700275 -0.40720236098725 0.5670390219113686
0.066144282 -0.5457801986899932 0.46211672252580166 -0.3996062937244184 0.5735117697866245
0.066322438 -0.5513802455054891 0.4540334756551948 -0.39193188805342105 0.5798720864927842
0.066503404 -0.5568722010599527 0.44586121386554023 -0.38418064845227085 0.5861187249943481
0.066674042 -0.5622549884072618 0.43760153922343303 -0.3763540944674261 0.5922504605434322
0.06685287200000001 -0.5675275520218225 0.4292560709400129 -0.36845376041538563 0.5982660909199125
0.067029746 -0.5726888580042289 0.4208264450529647 -0.36048119508145005 0.6041644366671342
0.067211912 -0.5777378942827891 0.41231431410525143 -0.3524379614156788 0.6099443413231599
0.067368259 -0.5826736708108635 0.4037213468206741 -0.34432563622610834 0.6156046716475121
0.067532192 -0.5874952197599916 0.3950492277762976 -0.33614580986930004 0.6211443178433388
0.067710175 -0.5922015957087251 0.38629965707180003 -0.32790008593824316 0.6265621937750042
0.067909652 -0.5967918758271565 0.3774743499958229 -0.31959008094770763 0.6318572371810168
0.068085029 -0.6012651600570765 0.36857503668936326 -0.3112174240170769 0.6370284098822888
0.068259631 -0.6056205712877292 0.3596034618062903 -0.30278375655073464 0.6420746979856636
0.068441785 -0.6098572555271308 0.3505613841710371 -0.2942907319160641 0.6469951120826807
0.06860153100000001 -0.6139743820688934 0.3414505764335331 -0.28574001511911656 0.6517886874435445
0.068781308 -0.6179711436545432 0.33227282472145464 -0.27713328247801716 0.6564544842062447
0.06897101700000001 -0.6218467566312726 0.32302992828984284 -0.2684722212941641 0.6609915875608079
0.069154674 -0.6256004611051138 0.3137236991681692 -0.2597585295212911 0.6653991079286302
0.06934053600000001 -0.6292315210894798 0.30435596180491004 -0.25099391543244837 0.6696761811368661
0.069523209 -0.6327392246490594 0.2949285527097008 -0.24218009728497625 0.6738219685878336
0.069695245 -0.6361228840390188 0.28544332009313506 -0.23331880298352609 0.6778356574234086
0.069875583 -0.6393818358394966 0.2759021235042851 -0.2244117697412024 0.681716460684365
0.070065732 -0.6425154410853512 0.26630683346600625 -0.215460743738886 0.6854636174646441
0.070238991 -0.6455230853911356 0.2566593311081014 -0.2064674797828055 0.6890763930605119
0.070427749 -0.6484041790712816 0.2469615077984133 -0.1974337409604265 0.6925540791145793
0.070596042 -0.6511581572554539 0.23721526477191673 -0.18836129829472015 0.6958959937546595
0.070770287 -0.6537844799990647 0.2274225127578866 -0.17925193039688456 0.6991014817274295
0.070954641 -0.6562826323889188 0.2175851716052073 -0.17010742311758137 0.7021699145268728
0.071124221 -0.6586521246439614 0.20770516990590232 -0.16092956919675713 0.7051006905174826
0.07129673 -0.6608924922111213 0.19778444461695502 -0.15172016791211979 0.7078932350521915
