0 0.0 0.0 0.0 1.0
0.000176786 -0.7092487265563452 -0.00019407292636907273 -0.0010481738331827519 0.7049575218022129
0.000354725 -0.709553855187469 -0.0015184615323871199 -0.0007557156541601098 0.7046491678537804
0.0005346950000000001 -0.7089977878994204 -0.0015792913558785697 -0.00034711573914212283 0.705208849989282
0.0007453620000000001 -0.7082744118221717 -0.001552989115907758 -0.00040662524186138636 0.7059353939551943
0.000922147 -0.7078642996699834 -0.0031362520445672943 0.0007826016160638931 0.7063410541024411
0.0010872520000000001 -0.7092169724784873 -0.0034141126375312222 7.082173665865281e-05 0.7049820031515901
0.001247585 -0.7099020573398216 -0.004626791479114739 4.960495315464464e-05 0.7042852116327918
0.00144672 -0.7098245325391584 -0.0035139328698839093 0.0013562423672540335 0.7043684730934461
0.001637168 -0.7096265146375339 -0.004131472415472134 0.001753088236256671 0.7045637425674857
0.0018279160000000002 -0.7088001754737289 -0.006414033354843159 0.0012342530720942564 0.7053790810932008
0.002007601 -0.7086808919720196 -0.006121684303505199 0.0013246520719363772 0.705501356222594
0.0021811820000000003 -0.7094243964751876 -0.0067049841713467334 0.0005745485030982039 0.7047494155847848
0.002354962 -0.7092971900494269 -0.006282636225313718 2.745741205564331e-05 0.7048815672977541
0.0025640610000000003 -0.7082349663048342 -0.006862202943219081 0.0006548832688206831 0.7059431377964241
0.002773144 -0.708194531147925 -0.007822583727044983 0.0024717266726122975 0.7059696904281799
0.00297041 -0.7066276722978971 -0.008376175879556738 0.003917780735665346 0.7075251397756818
0.003144523 -0.706591317265546 -0.009679487485876694 0.00407325410867669 0.7075439396164155
0.003320958 -0.7077013363729778 -0.007128701141857618 0.0046239906521753004 0.7064606279378775
0.003535835 -0.7075732715118415 -0.007230568438497829 0.004596191572963576 0.7065880407600393
0.003708668 -0.707495412531503 -0.005783530421492525 0.005038257073946158 0.7066763106178098
0.0039043970000000004 -0.7077569939847648 -0.004851695329169368 0.005546229507051963 0.7064175379025762
0.004070132000000001 -0.7084128058046293 -0.004385595274464184 0.0039880719277695775 0.7057734469420057
0.004245649000000001 -0.7089584761601767 -0.003687140685675479 0.0016385403284318726 0.7052386824755124
0.004455652 -0.7094352215938838 -0.001831365506291337 0.001499368734770923 0.7047666736983359
0.004652659 -0.7098495297921885 -0.0021482076028298 -0.0004144893036101545 0.7043499545371756
0.004845913 -0.7092753518246435 -0.0006764273665898764 0.001432582577854752 0.7049297592293886
0.005021163 -0.7085939763886396 0.001268579507021922 0.002918912667559461 0.7056092738057017
0.00518689 -0.7080221829020575 0.0015218416858291024 0.0035006378042469538 0.7061798765551538
0.005352686000000001 -0.7093570449277875 0.001850981030690971 0.0016929987830668226 0.7048448697661504
0.005549399 -0.7101344564632128 0.002565026311028177 -0.0010323368956538456 0.7040606569495665
0.005760370000000001 -0.7102096171416918 0.0030825576196191543 -0.001901695358253202 0.7039809522371594
0.005943508 -0.7100268879064099 0.0026262344928373775 -0.0019204208459257612 0.7041670493044259
0.0061300190000000004 -0.7112011000255867 0.0016705920403498145 -0.0058944515091090485 0.7029619192289417
0.006300405 -0.7123468632946095 0.002230268675329737 -0.00804852498107075 0.7017778804590495
0.006494234000000001 -0.7127767052597997 0.0027912604166341164 -0.009824329160832515 0.7013166616164276
0.0066791 -0.7118939931190422 0.0028342667187085564 -0.008934697414343001 0.7022243805759713
0.00686872 -0.713977634487849 0.0035187590130128037 -0.011892453437629909 0.7000586584975418
0.007056027 -0.7139431574208754 0.0038476688445456043 -0.010887223205524528 0.7001084428767067
0.007234880000000001 -0.7138807551013845 0.0026232344590890397 -0.01158288493022954 0.7001665679776085
0.007426658 -0.7131716087320763 0.001698447438418081 -0.011511109042804262 0.7008929063297802
0.007633788000000001 -0.7140984068335032 0.001654336630434575 -0.01278947229443435 0.6999265375213286
0.007824938 -0.714122855991239 0.0015931527281328344 -0.012614822426802966 0.6999049040194255
0.008009149 -0.7132815708442871 0.0014470739211223332 -0.011288340838768878 0.7007851882225258
0.008195292 -0.712548688430105 0.0007804694816958455 -0.010611535246420332 0.701541982210359
0.008379884 -0.7136352217104489 0.0014942286951950248 -0.01199824238439036 0.7004131493586986
0.008572582 -0.7122143934155898 0.001285814285214341 -0.009955567960343685 0.7018902272862007
0.008765704000000001 -0.7115423750387864 0.0008801092436155901 -0.008943816935584143 0.7025857115473566
0.008955326000000001 -0.7127971517835683 0.0009724055856862118 -0.010814861740378543 0.7012861852354901
0.009135664 -0.7115591329305668 0.00021660717496599667 -0.009400879070352348 0.7025632903142154
0.00932237 -0.710862595542379 -0.00010555625606089213 -0.008394939182025577 0.7032808003299673
0.009533735 -0.7107925921399878 0.000474046726731432 -0.008243979261166124 0.7033531851385615
0.00970206 -0.7112488774436962 0.00038869250872103106 -0.009066744272757351 0.7028816951674786
0.009907681 -0.7121746793157412 0.0002507622433114354 -0.010627035191866618 0.7019218114454412
0.010094759 -0.7090858589592689 -0.00044945461959831966 -0.006297804656114097 0.7050938804663208
0.010283077 -0.7078399484681082 -0.0007405807838376434 -0.004717751493738803 0.7063567099657312
0.010476838 -0.7084044504582322 -0.0007290476279455724 -0.0054627133872547995 0.7057852094107492
0.010677309000000001 -0.7066579575309885 -0.0006746842013322886 -0.0030498762148459648 0.7075484252787468
0.010862228 -0.7068330944520567 -0.0008648945012863252 -0.003443656653237401 0.7073714510592624
0.011031394 -0.706303854559365 -0.0009130115599796397 -0.0029504252434064166 0.7079020599174424
0.011213178 -0.7084312074245361 -0.0009749539680823869 -0.005768992724405114 0.70575561813897
0.011405788 -0.7083418782398234 -0.0007816187066836365 -0.005699812043473934 0.7058460772339434
0.011609165000000001 -0.7091612342031892 -0.0010734518872524729 -0.006870655760829576 0.7050120464884777
0.011802963000000001 -0.7097811489817101 -0.0011231623704464934 -0.007679771428327392 0.704379500104384
0.011979793 -0.7106463899127431 -0.0017926324563709267 -0.009115751701462069 0.7034880226725821
0.012166039 -0.7103270835060991 -0.0013483254668456186 -0.00858895631380605 0.7038180491331509
0.012336787 -0.709041702633095 -0.0018397770384910182 -0.006967637563735281 0.7051297264861204
0.01256428 -0.708454427204794 -0.0016116901591693607 -0.006114965882928034 0.7057282297180755
0.012755839000000001 -0.7099727169148294 -0.0011837547030218102 -0.008054924446179123 0.7041821200183551
0.01294549 -0.7106570570743481 -0.0011869087725963165 -0.008824374055556227 0.7034822449078014
0.013133218 -0.7123052663469728 -0.00034753075214302595 -0.01107369307120299 0.7017823452314182
0.013304422000000002 -0.7114694730305609 -0.0006979734867093647 -0.009870270783032424 0.7026473365304231
0.013489918 -0.7120155329459913 -0.000425423137897566 -0.010591161446369372 0.7020837038117369
0.013705716000000001 -0.7113119390711989 -0.0006678376627263785 -0.009549719509223124 0.7028112706729471
0.013900598 -0.7100137867569761 -0.000602318065046784 -0.0076198504510235476 0.7041462899902775
0.014089214000000001 -0.7091595075332613 -0.0006918279435802615 -0.006392265238445141 0.7050187608811558
0.014267515000000001 -0.7092848957562744 -0.0005037181175569148 -0.006518777915700189 0.7048916146859423
0.014476061 -0.7097002945428944 -0.0003391092467331171 -0.007078535638930305 0.7044680768238233
0.014678088 -0.7106786734601774 -6.175286260422973e-05 -0.008431967442375152 0.7034662189476601
0.01487301 -0.707871279005428 -0.0007862158240935827 -0.0045312745265902645 0.7063264838409092
0.015055805 -0.7071549919917848 -0.0008475824698422568 -0.0035005842431639505 0.7070493934761646
0.015214129000000002 -0.7089945995728038 -0.00048025058141191085 -0.0060853836704118855 0.7051874894250201
0.015411317 -0.7092533015938067 -0.00018398120288387216 -0.006374510707414164 0.7049248796449468
0.015608346 -0.7106629343205407 9.802926444045157e-05 -0.008359886902270528 0.7034829752482737
0.015808555000000002 -0.7102325941501171 9.336414739010963e-05 -0.007728460896369599 0.7039246581716715
0.015991497 -0.7083976251585111 -0.0002733764099712821 -0.005146128454588879 0.7057947628716502
0.016178081 -0.708397625159067 -0.0002733763875988128 -0.005146128452229447 0.7057947628711182
0.016356008000000002 -0.7075483770627131 -0.00044281946307283 -0.003953013446228782 0.7066537141426045
0.01657287 -0.7086803799300535 -0.00021692031297275056 -0.005543655846329858 0.7055078595789208
0.016775126 -0.706839544816878 -0.0005841074905685 -0.002958142418021986 0.7073674901315036
0.016957793000000002 -0.7055610740178696 -0.0008386205367687194 -0.0011659880736655435 0.7086476614073864
0.017131328 -0.7058454640916354 -0.0007820405066277088 -0.0015643981548202307 0.7083636932341486
0.017307532 -0.7068395448178563 -0.0005841074655893488 -0.002958142406383924 0.7073674901305954
0.017518128 -0.7091042043483269 -0.0001322596245370056 -0.006139779841540355 0.7050769553647428
0.017725732 -0.7069813930586968 -0.000555843694182316 -0.003157160742610273 0.7072248816625568
0.017929088000000003 -0.7072649668990532 -0.0004993254017998649 -0.0035551312256615073 0.7069394445872947
0.01813035 -0.7085390231305402 -0.00024514683074150923 -0.0053449032352289655 0.7056513477728625
0.018304153 -0.7083976252193819 -0.00027337643092049463 -0.005146128394062222 0.7057947628109882
0.018507925 -0.7112177731859315 0.000290619417081247 -0.009117378010806412 0.7029125607520522
0.018694533000000003 -0.7092453970351541 -0.00010404570752213381 -0.0063384431688563855 0.7049331742066992
0.018898157000000002 -0.7095276590406628 -4.76271808238461e-05 -0.006735702978984825 0.7046453924445313
0.019084155000000002 -0.7105142800999565 0.00014973858309483986 -0.008125406827892492 0.7036358526370574
0.019275714000000003 -0.7106550612365986 0.0001779210875082116 -0.00832384606676306 0.7034913402946407
0.019485507000000003 -0.708539023186162 -0.0002451468302141979 -0.005344903117760168 0.7056513477179029
0.019684734000000002 -0.7083976252808795 -0.00027337643544541267 -0.005146128320983236 0.7057947627497948
0.019866772 -0.7092453970554963 -0.00010404568105554959 -0.006338443169442364 0.7049331741862312
0.02005395 -0.7099507436450995 3.697705536120236e-05 -0.00733142489435297 0.7042131711630265
0.020232862 -0.7096687284255537 -1.94226006849042e-05 -0.006934299333579063 0.7045013917731977
0.020430800000000002 -0.710514280156054 0.00014973860780651254 -0.00812540676809113 0.7036358525810966
0.020646668 -0.7116393737958453 0.0003751099088960024 -0.009712289838106434 0.7024777095268676
0.020825277 -0.7120606024061429 0.0004595717843908645 -0.010306998016435948 0.7020422017846684
0.021008287 -0.7124814586906267 0.0005440049942004227 -0.010901502057731776 0.7016060378399892
0.021194209000000002 -0.7117798246912636 0.00040326704795729055 -0.009910548544400837 0.7023326132009756
0.021367653 -0.7096687284686624 -1.942262531025667e-05 -0.006934299285656225 0.704501391730244
0.021585109 -0.7103734578754334 0.00012155293669356466 -0.007926944960960317 0.7037802917918129
0.021791386000000003 -0.7126216613499317 0.0005721429997847783 -0.011099624589251072 0.7014605040636491
0.021987401 -0.7130420206413977 0.0006565378578963849 -0.011693855669782791 0.7010234657251126
0.022170843000000003 -0.712481458768909 0.0005440049675733785 -0.010901502043084405 0.7016060377607417
0.022335088000000003 -0.710936499843466 0.00023427659393174204 -0.00872065708813817 0.703202096445076
0.022550842 -0.7092453971428972 -0.000104045680085486 -0.006338443154380374 0.7049331740984313
0.022747991000000002 -0.7092453971579132 -0.0001040456607142673 -0.00633844318666457 0.704933174083036
0.022928340000000002 -0.7100916896673118 6.517221646442194e-05 -0.00752995401216809 0.704068951034328
0.02310896 -0.7122009292675802 0.00048771943373057507 -0.010505188736370916 0.7018968866505696
0.023283794 -0.7117798247457308 0.0004032671379735914 -0.009910548512394566 0.7023326131461757
0.023480374000000002 -0.7112177733214397 0.000290619511869536 -0.009117377892934342 0.7029125606164326
0.023697226000000002 -0.7112177733078733 0.00029061950959301567 -0.009117377906674716 0.7029125606299821
0.023900606 -0.7107958012040052 0.0002061005102178127 -0.008522262820005967 0.7033467548441259
0.024080118 -0.709245397185835 -0.00010404560457051546 -0.0063384431146375235 0.7049331740555993
0.024266559 -0.7089629707984322 -0.0001604766593721401 -0.005941093980787187 0.7052206631163147
0.024456126 -0.7085390232968414 -0.0002451467337867834 -0.0053449030846540605 0.705651347607055
0.024671853 -0.7078316238728032 -0.00038632594567444665 -0.004350806911513033 0.7063676900008048
0.024836716000000002 -0.7066976559687553 -0.0006123742929118778 -0.00275910179965367 0.7075100249489412
0.0250286 -0.7055610742288977 -0.0008386204725726905 -0.0011659878421829972 0.7086476611977344
0.025234382000000003 -0.7041366822718803 -0.0011217043617181312 0.00082737222056599 0.7100630886855636
0.025432516000000002 -0.7037085725473816 -0.0012066890172880002 0.001425804100746999 0.7104862812944446
0.025636823000000003 -0.7041366822820051 -0.0011217043615984886 0.0008273722252558373 0.710063088675518
0.025851344000000002 -0.7049918054266402 -0.0009518173180991221 -0.00036890527645069723 0.7092147151843201
0.026042162 -0.7012757355910679 -0.0016887832299090004 0.004820583303785287 0.7128718346652645
0.026224717 -0.701562557675171 -0.0016320211287578672 0.004420875792291228 0.712592288782679
0.026415824 -0.7025651636294061 -0.0014334483051807263 0.0030225735318671018 0.7116115514306852
0.026637111 -0.7042793044096233 -0.0010933822430003745 0.0006279383746328317 0.709921877102661
0.026819625000000003 -0.7055610742839153 -0.0008386205111271375 -0.0011659876776447596 0.7086476611431815
0.027015867000000002 -0.7075483773710163 -0.0004428194657854616 -0.003953013030291856 0.7066537138362361
0.027214884 -0.7075483773614953 -0.00044281944478798157 -0.0039530129638338345 0.706653713846154
0.027403240000000002 -0.709950743805784 3.6977123374825915e-05 -0.007331424628219566 0.7042131710038
0.027589835 -0.7106550613692255 0.0001779211515872762 -0.008323845861892408 0.7034913401630709
0.027790366 -0.7147197220891685 0.0009938284020477952 -0.014068722283056357 0.6992687625049551
0.027982314 -0.7154169963967928 0.0011342289549550483 -0.015057273512465563 0.6985345469664617
0.028153043000000003 -0.7177799210065262 0.0016109819938405323 -0.018414013605699893 0.6960246503104683
0.028331677000000003 -0.7180571167253073 0.0016670083730561302 -0.018808481167284015 0.6957279922781622
0.028547097 -0.7186110045093057 0.0017790215406078681 -0.019597134873562145 0.6951338084032687
0.028749648000000003 -0.7201307270503461 0.002086784831270547 -0.02176398966219493 0.693493842828465
0.028941493000000002 -0.7201307270309399 0.0020867848439626415 -0.02176398965495831 0.6934938428488057
0.029149601 -0.7205443121093446 0.002170650506339053 -0.022354453305113747 0.6930450641774173
0.029334146000000002 -0.7205443120908978 0.0021706505467224673 -0.02235445328904954 0.6930450641969876
0.029555983 -0.720406492586815 0.002142698667013546 -0.022157655784280028 0.6931947291860572
0.029766701000000003 -0.7206820893919755 0.002198599129497517 -0.022551226959592864 0.6928953271267613
0.029951439000000003 -0.7204064925710297 0.0021426987139620208 -0.022157655745086047 0.69319472920357
0.030139473000000003 -0.7199927809424138 0.0020588230655597083 -0.021567120969295236 0.6936432915638195
0.030326421000000003 -0.7194405753980249 0.0019469422640389527 -0.020779409714543933 0.6942403647287405
0.030534323000000002 -0.7180571166383184 0.0016670083915443954 -0.018808481066979948 0.6957279923706104
0.030731234000000003 -0.7177799209104697 0.001610982038790397 -0.0184140134988695 0.6960246504122497
0.030937744000000003 -0.7175025574783624 0.001554942530271879 -0.018019452297334874 0.696321019002472
0.031117598000000003 -0.7180571166224377 0.0016670084404590219 -0.018808481049557384 0.6957279923873547
0.031307793 -0.7173638128926968 0.0015269179185418266 -0.01782213661515123 0.6964690947344275
0.031532105000000005 -0.7169473278281905 0.0014428241984755226 -0.017230049570364708 0.6969128875047099
0.031741599 -0.7134620065906848 0.0007409040727742908 -0.012287881041658915 0.700585772187999
0.031950271 -0.7122009291551019 0.0004877195432898471 -0.010505188274855925 0.7018968867715304
0.032133009000000004 -0.7117798246337733 0.0004032672176335438 -0.009910548070833969 0.7023326132658243
0.032315293 -0.7095276590595366 -4.7627029309306206e-05 -0.0067357024238982105 0.704645392430843
0.032528547000000005 -0.7069813931196185 -0.0005558436313829506 -0.0031571600261089254 0.707224881604904
0.032759898 -0.7059875980637047 -0.0007537550767433788 -0.0017635695844302156 0.7082215988346066
0.032937205000000004 -0.7034229631187886 -0.001263360724017586 0.0018248674986777091 0.7107680414421268
0.033128235 -0.7031371917865471 -0.0013200445062385747 0.0022240167748993527 0.7110495065453707
0.033316345000000004 -0.7007016075970033 -0.001802343519423301 0.005620255021040999 0.7134300395990569
0.033526404 -0.6995514208811893 -0.0020296070034144455 0.007220617080226052 0.7145428978917233
0.033737026 -0.6992634725320308 -0.0020864525843288712 0.007620919212522402 0.7148203720435055
0.033932032 -0.6978213263555295 -0.002370857585434364 0.009623692574370516 0.7162032952025237
0.034121881 -0.6976768916452739 -0.002399314293401537 0.009824085237118484 0.7163411795397246
0.034296512 -0.698110075784286 -0.0023139530575698396 0.009222970035778228 0.7159273039446289
0.034508162 -0.6972433479263906 -0.0024847018960423694 0.010425388501363625 0.7167543870137676
0.034713810000000005 -0.6979657210601773 -0.0023424038462619918 0.009423320832482743 0.7160653366793117
0.034898646000000005 -0.6986870945902894 -0.002200179218192974 0.008421776455632248 0.7153744311517706
0.035078477000000004 -0.6991194381739477 -0.002114879803673868 0.007821101932173533 0.7149589979959176
0.035271811 -0.7005579749835252 -0.001830741066263743 0.005820226003904379 0.7135694059048456
0.035494168 -0.7014191665204006 -0.0016604008084674144 0.004620719392305348 0.7127320989399027
0.035688227 -0.7031371917597953 -0.001320044569176762 0.0022240167432242878 0.7110495065718071
0.035879459 -0.7055610739880166 -0.0008386206194357731 -0.001165987327289876 0.7086476614382397
0.036063458 -0.7076900208191576 -0.00041457130844352026 -0.004151920674490915 0.7065107388556267
0.036246478000000006 -0.7110771569701265 0.0002624494523651731 -0.008919028404248713 0.7030573652895554
0.036449585 -0.7123412144497673 0.0005158635871528271 -0.01070335641872046 0.7017514989242017
0.036665685 -0.7144405205811756 0.0009376452621529557 -0.013673140420271688 0.699561940505706
0.03687117 -0.7156956140622542 0.0011903661638576288 -0.015452532328114122 0.6982403528048902
0.037070998 -0.717641259963423 0.0015829635577320558 -0.018216744693208657 0.6961728710868215
0.037256128 -0.7187493711398644 0.0018070162409301272 -0.019794239611452717 0.6949850820388586
0.037452983 -0.7199927807051085 0.0020588225978586568 -0.02156712109386726 0.6936432918076543
0.037670142000000004 -0.7198547925164868 0.0020308573898851637 -0.021370228764457835 0.693792668332451
0.037876837000000003 -0.7195786897283449 0.0019749169948220665 -0.020976373147526067 0.6940912049300708
0.038070570000000005 -0.7191642197522568 0.0018909815146809224 -0.02038541250241526 0.6945384684624353
0.038249675000000004 -0.7191642197453932 0.0018909815044081547 -0.02038541251225172 0.6945384684692815
0.03843162 -0.7172250262323433 0.0014988894755262744 -0.017624797774835565 0.6966170982539481
0.038660649000000005 -0.7163914284101257 0.0013306529522487248 -0.016440274285372276 0.6975035971553425
0.038846197 -0.7138816189472428 0.0008252407445972898 -0.012881701304789595 0.7001474236748081
0.039028159 -0.7127618222902461 0.0006002775581276579 -0.011297724159874876 0.7013148977322158
0.039206798 -0.7098097564805582 8.778584290281771e-06 -0.007132872916142573 0.704357318164516
0.039408135000000004 -0.71009168942689 6.517195964892293e-05 -0.00752995366196716 0.7040689512805757
0.039618034 -0.7088216957863668 -0.0001886971573198455 -0.005742385574723225 0.7053642980643643
0.039823506 -0.7069813930553771 -0.0005558438733852493 -0.003157160184944367 0.7072248816682242
0.040007977 -0.7064137550965157 -0.0006689175944152772 -0.0023609546829118657 0.7077948749833366
0.040205079000000005 -0.7069813930519969 -0.0005558438566278455 -0.0031571601417670716 0.707224881671809
0.040387887000000004 -0.7059875980430249 -0.0007537552841366194 -0.0017635697125581102 0.7082215988546812
0.040596025 -0.7042793041648349 -0.001093382466998048 0.0006279386997361233 0.7099218773448713
0.040803937000000005 -0.7048493863099907 -0.0009801244325483727 -0.00016957971488319482 0.7093562949725946
0.040998898000000006 -0.7025651633951361 -0.0014334485182178668 0.003022573847658746 0.7116115516602066
0.041181558 -0.7012757353800773 -0.0016887834405485908 0.0048205837435912995 0.7128718348693502
0.041366489 -0.7012757353882392 -0.0016887834277692164 0.004820583740248261 0.7128718348613738
0.041578965 -0.6999830423930468 -0.001944360955251727 0.00662032221733943 0.7141261311255798
0.041781055000000004 -0.6995514209478348 -0.002029607031853954 0.007220616959302753 0.7145428978276173
0.041961726000000005 -0.7014191666042817 -0.0016604008569624713 0.004620719280248966 0.7127320988579668
0.042161603000000006 -0.7007016076607817 -0.0018023435881110168 0.0056202548964479114 0.7134300395372243
0.042332346 -0.7007016076644125 -0.0018023436125125625 0.005620254879643721 0.7134300395337292
0.042538495 -0.7027082312111844 -0.0014050929835947986 0.002822902272261924 0.7114711510135302
0.042742837000000006 -0.7029942454335251 -0.001348391023456226 0.002423623642048957 0.7111901284308145
0.042940945 -0.7029942454435301 -0.001348390983644348 0.002423623665985609 0.7111901284209187
0.043124923 -0.705418817929815 -0.000866915191527497 -0.0009667494781956709 0.7087895351682332
0.043303232000000004 -0.7062717435754036 -0.0006971935825771548 -0.0021618482268172885 0.7079371896999849
0.043502484 -0.7079731855356326 -0.00035808393828554765 -0.004549670059356235 0.7062245682789386
0.043703042000000004 -0.7086803800016962 -0.00021692030816701443 -0.005543655162260809 0.7055078595123329
0.043892197 -0.7102325941865799 9.336415432852454e-05 -0.007728460245119672 0.7039246581420312
0.044086997 -0.7123412145203366 0.0005158638322353849 -0.01070335632392124 0.7017514988538335
0.044271354000000006 -0.7141611529958355 0.0008814497794593315 -0.013277466602410365 0.6998548274310662
0.044471290000000004 -0.7144405206530454 0.0009376455325932474 -0.01367314029463987 0.6995619404344008
0.044672199 -0.7172250263011107 0.001498889874576921 -0.01762479753094701 0.6966170981884584
0.044878295000000006 -0.7186110042791034 0.0017790215941202432 -0.019597134706753266 0.6951338086458115
0.045043168 -0.7183341443536527 0.0017230216137330634 -0.019202854796676015 0.6954310451941892
0.045221712000000004 -0.7176412600236568 0.0015829639263080343 -0.018216744524127467 0.6961728710283166
0.045412803 -0.7175025573368308 0.0015549425533278429 -0.018019452229863366 0.6963210191500038
0.045618334 -0.717225026270373 0.001498889921720763 -0.017624797572852093 0.6966170982189438
0.045822676 -0.7172250262471693 0.0014988899259700626 -0.017624797552631518 0.6966170982433365
0.046007782000000004 -0.7176412599795695 0.0015829639726457614 -0.01821674451555814 0.6961728710738825
0.046184390000000006 -0.7179185395596651 0.0016389968738326633 -0.018611258883488444 0.695876357759435
0.046372778 -0.7176412599883912 0.0015829639394670735 -0.018216744472127736 0.6961728710660005
0.046579352000000004 -0.7183341443322221 0.0017230216265477355 -0.019202854742468668 0.6954310452177906
0.046784481 -0.7163914284696876 0.001330653400746593 -0.016440273953204427 0.6975035971011415
0.046974967000000006 -0.7166694617310405 0.0013867452984742353 -0.016835208218821538 0.6972083873017069
0.047169865000000005 -0.7147197218940232 0.0009938284333413214 -0.01406872192412097 0.6992687627115894
0.047346896000000006 -0.7138816190699082 0.0008252410882357567 -0.012881700999402935 0.7001474235549503
0.047543228 -0.7129019421723923 0.0006284095104126065 -0.011495800908525589 0.7011692181704713
0.047755732 -0.7112177732142854 0.00029061949361018446 -0.00911737736468116 0.7029125607317126
0.047945911 -0.7102325942729627 9.336413558728167e-05 -0.007728460116011335 0.7039246580562943
0.048132355 -0.7085390232344594 -0.0002451468469953937 -0.005344902465979192 0.705651347674339
0.048304674000000006 -0.7083976253544418 -0.00027337649654591065 -0.005146127654647073 0.7057947626807961
0.048509957000000006 -0.7082561864532705 -0.00030160925966456377 -0.004947330616681517 0.7059381044413838
0.048709212 -0.7064137552765619 -0.0006689175705598725 -0.002360954460618453 0.707794874804406
0.048884101000000006 -0.7062717437315081 -0.0006971936649323318 -0.002161848094363499 0.7079371895445709
0.049083444000000004 -0.7066976559228683 -0.0006123744305933014 -0.0027591012342827667 0.7075100249968613
0.049256105 -0.7075483772543225 -0.00044281954854342813 -0.003953012624716042 0.7066537139552947
0.049441548 -0.707973185639704 -0.0003580840022282121 -0.004549669922943772 0.7062245681754559
0.049675247000000006 -0.7079731856691505 -0.0003580840327222933 -0.004549669910356083 0.7062245681460021
0.049877705 -0.7074066926417566 -0.000471071023547734 -0.003754082578287717 0.7067966158391944
0.050062925 -0.7076900210288152 -0.00041457134580073947 -0.0041519205155185505 0.7065107386465315
0.050252773 -0.709245397132266 -0.00010404584095439523 -0.0063384425189765125 0.7049331741148173
0.050455661000000006 -0.7082561864524766 -0.0003016093137272825 -0.004947330610251488 0.7059381044422023
0.050651485 -0.7102325943038006 9.336396436010355e-05 -0.007728460114787237 0.7039246580252161
0.050836334000000004 -0.7124814586090312 0.0005440048073520007 -0.010901501500401017 0.7016060379316542
0.051017023 -0.7120606023370649 0.0004595716066530576 -0.01030699746959818 0.7020422018628768
0.051217832000000005 -0.7126216611983152 0.0005721428421125868 -0.011099624053026344 0.7014605042262918
0.051424679 -0.7126216611972737 0.0005721428220916489 -0.011099624059442719 0.7014605042272646
0.051631859 -0.7134620065405041 0.0007409036995375054 -0.012287880930924344 0.7005857722414389
0.051811199 -0.7129019421546641 0.0006284092428005077 -0.01149580090812941 0.7011692181887426
0.052017576 -0.7117798246041582 0.00040326684656618385 -0.009910547991693332 0.7023326132971677
0.052191178000000005 -0.7113583480266129 0.00031878589392810843 -0.00931570393604804 0.7027676833268431
0.052369285 -0.7127618224238662 0.0006002775699074112 -0.011297723868962353 0.701314897601091
0.052582575000000006 -0.7126216611971637 0.0005721427685854975 -0.011099624052214535 0.7014605042275343
0.052780631 -0.7123412145517446 0.0005158635275066653 -0.01070335618900842 0.7017514988242333
0.052964756 -0.7120606023110005 0.0004595715247637611 -0.010306997436486274 0.702042201889853
0.053177673 -0.7109364997340577 0.00023427634062895555 -0.008720656449403084 0.7032020965636936
0.053348268000000004 -0.709386548675062 -7.583512496070527e-05 -0.0065370835775573136 0.7047893198298467
0.053571890000000004 -0.7081147065950021 -0.0003298452827494641 -0.004748511320120545 0.7060813728928178
0.053763694 -0.706981393266692 -0.0005558439656064071 -0.003157159880120994 0.7072248814582703
0.053938969 -0.7052765212453764 -0.000895213100650466 -0.0007674895618008357 0.7089313352739441
0.054123114 -0.704136682304611 -0.0011217046950128264 0.0008273728607263653 0.7100630886518339
0.054307435 -0.7034229633304342 -0.0012633609795202447 0.001824867585033492 0.7107680412319926
0.054538301000000004 -0.7022789067351781 -0.0014901686186906903 0.003421981804649505 0.7118921312901694
0.054727647000000004 -0.7015625577106012 -0.001632021432042083 0.004420876388369468 0.7125922887434046
0.054925236 -0.6999830426785348 -0.0019443611344397707 0.006620322432834007 0.7141261308432599
0.055121594 -0.6994074671475194 -0.0020580285469900413 0.007420757657669444 0.7146816716361053
0.055288525000000005 -0.6992634729147311 -0.0020864528259540425 0.007620919255165608 0.7148203716679741
0.055510075000000006 -0.7002705894271609 -0.0018875452831393358 0.006220231772655919 0.7138479162068315
0.055709878000000004 -0.7017059082839169 -0.0016036449231244488 0.004221054569601884 0.7124524049371471
0.05590562600000001 -0.7005579752840897 -0.0018307412859356275 0.005820226028300072 0.7135694056089994
0.056076082000000006 -0.7011322641185123 -0.0017171691517888258 0.0050204696855072495 0.7130114966999411
0.056244590000000004 -0.7025651636436608 -0.0014334486329798694 0.0030225740062468642 0.7116115514139366
0.056453707000000006 -0.7039940196650167 -0.0011500298779800575 0.0010268283522005869 0.7102042264945395
0.056667844 -0.7041366823365511 -0.001121704693062575 0.0008273727251259942 0.7100630886203215
0.056872912000000005 -0.7028512587946524 -0.0013767406401627743 0.00262325227362874 0.7113306763689385
0.057057114000000006 -0.704136682316938 -0.0011217047029502196 0.000827372734563268 0.7100630886397442
0.057239013000000005 -0.7061296913843602 -0.0007254730931617972 -0.0019627198757171177 0.7080794308302629
0.057451725 -0.7072649671041532 -0.0004993256891533833 -0.00355513054737981 0.7069394443853084
0.057655802000000006 -0.7082561864467163 -0.0003016094172300555 -0.00494733072950919 0.7059381044471015
0.057859566 -0.7112177732041322 0.00029061913377884357 -0.009117377444006251 0.7029125607411055
0.058056743 -0.7123412145541953 0.0005158634454620175 -0.010703356291304493 0.7017514988202455
0.058249653000000005 -0.71444052062303 0.0009376451550604885 -0.013673140254756003 0.6995619404663399
0.058460649 -0.7152776246200924 0.0011061549447139369 -0.014859609151613603 0.698681535576072
0.058656562 -0.7169473276134464 0.0014428237061103705 -0.017230049474441116 0.696912887729018
0.058849593000000006 -0.7158348604042043 0.0012184299648931548 -0.015650126872662293 0.6980931467844272
0.059043859000000004 -0.716252349006202 0.001302602089911588 -0.01624277205549036 0.697651093403319
0.059233386000000006 -0.7169473275660212 0.0014428237085345203 -0.01723004951062238 0.6969128877769073
0.059427355 -0.715556325913038 0.0011622989428173916 -0.015254914284994339 0.6983874863549313
0.059641669 -0.7154169960985537 0.0011342285477435863 -0.015057273291542092 0.6985345472773322
0.059858439000000006 -0.7159740650276171 0.0012464905601695753 -0.015847698467178865 0.6979458681892219
0.060050859000000005 -0.7177799206122764 0.001610981579788602 -0.018414013395204674 0.6960246507235682
0.06021792200000001 -0.7169473275395379 0.001442823698844429 -0.017230049545036652 0.6969128878033211
0.060430709000000006 -0.7156956139946375 0.0011903660888071062 -0.015452532164222193 0.6982403528779523
0.060640945 -0.7149987564734792 0.0010499979844706597 -0.014464211717831583 0.6989752945025975
0.06085294200000001 -0.7156956139780029 0.0011903661129035108 -0.015452532166119165 0.6982403528949198
0.061064016000000006 -0.7161132279058282 0.0012745479871927531 -0.01604524684117224 0.6977985170516843
0.061249501000000005 -0.7155563258581101 0.0011622990116613107 -0.015254914295103563 0.698387486410874
0.061454586000000005 -0.7143008574884133 0.0009095489394830597 -0.013475314910469709 0.6997084204153241
0.061660838 -0.7138816188980208 0.0008252407689096925 -0.01288170112248772 0.7001474237283212
0.061843813000000004 -0.7133220525417383 0.0007127848081416419 -0.01208989531806871 0.7007317430562549
0.062026569000000004 -0.7147197217269387 0.0009938280793295139 -0.014068722097467993 0.6992687628793814
0.06221029 -0.7131820571631016 0.0006846627853696636 -0.011891886745740644 0.7008776409667408
0.062412687 -0.7120606021927879 0.00045957149495927564 -0.010306997636124892 0.7020422020068412
0.06264280400000001 -0.7102325941870957 9.33638798475133e-05 -0.007728460303187182 0.7039246581409095
0.06284990700000001 -0.7098097565489871 8.778562803577628e-06 -0.007132872864397246 0.7043573180960819
0.063048724 -0.7068395449683155 -0.0005841077081132653 -0.0029581418237654205 0.7073674899824848
0.063241479 -0.7058454642806358 -0.00078204073388716 -0.0015643975595830337 0.7083636930468841
0.063442528 -0.7042793043890898 -0.0010933825250298377 0.0006279386002853115 0.7099218771223974
0.063633985 -0.7029942456695866 -0.0013483911792178656 0.002423623469793714 0.7111901281977653
0.06383548900000001 -0.7009887524433575 -0.0017455577030781014 0.005220376530577935 0.7131510847254527
0.064019245 -0.7019924883742058 -0.0015469007726265768 0.0038214749770935407 0.7121724157064705
0.064232657 -0.7009887524431984 -0.0017455576932549185 0.005220376529789582 0.713151084725639
0.064454146 -0.6996953353394888 -0.002001188900590615 0.007020497387721891 0.7144040492351467
0.064672451 -0.6998392091317783 -0.0019727735390193133 0.006820399165962534 0.714265127023284
0.06485363000000001 -0.6979657215868939 -0.002342404085566804 0.00942332052200944 0.7160653361692119
0.065045192 -0.6994074671955787 -0.0020580285587647436 0.0074207572826895 0.7146816715929328
0.065224745 -0.7002705895031729 -0.0018875452587504397 0.006220231455131794 0.7138479161350966
0.065429974 -0.6996953353234571 -0.0020011889168226756 0.007020497366029789 0.7144040492510161
0.065642902 -0.6995514213475827 -0.002029607259235391 0.007220616774324683 0.7145428974374798
0.065838587 -0.7002705895011787 -0.0018875452540108963 0.006220231475070914 0.7138479161368917
0.066023863 -0.7004143025623153 -0.0018591417703729687 0.006020217988360841 0.7137086978126274
0.06621426400000001 -0.7017059083537058 -0.0016036448646915371 0.004221054256552458 0.712452404870397
0.066431876 -0.7025651637141151 -0.0014334485838936519 0.0030225737243232994 0.7116115513456743
0.06664144300000001 -0.7038513164288024 -0.0011783580860218164 0.0012263054277300847 0.7103452906922529
0.066857919 -0.7048493865399987 -0.0009801245242096915 -0.00016957982439113015 0.7093562947438952
0.067041738 -0.706413755248563 -0.0006689176918170832 -0.002360954755468397 0.7077948748312521
0.06725148 -0.7089629706536896 -0.0001604770078588666 -0.0059410936647136 0.705220663264409
0.067443292 -0.7129019420110354 0.000628409171346285 -0.011495801172317353 0.7011692183305073
0.06764850800000001 -0.7134620063987837 0.0007409036636124462 -0.012287881220018016 0.7005857723807315
0.067854915 -0.7136019187651524 0.0007690192690896144 -0.012485844150357235 0.7004397289131375
0.068042738 -0.7143008574826821 0.0009095490133572621 -0.01347531515458528 0.6997084204163775
0.068240879 -0.7175025571253805 0.0015549422155905364 -0.018019452406262796 0.6963210193640754
0.06844038000000001 -0.719440574944161 0.001946941920218312 -0.02077940980689913 0.6942403651972792
0.068668009 -0.720544311574078 0.002170650217014189 -0.022354453281749592 0.6930450647355825
0.06887518000000001 -0.7208198239440926 0.002226543968033018 -0.022747976957178614 0.69274551853875
0.069059808 -0.7205443115659389 0.002170650206844038 -0.02235445328058793 0.6930450647441139
0.069237928 -0.7208198239342916 0.002226543930394849 -0.02274797695468646 0.6927455185491511
0.06944990200000001 -0.7202686303720094 0.002114743062451263 -0.02196083459131833 0.693344322618901
0.06966839500000001 -0.720957516778777 0.0022544857670834455 -0.022944703142812554 0.6925956373612197
0.069862133 -0.7210951673623853 0.0022824242795214966 -0.023141405470007904 0.6924456841506738
0.07006825500000001 -0.7216453470115071 0.0023941448939156364 -0.023927976471024136 0.6918451511348988
0.07025413600000001 -0.7219201830138042 0.0024499850540844826 -0.02432111868248343 0.6915444527408074
0.070462492 -0.7217827862318703 0.002422066667877327 -0.024124559551821703 0.6916948378575954
0.070675316 -0.7213703418033348 0.0023382913015779837 -0.02353473873349239 0.6921455615931343
0.070860377 -0.7209575168084773 0.0022544857825763836 -0.022944703124431746 0.6925956373308615
0.07106023 -0.721232775727353 0.0023103594505129023 -0.023338084013875757 0.692295658870102
0.071224751 -0.7217827861750742 0.0024220665881257756 -0.024124559570112322 0.6916948379165034
0.07142062 -0.7219201830164443 0.0024499849915448663 -0.024321118713546575 0.6915444527371806
0.07161318200000001 -0.7220575374985936 0.002477900010867024 -0.02451765395436722 0.6913939956331537
0.07181920800000001 -0.7217827862022655 0.00242206658654536 -0.024124559576011975 0.6916948378879292
0.072000269 -0.7223321194224153 0.0025337199973575566 -0.02491065249578611 0.6910928656164315
0.072185131 -0.722469346779197 0.0025616249139387005 -0.025107115817423857 0.6909421927900852
0.07239475000000001 -0.722469346792524 0.002561624945433065 -0.025107115844704438 0.6909421927750421
0.07261542600000001 -0.7224693467949063 0.002561624960740216 -0.02510711585309481 0.6909421927721895
0.072816578 -0.7221948496462635 0.0025058117491228407 -0.02471416524042807 0.6912434665791481
0.073013355 -0.7224693467749858 0.002561624967554042 -0.02510711584841823 0.6909421927931636
0.07320692200000001 -0.7224693467569079 0.00256162497445441 -0.025107115827480066 0.6909421928128017
0.073412191 -0.7226065317416841 0.0025895265297821517 -0.02530355517891287 0.690791448073812
0.07361675300000001 -0.7226065317433406 0.0025895265163023767 -0.0253035551581976 0.6907914480728884
0.07381720700000001 -0.7226065317331881 0.002589526502607485 -0.025303555146226286 0.6907914480839984
0.074025071 -0.722606531728573 0.0025895264927379004 -0.025303555119948824 0.6907914480898255
0.07420776500000001 -0.7226065317266621 0.002589526515335188 -0.025303555142507785 0.6907914480909134
0.074422947 -0.7226065317287269 0.0025895264978040154 -0.025303555150092652 0.6907914480885414
0.07463678600000001 -0.7226065317031257 0.0025895264640588916 -0.025303555131298335 0.6907914481161367
0.074840827 -0.7226065316876394 0.002589526463608271 -0.025303555152658197 0.6907914481315554
0.075032237 -0.7226065316851863 0.0025895264312509403 -0.025303555136190994 0.690791448134846
0.075238317 -0.7226065316715167 0.0025895264206883604 -0.02530355511385073 0.6907914481500032
0.075457753 -0.7226065316734974 0.0025895263957914456 -0.025303555130496494 0.6907914481474147
0.075685213 -0.7226065316949796 0.0025895264128276106 -0.02530355511704526 0.6907914481253722
0.07587109 -0.722606531690001 0.002589526408170342 -0.025303555093765875 0.6907914481314503
0.076045129 -0.722606531713287 0.002589526401421358 -0.025303555092942097 0.6907914481071471
0.076221986 -0.7226065317188792 0.002589526399795589 -0.025303555065984567 0.6907914481022911
0.076424724 -0.7226065316966963 0.002589526420656015 -0.025303555083374923 0.6907914481247803
0.076640567 -0.7226065316954676 0.002589526382464364 -0.02530355506294735 0.6907914481269569
0.07682284 -0.7226065316775552 0.002589526390573944 -0.02530355500355827 0.6907914481478394
0.07704680500000001 -0.7226065316465544 0.0025895263440956886 -0.025303554987588215 0.6907914481810271
0.077234868 -0.7226065316352818 0.0025895263361391885 -0.025303554997518567 0.6907914481924851
0.07743852700000001 -0.7226065316298409 0.0025895263636543323 -0.025303555004334923 0.6907914481978237
0.077649482 -0.7226065316329606 0.0025895264048681034 -0.025303555023084755 0.6907914481937191
0.077833492 -0.7226065316187432 0.0025895264231832822 -0.025303554993323336 0.6907914482096127
0.078034215 -0.7226065315956014 0.0025895263618429653 -0.02530355498274353 0.6907914482344377
0.07823144800000001 -0.7226065315845096 0.0025895263558579737 -0.0253035549536305 0.6907914482471291
0.078430069 -0.7226065315898726 0.0025895263491648424 -0.025303554965125114 0.6907914482411233
0.078648379 -0.7226065315925061 0.002589526344339675 -0.02530355492546738 0.6907914482398392
0.078841253 -0.7226065315919526 0.002589526322330948 -0.025303554934536666 0.6907914482401685
0.07903126 -0.7226065316030463 0.0025895263219865112 -0.025303554958490238 0.6907914482276879
0.079223165 -0.7226065316049823 0.0025895262954569944 -0.025303554971216072 0.6907914482252959
0.079430816 -0.7226065315892223 0.002589526301837024 -0.02530355499916314 0.6907914482407342
0.07964362600000001 -0.7226065315762668 0.0025895262625099174 -0.025303554991749667 0.6907914482547055
0.07983970900000001 -0.7226065315951944 0.00258952626682566 -0.025303554999098653 0.6907914482346207
0.080026308 -0.7226065316159849 0.002589526237522581 -0.02530355501346556 0.6907914482124563
0.08020582100000001 -0.7226065315986892 0.0025895262559493025 -0.02530355504980113 0.6907914482291486
0.080376499 -0.7226065315799348 0.002589526252682786 -0.025303555067362773 0.6907914482481357
0.08059182100000001 -0.7226065315829476 0.002589526245656203 -0.025303555088203183 0.6907914482442469
0.08079778300000001 -0.7226065315739375 0.0025895262543330464 -0.025303555063260406 0.6907914482545533
0.081007427 -0.7226065315620432 0.002589526257431849 -0.02530355506989265 0.6907914482667408
0.08120213100000001 -0.7226065315970744 0.002589526257797741 -0.02530355509828705 0.6907914482290546
0.08139104400000001 -0.722606531562896 0.0025895262153127264 -0.025303555092847884 0.6907914482651658
0.08162504100000001 -0.7226065315547187 0.0025895262215298604 -0.025303555083482625 0.6907914482740394
0.081835764 -0.7226065315330364 0.00258952619785358 -0.02530355508074924 0.6907914482969092
0.082036907 -0.7226065315189477 0.0025895261785504648 -0.02530355507802494 0.6907914483118189
0.082219953 -0.7226065315232111 0.002589526179081321 -0.025303555078795104 0.690791448307329
0.082435375 -0.7226065315333485 0.0025895261737608707 -0.025303555087722314 0.6907914482964175
0.08265104000000001 -0.7226065315251403 0.002589526212851283 -0.025303555031288862 0.6907914483069244
0.082843805 -0.722606531552676 0.0025895262754750863 -0.025303554976743633 0.6907914482798838
0.08303761200000001 -0.7226065315578254 0.0025895263237353167 -0.02530355494915036 0.6907914482753271
0.08323338200000001 -0.7226065315437344 0.002589526335589467 -0.025303554944434193 0.6907914482901953
0.083432712 -0.722606531554077 0.0025895263200861928 -0.02530355491024705 0.690791448280687
0.083650736 -0.7226065315495196 0.002589526266570707 -0.025303554917459996 0.6907914482853904
0.083838544 -0.722606531562441 0.002589526279919435 -0.025303554924499372 0.690791448271566
0.084038386 -0.7226065315711682 0.0025895262863369862 -0.025303554970685115 0.6907914482607211
0.08423988 -0.7226065315546584 0.0025895263133806213 -0.025303554944318137 0.6907914482788557
0.08443025 -0.7226065315482695 0.0025895262864271463 -0.025303554907627094 0.6907914482869838
0.084629245 -0.7226065315475206 0.002589526309233153 -0.025303554932948447 0.6907914482867542
0.08484522400000001 -0.7226065315539691 0.002589526309319337 -0.025303554913526042 0.6907914482807199
0.085039613 -0.7226065315710771 0.0025895262895195537 -0.025303554887670384 0.6907914482638452
0.085238094 -0.7226065315611709 0.002589526315558109 -0.02530355486434208 0.6907914482749646
0.085444855 -0.7226065315779652 0.0025895263106151937 -0.02530355486520881 0.6907914482573837
0.08567604300000001 -0.7226065315647993 0.002589526331471842 -0.025303554861778335 0.6907914482712033
0.08587043600000001 -0.722606531539859 0.002589526319374608 -0.02530355486835065 0.6907914482970968
0.086038086 -0.7226065315397303 0.002589526329217426 -0.025303554865785255 0.6907914482972888
0.08623800300000001 -0.7226065315227241 0.0025895263320032335 -0.025303554887099237 0.6907914483142868
0.08643537700000001 -0.7226065315168444 0.0025895263170712625 -0.025303554870482015 0.690791448321102
0.08665417800000001 -0.7226065315097185 0.002589526342183311 -0.025303554904977574 0.6907914483271984
0.086858924 -0.7226065314933937 0.0025895263187542036 -0.025303554888734564 0.6907914483449578
0.087063553 -0.7226065314858827 0.0025895263429125087 -0.025303554913929518 0.6907914483518014
0.08726531200000001 -0.722606531451621 0.0025895263662235766 -0.02530355489274382 0.6907914483883295
0.08748436600000001 -0.7226065314505647 0.002589526388980867 -0.0253035548675517 0.690791448390272
0.08769826900000001 -0.722606531490086 0.002589526339979593 -0.02530355489030865 0.6907914483482807
0.087884456 -0.7226065314860289 0.0025895263659085426 -0.02530355486973294 0.6907914483531812
0.088075689 -0.7226065314747834 0.0025895264081094863 -0.025303554886067094 0.6907914483641882
0.088260538 -0.7226065314910762 0.0025895263748244414 -0.0253035548650317 0.6907914483480402
0.08848127600000001 -0.7226065314529004 0.002589526435129504 -0.025303554901499704 0.6907914483864123
0.08870414900000001 -0.7226065314588646 0.0025895263828912447 -0.02530355488803713 0.6907914483808625
0.088884868 -0.7226065314576854 0.002589526299920231 -0.02530355488953653 0.6907914483823518
0.089090784 -0.7226065314577347 0.002589526289204761 -0.02530355491264994 0.6907914483814938
0.089273456 -0.7226065314643355 0.002589526242383604 -0.02530355495850876 0.6907914483730848
0.089485328 -0.7226065314365768 0.0025895263146334512 -0.02530355492456942 0.6907914484030943
0.08969892600000001 -0.7226065314272451 0.0025895263059675724 -0.025303554915487924 0.6907914484132209
0.089898713 -0.7226065314301653 0.002589526267798269 -0.025303554860647823 0.690791448412318
0.09009122500000001 -0.722606531400195 0.0025895263940044428 -0.02530355485141476 0.6907914484435338
0.090298588 -0.7226065314007066 0.002589526399905015 -0.025303554842735068 0.6907914484432943
0.09050430500000001 -0.7226065314180755 0.0025895264019562478 -0.025303554866434794 0.6907914484242498
0.09072263200000001 -0.72260653142731 0.0025895264691171804 -0.025303554869064968 0.690791448414242
0.090933817 -0.7226065314167799 0.0025895265041280873 -0.0253035548645055 0.6907914484252927
0.091107148 -0.7226065314097981 0.002589526509594812 -0.025303554883243075 0.6907914484318891
0.09130299900000001 -0.7226065314127653 0.0025895264813342836 -0.02530355488526278 0.6907914484288173
0.091520608 -0.7226065314236765 0.0025895264499889315 -0.025303554863602522 0.6907914484183146
0.091749779 -0.7226065314110899 0.0025895264751903337 -0.02530355484502335 0.690791448432067
0.09195431100000001 -0.7226065314042279 0.002589526451860769 -0.025303554827021728 0.6907914484399919
0.092150827 -0.7226065313974763 0.002589526423756251 -0.02530355484675037 0.6907914484464369
0.09232954600000001 -0.7226065313986165 0.0025895264702989773 -0.025303554861707066 0.690791448444522
0.09253222800000001 -0.7226065313757 0.002589526498609076 -0.02530355481640447 0.6907914484700471
0.09274919000000001 -0.7226065313728457 0.0025895265292494264 -0.025303554822150118 0.6907914484727077
0.092965158 -0.7226065313708824 0.002589526513504816 -0.02530355479227113 0.690791448475915
0.093161012 -0.7226065313721273 0.002589526530630294 -0.02530355480031872 0.6907914484742538
0.09334109600000001 -0.7226065313595985 0.0025895265256123358 -0.025303554787052564 0.6907914484878641
0.093552671 -0.7226065313458334 0.0025895265300317875 -0.025303554753990137 0.6907914485034579
0.093752202 -0.7226065313442931 0.0025895264886302842 -0.025303554774268797 0.6907914485044814
0.093964217 -0.7226065313230263 0.0025895265412450652 -0.025303554801751435 0.6907914485255238
0.09414393900000001 -0.7226065313003245 0.0025895265778563153 -0.02530355477035451 0.6907914485502838
0.09432968200000001 -0.7226065312856728 0.0025895266114259164 -0.02530355474121264 0.6907914485665521
0.094559456 -0.7226065312852695 0.0025895266438683783 -0.02530355476741618 0.6907914485658925
0.094764836 -0.7226065312863823 0.0025895266293111795 -0.025303554752208256 0.6907914485653402
0.094956835 -0.7226065313057142 0.002589526533121422 -0.025303554803410174 0.6907914485436029
0.09515943800000001 -0.7226065312940132 0.0025895265214444445 -0.025303554808926598 0.6907914485556844
0.095352379 -0.722606531282595 0.002589526526410358 -0.02530355477895352 0.6907914485687079
0.095588503 -0.7226065312849518 0.0025895264729743623 -0.02530355481362357 0.6907914485651728
0.09579954700000001 -0.7226065312733199 0.0025895264852649254 -0.025303554831213285 0.6907914485766501
0.096015794 -0.7226065312828206 0.0025895264612371066 -0.025303554815492617 0.6907914485673777
0.09618800000000001 -0.7226065312815382 0.0025895264640123468 -0.025303554829246146 0.6907914485682051
0.096396587 -0.7226065313074618 0.002589526435356451 -0.025303554847439527 0.6907914485405284
0.096610925 -0.7226065313072411 0.0025895263877982527 -0.025303554867465022 0.6907914485402041
0.096811984 -0.7226065313271005 0.0025895263875939864 -0.025303554838856802 0.6907914485204788
0.097013626 -0.722606531334727 0.002589526433422569 -0.02530355479569736 0.6907914485139101
0.09720474700000001 -0.7226065313150271 0.002589526466828649 -0.02530355476308658 0.6907914485355867
0.09738424000000001 -0.7226065313207578 0.0025895264471430444 -0.0253035547237693 0.6907914485311061
0.09760566700000001 -0.7226065313304875 0.0025895264208594827 -0.025303554677400954 0.6907914485227252
0.097802758 -0.7226065313136323 0.0025895264063737268 -0.02530355471624125 0.6907914485389884
0.098013919 -0.7226065313096299 0.002589526441312881 -0.025303554687527277 0.6907914485440958
0.098214401 -0.7226065312860334 0.0025895265641617503 -0.025303554695973104 0.6907914485680092
0.09841503300000001 -0.7226065312833444 0.002589526536406991 -0.025303554675676503 0.6907914485716696
0.09861418400000001 -0.7226065312765355 0.0025895266069251763 -0.02530355465847211 0.6907914485791579
0.09883649800000001 -0.7226065312877044 0.0025895266080223243 -0.025303554657915017 0.690791448567491
0.099024226 -0.7226065312782678 0.002589526636783586 -0.02530355470269967 0.6907914485756138
0.099211534 -0.722606531297696 0.0025895266371877422 -0.025303554691852023 0.6907914485556864
0.09940394100000001 -0.7226065312978487 0.002589526675307374 -0.025303554715853094 0.6907914485545048
0.099616985 -0.7226065313200297 0.0025895266637213027 -0.02530355472069305 0.6907914485311685
0.099820927 -0.7226065313062575 0.002589526664378899 -0.025303554671075614 0.69079144854739
0.10002538100000001 -0.7226065313243651 0.002589526621694789 -0.02530355467761398 0.6907914485283688
0.10022592500000001 -0.7226065313122633 0.0025895266815707213 -0.02530355472127138 0.6907914485392045
0.100437171 -0.7226065313210023 0.002589526673197824 -0.02530355476162494 0.6907914485286163
0.10062817700000001 -0.7226065313342811 0.0025895266261119643 -0.025303554764214187 0.6907914485148076
0.10084058700000001 -0.7226065313400867 0.0025895265066599523 -0.025303554768575175 0.6907914485090226
0.101035421 -0.7226065313443041 0.0025895264816426134 -0.025303554787298583 0.6907914485040187
0.101230809 -0.7226065313270573 0.002589526533644406 -0.025303554832530675 0.6907914485202082
0.101429473 -0.722606531302563 0.0025895265928167627 -0.0253035547793564 0.6907914485475567
0.10163822800000001 -0.7226065313302469 0.002589526588454912 -0.0253035547517739 0.6907914485196244
0.10185150200000001 -0.7226065313420021 0.0025895265772556825 -0.02530355473293298 0.6907914485080597
0.102019756 -0.7226065313158949 0.0025895265632354444 -0.025303554721608022 0.6907914485358367
0.10223534000000001 -0.7226065313194495 0.0025895266115822674 -0.025303554758322484 0.6907914485305924
0.102460492 -0.7226065313158263 0.002589526609417015 -0.02530355470725359 0.6907914485362612
0.102664509 -0.7226065313056865 0.0025895266182376577 -0.02530355470600798 0.6907914485468806
0.102855083 -0.7226065313188353 0.0025895266355306914 -0.025303554686970185 0.6907914485337587
0.10305161800000001 -0.722606531314213 0.002589526616414919 -0.025303554702270845 0.6907914485381051
0.10325977300000001 -0.7226065312939166 0.002589526671530907 -0.025303554703433605 0.6907914485590873
0.10346335300000001 -0.722606531267046 0.00258952667538263 -0.02530355468952515 0.6907914485876903
0.10367999700000001 -0.7226065312721973 0.002589526622637298 -0.025303554659192005 0.6907914485836105
0.103877568 -0.7226065312370268 0.002589526686629636 -0.025303554641163815 0.6907914486208214
0.10406667800000001 -0.7226065312613869 0.0025895266709433295 -0.025303554657694845 0.6907914485947927
0.104245825 -0.7226065312653988 0.0025895265656362388 -0.025303554601609872 0.6907914485930452
0.104439949 -0.7226065312756523 0.002589526561604312 -0.025303554609252748 0.6907914485820544
0.10465027900000001 -0.7226065312599604 0.0025895266199580983 -0.025303554614511496 0.6907914485980577
0.10485409400000001 -0.7226065312854076 0.0025895265046180604 -0.025303554604142783 0.6907914485722506
0.105048312 -0.7226065312884679 0.002589526524167764 -0.025303554596111003 0.6907914485692704
0.10523123300000001 -0.7226065313116825 0.0025895264957085974 -0.025303554586292572 0.6907914485454528
0.105451234 -0.7226065312879569 0.0025895265948730497 -0.0253035546080874 0.690791448569101
0.105669384 -0.7226065312905654 0.002589526588780794 -0.025303554646046677 0.6907914485650049
0.105891022 -0.7226065312660144 0.002589526588857904 -0.02530355461145439 0.6907914485919534
0.106064431 -0.7226065312317919 0.0025895266177214113 -0.025303554677779144 0.6907914486252145
0.10626750400000001 -0.7226065312323247 0.002589526651534524 -0.025303554668838494 0.690791448624858
0.106466508 -0.7226065312643899 0.00258952664781821 -0.025303554655589554 0.690791448591815
0.10667547000000001 -0.7226065312566993 0.002589526690580512 -0.025303554636495668 0.690791448600399
0.10687063000000001 -0.7226065312551491 0.002589526664746013 -0.02530355466635881 0.6907914486010236
0.107053224 -0.7226065312535279 0.002589526721027749 -0.025303554670828222 0.6907914486023444
0.10724818200000001 -0.7226065312421526 0.00258952675204908 -0.025303554640823383 0.6907914486152266
0.107456282 -0.722606531272906 0.002589526689553417 -0.025303554585488778 0.690791448585318
0.107670661 -0.7226065313014022 0.00258952658743902 -0.025303554619300346 0.6907914485546538
0.107881183 -0.7226065312806725 0.0025895265701551783 -0.025303554577648706 0.6907914485779285
0.108075428 -0.7226065312923485 0.002589526540036287 -0.025303554559587237 0.6907914485664892
0.10827972200000001 -0.7226065313161387 0.002589526422572058 -0.025303554602138185 0.6907914485404851
0.10849092 -0.7226065313258325 0.0025895264410533024 -0.025303554586283316 0.6907914485308565
0.10871525100000001 -0.7226065313011575 0.0025895265150675507 -0.025303554555423463 0.6907914485575208
0.10891221200000001 -0.72260653131945 0.002589526538219788 -0.025303554565377376 0.6907914485379345
0.109095835 -0.7226065312911174 0.0025895265343356703 -0.025303554503504244 0.690791448569853
0.109276573 -0.722606531292518 0.0025895265614866384 -0.02530355451688706 0.6907914485677958
0.109496592 -0.7226065313213176 0.00258952648488804 -0.025303554562430847 0.6907914485362887
0.10971449200000001 -0.7226065312930413 0.002589526514633498 -0.025303554545058234 0.6907914485663922
0.10993164700000001 -0.7226065313022874 0.0025895264852056872 -0.025303554557563904 0.6907914485563725
0.110120778 -0.7226065312980037 0.002589526483293759 -0.025303554543184996 0.6907914485613873
0.110295584 -0.7226065312829999 0.002589526499820998 -0.02530355454096696 0.6907914485771014
0.11051741500000001 -0.7226065312884109 0.0025895265153668317 -0.02530355455714759 0.6907914485707902
0.110741114 -0.7226065313330703 0.002589526464838317 -0.025303554634870242 0.6907914485214165
0.11092288600000001 -0.722606531351275 0.002589526469289152 -0.025303554644882934 0.6907914485019898
0.111108098 -0.7226065313407867 0.00258952641189586 -0.025303554609957108 0.6907914485144556
0.11128976 -0.7226065313462524 0.00258952637557966 -0.025303554554953426 0.6907914485108891
0.11150727 -0.7226065313723639 0.0025895262782621178 -0.025303554562252493 0.6907914484836725
0.111737634 -0.7226065313707878 0.0025895262787037293 -0.025303554556154597 0.6907914484855429
0.111933716 -0.7226065313824771 0.002589526165301678 -0.02530355456007219 0.6907914484735967
0.11211620500000001 -0.7226065314151564 0.0025895261300745453 -0.02530355454035675 0.6907914484402666
0.11230166000000001 -0.72260653137647 0.0025895261630326434 -0.025303554529550524 0.690791448481007
0.112511817 -0.7226065313556614 0.0025895262012827556 -0.025303554582038285 0.690791448500708
0.112735865 -0.7226065313761258 0.002589526252144483 -0.025303554556007246 0.6907914484800638
0.112940886 -0.7226065313405552 0.002589526246298194 -0.02530355455004664 0.6907914485175131
0.113145007 -0.7226065313527223 0.0025895262414775385 -0.025303554541532734 0.6907914485051155
0.11333591100000001 -0.7226065313595642 0.0025895262289991 -0.02530355451608069 0.6907914484989376
0.113566359 -0.7226065313712945 0.0025895261892464176 -0.025303554502630995 0.6907914484873088
0.113775416 -0.7226065314099144 0.002589526192470109 -0.02530355449721599 0.6907914484470964
0.11396584100000001 -0.7226065314089076 0.0025895262387837827 -0.02530355449404858 0.690791448448092
0.114168954 -0.722606531375765 0.002589526253574273 -0.02530355450184624 0.6907914484824199
0.114354701 -0.7226065313767348 0.0025895262306156017 -0.02530355450722765 0.6907914484812945
0.114569998 -0.7226065314095014 0.0025895262155129876 -0.02530355451549588 0.6907914484467724
0.11478120000000001 -0.7226065313970309 0.0025895262213148557 -0.025303554515613478 0.6907914484597912
0.11497021700000001 -0.7226065313824499 0.002589526238417671 -0.025303554491232404 0.6907914484758727
0.115177913 -0.7226065313868382 0.0025895262443615965 -0.025303554516591307 0.6907914484703311
0.11538922100000001 -0.7226065313941816 0.002589526266891967 -0.025303554529312974 0.6907914484620991
0.11558116 -0.7226065314144224 0.0025895262687799458 -0.02530355455499278 0.6907914484399783
0.115792345 -0.7226065313841477 0.0025895263261017285 -0.025303554546396507 0.6907914484717473
0.11600481600000001 -0.7226065313712772 0.0025895263126063267 -0.02530355453519928 0.6907914484856713
0.11618869500000001 -0.7226065314027437 0.0025895262594761246 -0.025303554533088364 0.6907914484530322
0.116391696 -0.7226065313828292 0.0025895262643216297 -0.025303554596539587 0.6907914484715216
0.11662577800000001 -0.7226065313762273 0.002589526261958973 -0.02530355460017412 0.6907914484783032
0.11680589300000001 -0.7226065313844496 0.002589526278408739 -0.025303554623444937 0.6907914484687881
0.117001276 -0.7226065313762564 0.002589526309468725 -0.025303554629555344 0.6907914484770185
0.117199281 -0.722606531371085 0.002589526343495267 -0.02530355462107758 0.690791448482611
0.117414745 -0.7226065313676705 0.0025895263309692854 -0.025303554617099492 0.6907914484863753
0.11764191800000001 -0.7226065314086692 0.002589526278383923 -0.025303554670916835 0.6907914484417143
0.11783483 -0.7226065314477939 0.0025895262704139325 -0.025303554636517477 0.6907914484020776
0.118032071 -0.7226065314664336 0.0025895262660663846 -0.025303554637098696 0.6907914483825742
0.118237322 -0.7226065314610418 0.002589526294711445 -0.025303554660193222 0.6907914483872611
0.11844069600000001 -0.7226065315240963 0.002589526262050123 -0.025303554661924323 0.6907914483213616
0.118658385 -0.7226065315068804 0.0025895262523901543 -0.025303554674573375 0.6907914483389433
0.118853102 -0.7226065314919122 0.002589526325706658 -0.025303554654643103 0.690791448355056
0.11904935700000001 -0.7226065314759255 0.0025895263621728347 -0.02530355458477215 0.6907914483742018
0.11924674900000001 -0.7226065314587221 0.0025895263366394307 -0.025303554593496883 0.6907914483919736
0.11946973200000001 -0.7226065314520165 0.0025895263971248794 -0.02530355454992784 0.6907914484003573
0.119697381 -0.7226065314625458 0.002589526342345987 -0.025303554593769803 0.6907914483879424
0.11989537700000001 -0.7226065314595508 0.0025895263451630383 -0.025303554577853785 0.6907914483916479
0.120107423 -0.7226065314961452 0.002589526287330127 -0.025303554586941366 0.6907914483532519
0.12028561400000001 -0.7226065314373892 0.0025895263549250464 -0.0253035545400665 0.6907914484161777
0.12050120500000001 -0.7226065314027547 0.0025895263998933324 -0.02530355453097582 0.6907914484525719
0.12072994000000001 -0.7226065314203266 0.0025895264531434585 -0.025303554469308175 0.6907914484362497
0.120919882 -0.7226065313448199 0.002589526521745544 -0.025303554410136788 0.6907914485171444
0.12111585100000001 -0.7226065312972185 0.0025895265607132623 -0.025303554393677315 0.6907914485673947
0.121324709 -0.722606531342622 0.0025895265265532155 -0.025303554402399373 0.6907914485197088
0.121530102 -0.7226065312852534 0.0025895265604344315 -0.025303554388664357 0.6907914485800957
0.121747824 -0.722606531350123 0.002589526430406293 -0.02530355443746744 0.6907914485109383
0.121961736 -0.7226065314283056 0.002589526341869354 -0.025303554488544884 0.6907914484276159
0.122179096 -0.7226065314524899 0.0025895262812649796 -0.02530355451484308 0.6907914484015816
0.12236488200000001 -0.7226065314173581 0.0025895263335351157 -0.02530355447225557 0.6907914484396953
0.122567139 -0.7226065313966353 0.002589526366049054 -0.025303554453261233 0.6907914484619464
0.12277955200000001 -0.7226065314290989 0.0025895263741070856 -0.025303554457214272 0.6907914484278128
0.122972809 -0.7226065314019042 0.002589526396768199 -0.025303554426035137 0.690791448457317
0.123163857 -0.722606531372058 0.002589526425938308 -0.02530355441671427 0.6907914484887699
0.123343907 -0.7226065314028554 0.002589526419388091 -0.025303554418212977 0.6907914484565237
0.12355887100000001 -0.7226065313866284 0.0025895264117211116 -0.025303554410396358 0.690791448473813
0.12375503600000001 -0.7226065313922747 0.002589526345226607 -0.02530355440667706 0.6907914484682924
0.123948575 -0.7226065313207052 0.0025895264650064856 -0.025303554350051057 0.6907914485447832
0.124141837 -0.7226065313484163 0.0025895264649924486 -0.02530355435310897 0.690791448515684
0.12433643000000001 -0.7226065313059555 0.0025895264982224546 -0.02530355434090558 0.6907914485604226
0.12458421800000001 -0.7226065312934483 0.0025895265316415233 -0.0253035543365429 0.6907914485735405
0.12477642000000001 -0.7226065312969923 0.002589526481486692 -0.02530355432929604 0.6907914485702866
0.124978558 -0.7226065313099634 0.002589526442820454 -0.025303554324605865 0.690791448557035
0.125156093 -0.7226065312874123 0.0025895264431824187 -0.02530355433986308 0.6907914485800645
0.12534477400000002 -0.7226065312154119 0.002589526567385483 -0.02530355428860817 0.690791448656793
0.125546856 -0.722606531189129 0.0025895266254432224 -0.02530355425692283 0.6907914486852291
0.12575249 -0.7226065311910098 0.0025895266189760882 -0.025303554258515763 0.6907914486832276
0.12593453100000002 -0.7226065312070507 0.002589526632520929 -0.025303554263060635 0.6907914486662308
0.12611493000000001 -0.7226065312009063 0.0025895266253144946 -0.02530355425932289 0.690791448672822
0.12629906400000002 -0.7226065311917619 0.002589526617972943 -0.025303554262971848 0.6907914486822815
0.12653761 -0.7226065312082361 0.002589526592054708 -0.025303554297065232 0.6907914486638969
0.126752107 -0.7226065311895992 0.002589526653693319 -0.025303554259641658 0.690791448684532
0.126935299 -0.7226065311965317 0.0025895266890294502 -0.025303554255388654 0.6907914486773034
0.12712821700000002 -0.7226065312126294 0.0025895266445460042 -0.025303554281141536 0.6907914486596877
0.12730302100000002 -0.7226065312021465 0.002589526626485909 -0.02530355430105759 0.6907914486699918
0.1274998 -0.7226065312066736 0.002589526609650222 -0.025303554303065225 0.6907914486652454
0.127705802 -0.7226065312013056 0.0025895265759617366 -0.02530355427467939 0.6907914486720268
0.127898555 -0.7226065311308426 0.0025895265917646165 -0.025303554255565866 0.690791448746376
0.128101094 -0.7226065311625474 0.002589526525558199 -0.025303554286517812 0.6907914487123256
0.12827713300000002 -0.7226065311667318 0.002589526528730016 -0.02530355425552956 0.6907914487090715
0.128489576 -0.7226065311583812 0.002589526555006214 -0.02530355423426696 0.6907914487184869
0.128660304 -0.7226065311370612 0.002589526551939373 -0.025303554211909503 0.6907914487416196
0.12885670600000002 -0.7226065311539169 0.0025895265453353593 -0.025303554237960275 0.6907914487230579
0.129051727 -0.7226065311774932 0.002589526508068374 -0.025303554281687186 0.6907914486969339
0.129224969 -0.7226065311655909 0.0025895264928751946 -0.0253035542598001 0.6907914487102429
0.129403928 -0.7226065311778612 0.0025895265141921736 -0.025303554273631318 0.6907914486968209
0.129622827 -0.7226065312149221 0.0025895264552494354 -0.025303554250972478 0.690791448659104
0.129826839 -0.7226065312302973 0.002589526471774655 -0.025303554246063755 0.6907914486431388
0.13003710500000001 -0.7226065312290523 0.0025895264631438136 -0.025303554260274936 0.6907914486439528
0.130210293 -0.72260653124769 0.002589526461750125 -0.025303554265786725 0.6907914486242601
0.130410925 -0.7226065312469724 0.002589526466362858 -0.025303554256795553 0.6907914486253228
0.13062388800000002 -0.7226065312794236 0.002589526464968473 -0.02530355429854384 0.6907914485898529
0.130816858 -0.7226065312570844 0.002589526490600951 -0.025303554283313816 0.6907914486136828
0.130997037 -0.72260653125689 0.0025895264967461303 -0.025303554283999507 0.690791448613838
0.13118338400000001 -0.7226065312587159 0.0025895264924790666 -0.025303554302316737 0.6907914486112731
0.13136435300000002 -0.7226065312975107 0.002589526432029743 -0.02530355433659228 0.6907914485696626
