0 -0.7067529998956005 0.00035399999994770805 0.0003529999999478558 0.7074602089259648
0.0008119140000000001 0.6123643090404307 0.012116574189445707 0.0041227068550692535 0.7904721319640517
0.001107436 -0.8495271250565489 -0.005343538774258163 0.01156209196693352 0.5273913510689355
0.001353952 0.4359688070623054 0.010996616496333371 0.006533476982377875 0.8998709324028378
0.001538405 -0.9401002846145841 -0.007612057134253251 0.01020053185279823 0.34066179861220497
0.001734436 0.24078282498824957 0.009403873819358031 0.0086596883640316 0.970494905888032
0.0019133770000000002 -0.9901759344944167 -0.009548125910186679 0.008399907325729868 0.13927981780562046
0.00208733 0.035218657436734385 0.007407408858770989 0.010410000060821739 0.9992980596368448
0.0022359890000000003 0.99754069130313 0.011170607672517263 -0.006326667790350671 0.06925423104339348
0.002377506 -0.17186358307819127 0.0050936691948835 0.01170928665292408 0.9850381339809828
0.0025128050000000003 0.9617456993336065 0.012225825461888017 -0.0038778475064212147 0.27365046468880255
0.002667276 -0.3715382864452201 0.0025627661654385654 0.012501888347538067 0.9283301177304032
0.002811769 0.8845423669534773 0.01275343692006823 -0.0012666157800792022 0.4662854800057135
0.002982081 -0.5551994827315698 -7.583542202369539e-05 0.012754020522747085 0.8316197505701529
0.0031317750000000003 0.7692266357958678 0.012731097815615213 0.001395185313758128 0.6388484573571944
0.003291618 -0.7149322726463619 -0.002708029810003671 0.012455240971358332 0.6990781575744925
0.0034424480000000003 0.6207617853751478 0.012160287159978194 0.003993238672965572 0.7838952375728332
0.0035821100000000003 -0.8438546792360077 -0.005219981158249867 0.011618914091456836 0.5364221735307693
0.0037184590000000003 0.4455433472369172 0.011066077352041036 0.0064158996363888575 0.89516934507307
0.003879477 -0.9364156931453361 -0.0075030234851218135 0.010281657014155432 0.35066811458861147
0.004030257000000001 0.2511218424516891 0.00949606721652793 0.008559053636111327 0.9678713797486789
0.004189202 -0.9886438139926585 -0.00945841238995429 0.008501838872644484 0.14982926514460634
0.004343889 0.04587655220896413 0.007518340407645696 0.010330629404620685 0.9988657242865451
0.004484364 0.9982956670582276 0.011103724341380053 -0.006446476000733235 0.05861008415983302
0.0046304530000000005 -0.16134618414178759 0.005218537426803405 0.011654584111648126 0.9868156171924922
0.0047888720000000004 0.9646129481629433 0.012184272412412529 -0.004008371895830121 0.26337766773403504
0.00497091 -0.3616147068370229 0.0026961692459313404 0.012474193231553382 0.9322407403612856
0.005137509 0.8894666189071229 0.012739675040682439 -0.001402775242985171 0.4568244987719405
0.005274089 -0.546297440067935 6.033279914734302e-05 0.012754506053301116 0.8374948270768569
0.005422473000000001 0.7759978211367751 0.012745708401020303 0.001259220586141835 0.6306072156579997
0.005572906000000001 -0.7074354349604114 -0.002574985927436411 0.012483863180203388 0.7066642573130197
0.0057091730000000005 0.6290886345986709 0.012202618159895321 0.003863307082981529 0.777229149720292
0.0058913820000000006 -0.8380861565100479 -0.005095818313727437 0.011674413228852086 0.5453920227435681
0.006052653000000001 0.45506719433431303 0.011134281905097299 0.00629758401763865 0.8903658944269499
0.006193141 -0.9326243737123054 -0.007393121964300892 0.01036161242401328 0.36063464113246724
0.006345535 0.2614322922534835 0.009587184100848557 0.008457437547471348 0.9651377133322194
0.006501304 -0.9869969103959867 -0.009367583182799361 0.008602791998356937 0.16036196103327888
0.006642671 0.05652923922320008 0.007628421606665452 0.010250076616071246 0.9983197216737005
0.006791040000000001 0.9990067259833757 0.011036306750665924 -0.006566078319809151 0.04795759766908045
0.006950607 -0.15081040709011895 0.005342818106200715 0.011598549675022548 0.9884808083800567
0.0071113850000000004 0.9673710130641 0.012141335500980632 -0.0041384568585911535 0.2530749075955619
0.007252740000000001 -0.3516499548050522 0.0028292728942159594 0.012445073949951452 0.9360452894465704
0.007396482 0.8942897628337159 0.01272446324414744 -0.00153878668398036 0.4473115624274706
0.007538896000000001 -0.537333204916379 0.00019650264128953394 0.012753536642845367 0.8432746242396975
0.007670357000000001 0.7826807362628847 0.01275886920788444 0.0011231025265165016 0.6222942344432667
0.007837687000000001 -0.6998580632024882 -0.00244163935175426 0.012511062513844992 0.71416998346501
0.008014323 0.6373439099464661 0.012243562314763526 0.0037329268229528904 0.7704746273346124
0.008162945000000001 -0.8322222165524742 -0.004971064477631026 0.011728582998298499 0.554299876024209
0.00831027 0.4645392647601226 0.011201222336183897 0.006178543547580538 0.8854611272992116
0.008474474000000001 -0.928726780160291 -0.007282365418349608 0.010440389016690367 0.37056023964467877
0.008634332 0.27171300101048523 0.00967721404637397 0.008354851619565607 0.9622942177650425
0.008770539 -0.9852360473296674 -0.009275655735942183 0.008702759183788976 0.17087667026345632
0.00893477 0.0671755060240938 0.007737639872544383 0.010168350817302085 0.9976601137838631
0.00910297 0.9997745596367378 0.010969432845507198 -0.006686193512743525 0.037296454831988415
0.009277073 -0.1402574511224997 0.005466497034203204 0.011541189670887117 0.9900335176976973
0.00944785 0.9700196902088737 0.01209702061698377 -0.004268088546134951 0.24274334908604298
0.009610214 -0.3416451645841367 0.002962061906617082 0.012414533762181271 0.9397433314652615
0.009769603 0.8990112608150673 0.012707803280396423 -0.0016746347731382075 0.4377477531212194
0.009921175 -0.5283077977229387 0.0003326585486729663 0.012751112340906782 0.8489584834994879
0.01009428 0.7892746233792042 0.012770578690509078 0.0009868465563516243 0.6139104600311754
0.010248041000000001 -0.6922010203943922 -0.0023080053268850617 0.012536835809813456 0.721594480706081
0.010411100000000001 0.6455266728605773 0.012283114908209502 0.0036021126811401636 0.7636324394092353
0.010554597 -0.8262635295399763 -0.0048457339494663385 0.01178141716892808 0.5631447178146822
0.010711724 0.4739584808373532 0.011266890969856653 0.0060587917299826195 0.8804556020610148
0.010874328 -0.9247233750327897 -0.007170766751894213 0.010517977841105827 0.3804437765264605
0.01104269 0.28196279873597235 0.009766146750827213 0.008251307484251376 0.9593412166806886
0.011215826 -0.9833618677150617 -0.009182645504062338 0.008801731755555446 0.18137216780549953
0.011369738 0.07781414089269621 0.007845982720182276 0.010085461264084898 0.9968869755405513
0.011517237000000001 1.0009538083443075 0.010906888664636528 -0.006809371076417976 0.026623885403317442
0.011661505 -0.12968851739009707 0.005589560080442024 0.011482510578166719 0.9914735681106113
0.011833910000000001 0.9725588150098121 0.012051334080555767 -0.004397253371183593 0.23238415865653264
0.0120081 -0.3316014749613141 0.003094521115381259 0.012382576089685309 0.9433344450293413
0.012167805 0.9036305878289465 0.01268969707641755 -0.0018103042109001136 0.42813415866107335
0.012318448000000001 -0.5192222458806582 0.0004687849674966429 0.0127472333628964 0.8545457572311167
0.012488810000000001 0.7957787350440237 0.012780835469932337 0.0008504681105489173 0.6054568467767907
0.012638566 -0.6844651785638023 -0.00217409912842797 0.012561180068096481 0.7289369029825865
0.012787986000000001 0.6536359931004998 0.012321271382487602 0.0034708794945006493 0.756703364914745
0.012956619 -0.8202107761166222 -0.004719841090159054 0.011832909660759875 0.5719255397925863
0.013114013 0.4833237709303018 0.011331280275425348 0.005938342149373806 0.8753498885561947
0.013281586000000001 -0.9206146300817657 -0.00705833893246228 0.010594370065261174 0.39028412326506184
0.013441452000000001 0.2921805189733083 0.009853972036773755 0.008146816882456788 0.9562790461829253
0.013612141000000001 -0.981374898752691 -0.009088566654999379 0.008899700317875991 0.19184723671146725
0.013774621 0.08844393298458221 0.007953437764084168 0.010001417344776746 0.996000394796658
0.013984332 1.0045252931507889 0.010869845271544035 -0.0069498360692666 0.015926430930602767
0.014146009000000001 -0.11910480885920527 0.0057119931846561145 0.011422519026130631 0.9928007954152367
0.014298044000000001 0.9749882702678712 0.012004282726198598 -0.004525938071330538 0.22199850386862685
0.014453051000000001 -0.3215200291465323 0.0032266353903947984 0.012349204515507996 0.946818220931572
0.014593866 0.9081472320111288 0.01267014673804875 -0.0019457797314790983 0.41847187237213956
0.014738074 -0.5100775836139819 0.0006048663476365766 0.01274190009008679 0.8600358088168807
0.014898843 0.8021923342754178 0.012789638334281515 0.0007139826354874787 0.5969343569608225
0.015076491000000001 -0.6766514186508261 -0.0020399360619923375 0.012584092451505557 0.7361964136068042
0.015232200000000001 0.6616709488534432 0.012358027339032249 0.0033392421469518353 0.7496881927095763
0.015373739 -0.8140646473520984 -0.004593400320844425 0.011883054545587343 0.5806413409813109
0.015527601 0.49263406956785866 0.01139438286781847 0.005817208469479933 0.8701445680361956
0.015677059 -0.9164010266727589 -0.006945094994160677 0.010669556980055376 0.4000801565255792
0.015846579 0.3023649989292299 0.009940679852780816 0.008041391662835988 0.9531080548073991
0.016018749000000002 -0.9792755930516702 -0.008993432516896997 0.008996655025210848 0.2023006667190019
0.016202093 0.09906367246788929 0.008059992719768696 0.00991622857924573 0.9950004723243869
0.016336692 1.0537543716580025 0.011325926375546946 -0.007419713529743061 0.005068128894042624
0.016483077000000002 -0.10850753017430073 0.005833782358289074 0.011361221793634468 0.9940150482578581
0.016629701 0.9773079973089517 0.011955874017626359 -0.00465412979512127 0.21158755274788196
0.016773820000000002 -0.3114019746428139 0.0033583896408978264 0.01231442278388574 0.9501942621919144
0.016945331 0.9125606949530399 0.01264915455212976 -0.002081046106553132 0.40876199295162324
0.017112046000000002 -0.5008748518622586 0.000740887144394818 0.012735113069570501 0.8654280127185844
0.017259267000000002 0.8085146946591492 0.012796986239132646 0.0005774055870461694 0.5883439606772045
0.017392473000000002 -0.6687606304129781 -0.0019055314615264083 0.012605570286020414 0.7433721853511382
0.017549033000000002 0.669630626844023 0.012393378538995784 0.0032072155676256963 0.7425877214495425
0.017692808 -0.8078258446943984 -0.004466426121600304 0.011931846047822776 0.5892911278598322
0.017864902000000002 0.5018883175661968 0.011456191508431489 0.0056954044316498 0.8648402330936923
0.018051845 -0.9120830561063595 -0.006831048040429339 0.010743530002567819 0.40983075824767523
0.018208385 0.31251507960674396 0.010026260274563001 0.007935043780411358 0.9498286034818703
0.018361055 -0.9770643553462459 -0.008897255868887979 0.009092585759009524 0.2127312533119442
0.018512973000000002 0.10967215066125208 0.008165635405165359 0.009829904617782399 0.9938873218037128
0.018659755 -1.0409466632841793 -0.01101256005532943 0.007334351880027223 0.00625442032443403
0.018822792 -0.09789788752089074 0.005954913686077972 0.011298625808344837 0.9951161881517534
0.018996141 0.9795180114271155 0.011906116207656593 -0.004781816220462458 0.2011524729748804
0.019171068000000003 -0.30124846311590386 0.003489768817194411 0.012278234799818684 0.9534621841025669
0.019340124 0.9168704920429341 0.012626722989092643 -0.0022160881493109032 0.39900562431984743
0.019496746000000002 -0.49161509816237614 0.0008768318202494045 0.01272687301419898 0.8707217545484017
0.019643515 0.8147451004583077 0.012802878307879188 0.0004407524285999152 0.5796866357194722
0.019804754 -0.6607937123286626 -0.0017709006876371288 0.012625611061112716 0.7504634005413178
0.019980788000000003 0.6775141224434041 0.012427320903772049 0.0030748147291142134 0.7354027594961916
0.020147154 -0.8014950799175573 -0.00433893303013007 0.011979278545302152 0.5978739144720594
0.020294878000000002 0.5110854621508437 0.011516699105959899 0.0055729438532715414 0.8594374875949048
0.020434605 -0.9076612198724138 -0.006716211246052078 0.010816280678913043 0.419534815746247
0.020576913000000002 0.32262960593762174 0.010110703506113044 0.00782778529520354 0.9464410654850298
0.020722581 -0.9747415602517805 -0.008800049134358705 0.009187482245080269 0.2231377970861272
0.020902142000000002 0.12026816017162179 0.008270353741999806 0.00974245523999588 0.9926610698093796
0.021065292000000003 -1.0061296972003997 -0.010567494713184099 0.00720668745985236 0.017063415698618658
0.021227428000000003 -0.08727708848817647 0.006075373327634043 0.011234738145947406 0.9961040894928769
0.021376911000000002 0.981618423639877 0.011855018564214602 -0.004908985720277168 0.19069443085088705
0.021526103 -0.29106065026341743 0.0036207579123582047 0.012240644628623681 0.956621614271609
0.021703738 0.9210761528605076 0.012602854706093613 -0.002350890718925545 0.38920387546680923
0.02187725 -0.4822993765305533 0.001012684846604361 0.012717180802502283 0.8759164311384838
0.022038845 0.820882846725097 0.012807313832115147 0.00030403862898699586 0.570963367465925
0.022195476000000002 -0.6527515714992207 -0.0016360591259014375 0.012644212430048405 0.7574692511485748
0.022344431 0.6853205397779245 0.012459850515506075 0.0029420546457054535 0.7281341248239973
0.02251736 -0.7950730750649398 -0.004210935640401871 0.012025346570053802 0.606388722535672
0.022662632000000002 0.5202244570781215 0.011575898717215628 0.00544984062617919 0.8539369466106188
0.022795724 -0.9031360298497833 -0.006600597858565383 0.010887800686748411 0.42919122181526465
0.022969917000000003 0.3327074269144771 0.010193999880818809 0.007719628370849069 0.9429458264039111
0.023118759000000003 -0.972307564306911 -0.008701824511998083 0.009281334133235123 0.23351910332364367
0.023287702 0.1308504950319498 0.008374135757167746 0.009653890353695148 0.991321855796424
0.023452348 -1.0022232341422723 -0.01045168152066131 0.007293520495803473 0.02775613302780223
0.023595925 -0.07664634193154275 0.006195147519014871 0.011169566029337627 0.996978639574078
0.023742033000000003 0.9836094718690653 0.011802591695195904 -0.005035627598511225 0.18021458994537837
0.023926529000000002 -0.28083969568350003 0.0037513419639336903 0.012201656495469082 0.9596721926652512
0.024072153000000002 0.925177221637306 0.012577552550812427 -0.0024854387255529562 0.37935786029356766
0.024241205000000002 -0.4729287473433104 0.0011484307055401794 0.012706037478589552 0.8810114506093087
0.024389498000000003 0.8269272394152597 0.012810292272037137 0.00016727966044351083 0.5621751487635234
0.024540758000000003 -0.6446351235495964 -0.0015010221851697906 0.012661372210169646 0.7643889388807821
0.024678138000000002 0.6930489918372357 0.012490963617590174 0.0028089503716103685 0.7207826449263921
0.024841357 -0.7885605623885104 -0.004082448601248253 0.012070044809032529 0.6148345815503985
0.024998217000000003 0.5293042627559615 0.011633783547928305 0.005326108715049618 0.8483392363459077
0.025152347000000002 -0.898508008461727 -0.006484221199177396 0.010958081837499212 0.4387988748341678
0.025311473 0.34274739572241847 0.010276139862565458 0.0076105852732058915 0.9393432840898895
0.025466062 -0.9697627142891523 -0.008602594066201555 0.009374131052435473 0.24387398171229469
0.025610839000000003 0.14141795083872738 0.008476969584096865 0.009564219993755514 0.9898698320842355
0.02575681 -1.000732308040269 -0.0103616891709861 0.007397002813878189 0.03842702731963354
0.025939543000000002 -0.06600685783489178 0.00631422257428815 0.011103116827794959 0.997739738597855
0.026114605000000003 0.9854915664915099 0.01174884802423526 -0.005161732433096223 0.16971410928628047
0.026272861 -0.27058676274302046 0.0038815060556326984 0.0121612747848914 0.9626135716486839
0.026434337000000002 0.9291732577985684 0.012550819566081808 -0.002619717135974739 0.3694686974475665
0.026564745 -0.4635042772176343 0.001284053891563858 0.012693444252030115 0.8860062324367625
0.026715333 0.8328775955056791 0.012811813256870792 3.0490996500669444e-05 0.5533229798105072
0.026897746 -0.6364452925276666 -0.0013658052958629016 0.01267708838315601 0.7712216752725464
0.027078968000000002 0.7006986005820156 0.012520656615147093 0.002675516999179856 0.7133491567206351
0.027234919000000003 -0.7819582842844659 -0.0039534866149313974 0.012113368104822686 0.6232105289056903
0.027380643000000003 0.5383238463640755 0.01169034695352974 0.005201762155790059 0.8426449940685755
0.027510992 -0.8937776887949413 -0.006367094663285658 0.011027116078350685 0.44835667887626857
0.027665715 0.3527483698702565 0.010357114046823119 0.007500668368946727 0.9356338486132879
0.027822051 -0.9671073530496525 -0.008502369790376474 0.00946586264969173 0.25420124616803036
0.027999605 0.15196932488935785 0.008578843464097157 0.009473454320970671 0.9883051638391498
0.028165612000000003 -0.9997556186389078 -0.010277227138347545 0.007503967639870602 0.04908714312365393
0.028308157 -0.055359847172835756 0.006432584887086709 0.011035398056140039 0.9983872996876402
0.028444601000000003 0.9872653583081337 0.01169380250222133 -0.005287292585317593 0.1591941408794708
0.028587088 -0.2603030184453166 0.004011235319026014 0.01211950404029355 0.9654454160255204
0.028727548000000002 0.9330638366063403 0.01252265899555103 -0.002753710980038553 0.3595375101507897
0.028898661000000003 -0.4540270388903587 0.0014195389133586718 0.012679402497715852 0.8909002075179423
0.029081631 0.8387332431158465 0.012811876585329188 -0.00010631189016029833 0.544407868037667
0.029246766 -0.6281830108022952 -0.0012304239082617614 0.012691359095265493 0.7779666817742268
0.029408052 0.7082684970512859 0.012548926075500623 0.002541769657111628 0.7058345064515364
0.029553313 -0.7752669932255507 -0.003824064435677019 0.012155311456310054 0.6315156099877455
0.029700007 0.5472821819734943 0.011745582439923349 0.005076815053916231 0.8368548680363179
0.029855498 -0.8889456146886026 -0.006249231720664432 0.011094895494048152 0.45786354381876365
0.030011006000000003 0.3627092113212559 0.010436913161719904 0.00738989012414063 0.9318179422165791
0.030176635 -0.9643418236662064 -0.008401163651844516 0.00955651861799729 0.2644997147314905
0.030334225000000003 0.16250341631935425 0.008679745747698146 0.00938160362089011 0.9866280290555801
0.030481386000000003 -0.9988982194861517 -0.010194080188680803 0.007611679160437359 0.05973876522633705
0.030621836000000003 -0.04470652177276641 0.006550220932154587 0.010966417373875204 0.9989212488976136
0.030784713000000002 0.9889318424033354 0.011637473696695036 -0.005412302974862218 0.14865582622202805
0.030954541000000002 -0.24998963329749788 0.0041405149352297405 0.01207634896342484 0.9681674030758279
0.03112213 0.9368485499291425 0.01249307429064596 -0.0028874053580903065 0.3495654260193884
0.031274397 -0.4444981110967857 0.0015548702955330363 0.012663913755703842 0.8956928182356734
0.031427898 0.8444935216339341 0.0128104822261096 -0.000243113529902003 0.5354308279882384
0.031573757 -0.6198492189601452 -0.0010948934907921324 0.012704182657555069 0.7846231898398754
0.031715318 0.7157578214694154 0.012575768728634704 0.002407723508646818 0.6982395495940213
0.031892311 -0.7684874516903337 -0.0036941968681807034 0.012195870019326406 0.6397488782858459
0.032054867 0.5561782506654551 0.011799483664237097 0.004951281582920919 0.8309695174226128
0.032215607 -0.884012340798536 -0.006130645915378365 0.01116141230853586 0.4673183854539864
0.032387286 0.3726287866234264 0.010515528069100086 0.007278263102822779 0.9278959992662024
0.032526643 -0.9614664724365356 -0.008298987624032998 0.009646088716732844 0.27476820951875297
0.032681417000000004 0.1730190262393411 0.008779664895974917 0.0092886783026421 0.9848386185356846
0.032840965 -0.9980347672736162 -0.010110914416844911 0.007719262983532824 0.07038205864363963
0.033017888 -0.03404809417681451 0.006667117266883953 0.010896182584309055 0.9993415252210506
0.033173541 0.9904925211614632 0.011579885504904497 -0.005536762291598583 0.13810029126683868
0.03333398 -0.2396477811773363 0.004269330136586462 0.012031814413843125 0.9707792225927453
0.033483428 0.9405270071707289 0.012462069119161935 -0.0030207854496478266 0.33955357687307497
0.033630006000000004 -0.43491857844855775 0.0016900325803686689 0.012646979731040653 0.9003835185217341
0.033771858 0.8501577818484214 0.01280763031844018 -0.000379898458379852 0.5263928811963366
0.033946741 -0.6114448657012861 -0.0009592295283033382 0.012715557546081491 0.7911904410140853
0.034106865 0.723165723352848 0.012601181467641 0.002273393749755585 0.6905651507545549
0.034267338 -0.7616204320896809 -0.0035638987660887586 0.012235039107265502 0.6479093954979754
0.034425679 0.5650110406496578 0.011852044435560812 0.004825175982633564 0.8249896122413445
0.034577372 -0.8789784326406191 -0.006011350865468078 0.011226658886460898 0.47672012560160637
0.034726316 0.3825059670393283 0.010592949765567603 0.007165799965552689 0.9238684662029902
0.034900279 -0.9584816510598552 -0.008195853709755431 0.009734562786824606 0.2850055567121265
0.035064421000000005 0.18351495787185051 0.008878589481861071 0.00919468889774247 0.9829371358675781
0.035227309000000005 -0.9971148819947537 -0.010027198068183658 0.007826360899890816 0.08101646377976032
0.035375128 -0.023385777503717228 0.006783260532842978 0.010824701633663674 0.9996480805971941
0.035528497 0.9919496680744427 0.011521069930746643 -0.005660674949479404 0.12752863893427724
0.03567853 -0.22927863919974908 0.004397666208340702 0.01198590540835862 0.9732805769176787
0.035839259000000005 0.9440988364000342 0.012429647375925522 -0.0031538365236368836 0.3295030985321365
0.036006296 -0.4252895313108045 0.0018250103295672404 0.012628602293566963 0.9049717739187758
0.03618345 0.855725386086331 0.012803321172685277 -0.000516651218855798 0.5172950560638704
0.036328522 -0.6029709077336397 -0.0008234475203426488 0.012725482402081604 0.7976676870177264
0.036478764000000004 0.7304913616166664 0.012625161349156665 0.002138795607311278 0.6828121835714134
0.03664042 -0.7546667166906514 -0.0034331850304570905 0.012272814191674147 0.6559962316356777
0.036791225000000004 0.573779547381865 0.011903258715667586 0.004698512557570491 0.8189158332701708
0.036959918 -0.8738444666167693 -0.005891360262445704 0.011290627734563005 0.48606769222151364
0.03712987 0.3923396286753941 0.010669169383514277 0.007052513467960815 0.9197358014912148
0.037292625 -0.9553877182420348 -0.008091773958150588 0.009821930762190196 0.2952105865809428
0.037446323000000004 0.19399001668789273 0.008976508191449196 0.00909964605888944 0.9809237974020829
0.037594583 -0.996114971187246 -0.00994268634771115 0.007932798698446899 0.09164111822711249
0.03774901 -0.012720785310608013 0.006898637457293932 0.010751982610166123 0.9998408799166559
0.037915765000000004 0.9933067699329422 0.01146107174697236 -0.005784054350400423 0.1169419376077582
0.038086025 -0.21888338758289924 0.004525508490308742 0.011938627120460071 0.9756711809740741
0.038232765 0.947563685737164 0.012395813196095591 -0.00328654395060997 0.3194151305993698
0.038387719 -0.41561206567858633 0.0019597881259956367 0.012608783477703802 0.9094570616409346
0.038540181 0.8611957083593592 0.012797555271023992 -0.000653356364585996 0.5081383877358443
0.038691764000000003 -0.5944283096663036 -0.0006875629794248586 0.012733956032133564 0.8040541898325622
0.038863203000000006 0.7377339046810556 0.012647705593792509 0.0020039443372523794 0.674981530613812
0.039041192 -0.7476270975379816 -0.0033020706081893295 0.012309190902817365 0.664008465128134
0.039202092 0.5824827736808702 0.011953120619719475 0.004571305675276024 0.8127488719726381
0.039350485000000004 -0.8686110300261957 -0.005770687870629475 0.011353311502966442 0.49536001952720643
0.039515488 0.4021286526107406 0.010744178192133092 0.00693841645928387 0.915498475566259
0.039660581 -0.9521850408862226 -0.007986760477057422 0.009908182678532306 0.3053821335250202
0.039829627 0.20444301054329103 0.009073409825278694 0.00900356055874405 0.9787988322280283
0.040004513000000005 -0.9950227415671455 -0.009857255622437654 0.008038479604443044 0.10225501505625813
0.040179123000000004 -0.0020543314547454864 0.0070132348547020515 0.010678033743123337 0.9999199010253441
0.040335879000000005 0.9945692989676228 0.011399956648757712 -0.00590692856469243 0.10634120279703276
0.040489265 -0.2084632095139211 0.0046528423785423085 0.011889984879722485 0.9779507622997621
0.040627125 0.95092122506758 0.012360570971851665 -0.0034188932174955234 0.30929081622348054
0.040772806 -0.40588728305264016 0.002094350575429573 0.012587525482219232 0.9138388706331264
0.040950864000000003 0.8665681345194467 0.012790333268217215 -0.000789998461294627 0.49892391797393065
0.041116061 -0.5858180439017673 -0.0005515914292982616 0.012740977408297303 0.8103492217847322
0.041274623 0.7448925305777868 0.012668811586553409 0.0018688552227317029 0.6670740832798844
0.04142796 -0.7405023763733288 -0.003170570490456519 0.01234416503021947 0.6719451829254278
0.04157269 0.5911197298448261 0.012001624416957391 0.0044435697646545355 0.806489430419051
0.041719729000000004 -0.8632787210641619 -0.005649347526343323 0.011414702986387746 0.5045960480994686
0.04189918 0.4118719250254748 0.010817967598416467 0.00682352188088894 0.9111569707809157
0.042079281 -0.9488739949816717 -0.007880825442057126 0.009993308680202801 0.31551903613542387
0.042244891 0.21487274981476462 0.009169283299610656 0.00890644328869726 0.9765624821460964
0.042410552000000004 -0.9938312690951789 -0.009770839884516653 0.008143343566072148 0.11285707160443158
0.042563209000000005 0.008612370044804054 0.0071270396282341305 0.010602863401981182 0.9998851347269161
0.042698230000000004 0.9957461277666021 0.011337826217141361 -0.006029350707209868 0.09572736664429274
0.042883684000000005 -0.19801929101429688 0.004779653326986411 0.011839984171197823 0.9801190610778698
0.043059449 0.9541711481800597 0.012323925373464566 -0.003550869945605065 0.29913130183953274
0.043230912 -0.39611629031446044 0.0022286823082951325 0.012564830669976703 0.918116701629014
0.043380943000000005 0.8718420624255586 0.01278165599248116 -0.000926562089748451 0.48965269502821923
0.043525374000000006 -0.5771410905270709 -0.0004155484032068446 0.012746545668236263 0.8165520656270914
0.043680133 0.751966427056826 0.012688476877251153 0.001733543572251779 0.6590907416935146
0.043842178 -0.7332933645524108 -0.0030386997111001507 0.012377732523181287 0.6798054806009709
0.044019796 0.5996894337669331 0.012048764531375643 0.004315319314293353 0.8001382212061043
0.044192737 -0.8578481488100524 -0.005527353137000917 0.011474795125270451 0.5137747250002126
0.044374355000000004 0.4215683373284727 0.01089052914813911 0.006707842764786467 0.9067117813503235
0.044522572 -0.9454549662704262 -0.007773981103061026 0.010077299025658782 0.32562013726851724
0.044681194 0.22527804753574035 0.009264117647689718 0.008808305257622669 0.9742150016412177
0.044854002000000004 -0.9925364228202334 -0.009683403124437568 0.008247349602961127 0.12344616276409845
0.045025132 0.019278105145513473 0.007240038771247632 0.010526480095367134 0.9997365847837595
0.045188574 0.9968522763364712 0.011274847012990852 -0.0061514190197966825 0.08510122460825144
0.045339895000000005 -0.18755282080488941 0.0049059268491303265 0.011788630634786959 0.9821758301662957
0.045485564000000006 0.95731317545626 0.012285881376079813 -0.0036824599128669365 0.28893773688073493
0.045619081000000006 -0.38630019960072204 0.0023627679814080026 0.01254070156766421 0.922290067207645
0.045783135 0.8770169021239178 0.012771524446490655 -0.0010630318484488844 0.4803257735069495
0.045972095000000004 -0.5683984372039212 -0.00027944944214950226 0.012750660115318689 0.8226620146203876
0.046159468 0.7589547916932281 0.012706699180912448 0.0015980247177853704 0.6510324146000088
0.046328474 -0.726000882960173 -0.00290647334501986 0.01240988949127496 0.6875884624530645
0.046466943000000004 0.6081909110505148 0.012094535542380673 0.004186568870776664 0.7936959673752826
0.04661523 -0.8523199332062479 -0.005404718680091673 0.011533581006855842 0.522895003886342
0.046793737 0.43121678628462146 0.010961854526825753 0.006591392232132281 0.9021634132955412
0.046975222000000004 -0.941928350748707 -0.007666239789068077 0.010160144091871347 0.335684284130307
0.047148772000000005 0.23565771953189119 0.009357902020992922 0.00870915759061626 0.9717566578535237
0.04731283 -0.9911356326807335 -0.009594926105632102 0.008350467379961085 0.1340211384895747
0.047469041000000003 0.029941659919756423 0.007352219368769418 0.010448892470117155 0.9994742679164945
0.047610673000000006 0.9979146359309349 0.011211311285104547 -0.006273318587535248 0.07446333643092984
0.047758046000000005 -0.17706499017065724 0.005031648519652605 0.011735930064594854 0.9841208351257484
0.047937067 0.9603470572844212 0.012246444294011507 -0.0038136490815913644 0.2787112734541379
0.048129092000000005 -0.3764401281770672 0.0024965922797104776 0.012515140865504882 0.9263584918487487
0.048292408 0.88209207604424 0.012759939808538005 -0.0011993923564619766 0.4709442142440938
0.048458783000000005 -0.5595910790578001 -0.00014331009313642303 0.012753320218699973 0.8286783726132759
0.048608877 0.7658568319944418 0.012723476378182792 0.0014623140128801697 0.6429000192606212
0.048754006 -0.7186257619240868 -0.0027739065065470474 0.012440632204815331 0.6952932416055773
0.048942557000000005 0.616623195123462 0.012138932185434676 0.004057333036990331 0.7871634023300338
0.049124433 -0.8466947050290625 -0.005281458202082371 0.01159105386619725 0.5319558451235192
0.049280153 0.44081617414152163 0.011031935560703131 0.006474183491718769 0.8975123843857703
0.049444468000000005 -0.9382945550441014 -0.0075576139115450984 0.010241834377951531 0.3457103283688008
0.049608305000000005 0.24601058455637106 0.009450625690465087 0.008609011527722246 0.9691877305478546
0.049773119000000005 -0.9896272536164329 -0.009505399533654871 0.008452672867291046 0.1445808336426843
0.049958299000000005 0.040601820693167694 0.007463568598963806 0.010370109310286799 0.9990982138020058
0.050125417000000005 0.9989849993160701 0.01114777536990037 -0.006395416018876121 0.06381382782847947
0.050299566000000004 -0.16655699282506087 0.005156803976058715 0.011681888408267439 0.9859538542463387
0.050458515 0.96327257843268 0.012205619825003821 -0.003944423633544937 0.26845306597042673
0.050610805 -0.366537198311271 0.0026301399180055666 0.012488151416948493 0.9303215119866874
0.050775282000000005 0.8870670192151624 0.012746903433880439 -0.0013356282564113543 0.46150908416455366
0.050953737000000006 -0.550720018566089 -7.1459074430600805e-06 0.01275452561338511 0.8346004541211482
0.051138732000000006 0.7726717655082495 0.012738806515728469 0.0013264268307457473 0.6346944813458978
0.051313548 -0.7111688411256737 -0.0026410143478060085 0.012469957095310185 0.7029189401077172
0.051463486 0.6249853273520871 0.012181949352684083 0.003927626470417568 0.7805412697517246
0.051632483 -0.8409731058527414 -0.005157585817246085 0.011647207087123723 0.5409562158997565
0.051797302 0.4503654087556318 0.011100764217637123 0.006356229838455425 0.8927592240792284
0.051982234 -0.934553996698565 -0.007448115966761287 0.010322360508184945 0.3556971261726093
0.052152176 0.2563354644247426 0.009542278047740823 0.008507878422645715 0.9665085120818242
0.052320507 -0.9880102165513133 -0.009414820303792336 0.008553945963328858 0.1551240738494748
0.052480154 0.051257374182986246 0.007574073734591188 0.010290139536146443 0.9986084650699968
0.052632899000000004 1.0001733276902351 0.011085413541462436 -0.006518500445153217 0.05315195313726859
0.052785582000000004 -0.1560300247741792 0.005281378920312219 0.011626511766311203 0.9876746785727274
0.052946847000000005 0.966089563706448 0.012163414107848443 -0.004074770014776603 0.2581642707148707
0.053134193 -0.35659253714580535 0.002763395642688286 0.012459736238344678 0.9341786760630548
0.053298990000000004 0.8919411795026667 0.01273241685631445 -0.001471724217663482 0.4520214561467252
0.053477345 -0.541786265445232 0.00012902756113797922 0.012754276100272017 0.8404275844037753
0.053646302 0.7793988199315109 0.01275268780663869 0.0011903785623219023 0.626416734827859
0.053815076 -0.7036309695103559 -0.002507812057063165 0.012497860755888482 0.7104646890328744
0.053987378 0.6332763571543764 0.012223582093572827 0.0037974638814255407 0.773830323514382
0.05415198500000001 -0.8351557880074165 -0.0050331157064281845 0.011702034203158785 0.5498950903387195
0.054314743000000006 0.4598634037178545 0.011168332608053886 0.006237544651838708 0.8879044734626802
0.054485413 -0.930707104379284 -0.007337758537321102 0.010401713234613821 0.36564353837446173
0.054641775000000004 0.26663118414958564 0.009632848606353264 0.008405769741452067 0.9637193073724538
0.054798947 -0.9862838267916362 -0.009323189331669828 0.008654269124377176 0.16564967915734605
0.054981307 0.06190710763636717 0.007683722144454867 0.010208992203160955 0.9980050772980696
0.055174895 1.0017469639109535 0.011027074862096567 -0.006644500121510838 0.04247499719077478
0.055337908000000005 -0.1454852841805528 0.005405359120458442 0.011569806391395505 0.989283111927824
0.055489781 0.9687978853427978 0.012119833798092538 -0.004204674993600064 0.24784604534198615
0.055650716 -0.34660727656981677 0.0028963442334737238 0.012429898508597164 0.9379295445779162
0.055826484 0.8967140178761167 0.01271648179002563 -0.0016076649397418169 0.44248240888214224
0.056000397 -0.5327908365369619 0.0002651947580467324 0.012752571646175215 0.8461590995417472
0.05616846700000001 0.7860372332199901 0.0127651186308307 0.0010541846143258236 0.6180677218709815
0.056339903000000004 -0.6960130051956964 -0.0023743148570657038 0.01252433994170689 0.7179296285765177
0.056515304 0.6414953421126753 0.012263825615440992 0.0036668600315426813 0.7670313275982289
0.056677347 -0.8292434145317089 -0.004908062115757797 0.011755528898397923 0.5587714496126883
0.056869457000000005 0.46930907847854214 0.011234632985845587 0.006118141394411392 0.8829486851896351
0.057037109 -0.9267543180339111 -0.007226554293078314 0.010479883439271608 0.3755484305585507
0.057211044 0.2768965720747601 0.009722327002928561 0.0083026970612532 0.9608204338613673
0.057350120000000004 -0.984447642450888 -0.00923051024375262 0.00875362654025983 0.17615646641974306
0.057508036000000005 0.07254980896864459 0.007792501294837508 0.01012667650095399 0.9972881190053338
0.057670391 1.0045014299561106 0.010981239126291264 -0.006779152663192324 0.03177495467269391
0.05783908200000001 -0.13492397122676783 0.005528730412241084 0.011511778687637026 0.9907789709350329
0.058023332000000004 0.9713974727817645 0.012074886168536355 -0.0043341257365296995 0.2374995482703093
0.058187967 -0.3365825530905322 0.0030289705051218907 0.012398641568799482 0.941573690139681
0.058356519 0.9013850087075762 0.012699100131770676 -0.0017434351560133361 0.4328930267318237
0.058520999000000004 -0.5237347556936168 0.00040134012970716604 0.01274941238383013 0.8517943465117013
0.058691035 0.7925862536995208 0.012776097535460506 0.0009178604072763124 0.6096483927219855
0.058868584 -0.6883158153781067 -0.002240538003370276 0.012549391570335931 0.7253129081531277
0.059048179000000006 0.6496413480858241 0.012302675284109223 0.0035358297317268084 0.7601450560020154
0.059230409000000005 -0.8232366591205899 -0.004782439355310961 0.011807685008348402 0.5675842820551047
0.05938954900000001 0.4787013584719344 0.011299657749260639 0.005998033610211808 0.8778924234172112
0.059566585000000005 -0.9226960890024044 -0.0071145159915667515 0.010556862136146004 0.3854106731708984
0.059721654000000006 0.2871304600093225 0.009810702998367261 0.008198672068881113 0.9578122214785616
0.059897818000000005 -0.9825013983838896 -0.009136788557163968 0.008852003619856849 0.1866432509142656
0.060070069000000004 0.08318426690153231 0.007900398750927105 0.010043201752256457 0.9964576716445384
0.060235697000000005 1.011764696970682 0.010983437132702037 -0.006946395492394916 0.02102501504670129
0.060400655000000004 -0.12434728797879849 0.005651478700711149 0.011452435209867353 0.9921620850390441
0.060562743 0.97388832573128 0.012028579244121906 -0.004463109909026549 0.22712593794487484
0.060707356000000004 -0.3265195077041157 0.003161259309158729 0.012365968921852225 0.9451106975136049
0.060896585 0.9059536401113187 0.012680273963464139 -0.0018790196377019952 0.4232543995788995
0.061090636000000004 -0.5146190536625604 0.0005374481252796068 0.012744798611878485 0.8573326832603307
0.061266204000000005 0.7990451401788533 0.012785623235342184 0.0007814213734922364 0.6011597055983925
0.061445002000000006 -0.6805402762380895 -0.0021064967826628727 0.012573012722125198 0.7326136864921446
0.06161838 0.6577134493207686 0.012340126624448285 0.00340438784062359 0.753172292654156
0.061771857000000006 -0.8171362060690186 -0.004656261797732163 0.01185849652073465 0.576332583272641
0.061968955000000006 0.4880391752400024 0.011363399441778197 0.005877234923212532 0.8727362637416781
0.062153636000000005 -0.9185328800948618 -0.007001656478052862 0.010632640472928813 0.39522914163205713
0.062331791000000004 0.29733168336107807 0.009897966479011278 0.008093706559548308 0.9546950126047484
0.062498183000000006 -0.9804449570524776 -0.0090420311492342 0.008949386659799753 0.19710884748257335
0.062672644 0.09380927110124535 0.008007402178230864 0.009958577411840362 0.9955138295927329
0.062846236 1.0533936322771627 0.011353388112396915 -0.007360191794831073 0.010079029842268593
0.06301896 -0.11375643824912106 0.00577358996182803 0.011391782662883237 0.9934322965251682
0.063187907 0.9762705318587708 0.01198092198519656 -0.0045916158110070274 0.21672637192228547
0.06337408500000001 -0.3164192857659846 0.0032931955355935275 0.012331884232061607 0.9485401636689156
0.06354148600000001 0.9104194143320389 0.0126600055552559 -0.002014403198294312 0.41356762267699887
0.06370031500000001 -0.5054447679697338 0.000673503198413841 0.012738730794833978 0.8627734787771612
0.063869707 0.8054131620645559 0.012793694613380816 0.0006448829550626397 0.5926026265758384
0.06405590600000001 -0.6726872728440554 -0.001972206511070116 0.012595200640547637 0.7398311317329234
0.064241105 0.6657107285636701 0.012376175320935531 0.0032725492628156074 0.7461138313226751
0.064401336 -0.8109427502117857 -0.004529543876818776 0.011907957576271716 0.5850153562567391
0.06456753400000001 0.497321466555697 0.011425850752967035 0.005755759035749165 0.8674807931326826
0.064734374 -0.9142651656423935 -0.006887988685288312 0.01070720973259773 0.4050027164516357
0.064916502 0.30749908126974895 0.009984107457797044 0.007987812435495664 0.951469162032275
0.065094126 -0.9782782758897729 -0.00894624590465258 0.009045762625215526 0.20755207136263637
0.06527279200000001 0.10442361231652762 0.008113499343978772 0.009872813065436768 0.9944567001404571
0.065438232 0.0011788146655634124 -0.03078337646476538 0.030190403087136348 0.9990751483233448
0.065606565 -0.10315262745961963 0.005895050244052983 0.011329827900679344 0.99458946053721
0.065760438 0.978544291079072 0.011931924539826427 -0.004719632561782568 0.20630200571479576
0.065963187 -0.3062830368606086 0.0034247641146322406 0.012296391324719633 0.9518616978245534
0.066144282 0.9147818481923132 0.012638297369209893 -0.002149570698419687 0.40383379649375095
0.066322438 -0.49621294280235856 0.0008094898090030089 0.012731209563029103 0.8681161131660862
0.066503404 0.8116895994784007 0.012800310721022164 0.0005082606017846424 0.5839781294741146
0.066674042 -0.6647576990547929 -0.0018376825324631927 0.012615952732524104 0.7469644215186642
0.06685287200000001 0.6736322771705585 0.012410817218197428 0.0031403289470615216 0.738970475523966
0.067029746 -0.8046569968599137 -0.004402300086072352 0.011956062469407884 0.5936316114945788
0.067211912 0.5065471765456065 0.011487004519328579 0.005633619726938966 0.8621266098661597
0.067368259 -0.9098934315264895 -0.0067735256330238025 0.010780561334861513 0.414730283344213
0.067532192 0.31763149673975755 0.010069116075394385 0.00788100170462784 0.948135036924629
0.067710175 -0.9760013850818895 -0.008849441474818528 0.009141119001127927 0.21797173881785603
0.067909652 0.11502608251657116 0.008218678118514912 0.009785918428639346 0.9932864034794576
0.068085029 -1.0453145969301518 -0.011023589072262474 0.0074197921755043 0.011377665242733323
0.068259631 -0.09253706250429555 0.0060158456699341235 0.011266577925664543 0.9956334450938814
0.068441785 0.9807099494013979 0.011881598596300811 -0.0048471503564478605 0.1958539913022196
0.06860153100000001 -0.296111914670804 0.00355595001838648 0.012259494185666015 0.9550749214935237
0.068781308 0.9190404736123744 0.012615152063716531 -0.002284507051305904 0.39405402654865557
0.06897101700000001 -0.4869246288908065 0.0009453924249375088 0.012722235712542442 0.8733599777156548
0.069154674 0.8178737433777663 0.012805470778725306 0.00037156976906528865 0.5752871957418942
0.06934053600000001 -0.6567524574206133 -0.0017029402167545245 0.012635266568727089 0.7540127430893216
0.069523209 0.6814771952175639 0.012444048321539098 0.0030077418845251107 0.731743038430368
0.069695245 -0.7982796617339469 -0.004274544977221111 0.012002805649039766 0.6021803670794288
0.069875583 0.515715255812003 0.011546853725124664 0.005510830851089645 0.8566743234559442
0.070065732 -0.9054181751910947 -0.006658280427331044 0.010852686837496066 0.42441073334629204
0.070238991 0.3277277767725999 0.010152982601331342 0.0077732864791361655 0.9446930167745264
0.070427749 -0.9736143721062491 -0.008751627110004396 0.009235443689620216 0.22836666762867064
0.070596042 0.12561547502880988 0.008322926476677575 0.009697903345792375 0.9920030726889384
0.070770287 -1.0121624424713924 -0.010595438700715757 0.007304502663781168 0.022276712079263277
0.070954641 -0.08191095161179932 0.006135962437683616 0.01120203988786081 0.99656413110375
0.071124221 0.9827680468784075 0.011829957883616161 -0.004974160827408917 0.18538347517876289
0.07129673 -0.2859070768465379 0.003686738262578125 0.012221196960831342 0.9581794685258556
