0 -0.7067529998956005 0.00035399999994770805 0.0003529999999478558 0.7074602089259648
0.0008119140000000001 -0.04504139316921942 0.03636752868455189 -0.015403072414751022 0.9982040141688656
0.001107436 0.027450849875136376 0.7042066804424794 -0.0027564402269057 0.7094584973540189
0.001353952 -0.6851885280925261 0.029170692088077887 -0.01695910335607235 0.7275833201290032
0.001538405 -0.7366326880132431 -0.6745528798131253 -0.014780729833459667 0.04513607740798096
0.001734436 0.07792422040821886 0.7270723579372578 -0.00162081493705459 0.6821215612620571
0.0019133770000000002 -0.6562900820408238 0.07889384358701348 -0.01649629905327506 0.7501904349776322
0.00208733 -0.757187200551062 -0.6459145487129341 -0.015418976112455459 0.09584635463680123
0.0022359890000000003 0.1281019255621789 0.7471588022475821 -0.0004776465359030102 0.6521820860885711
0.002377506 -0.6248826981136526 0.1283136180080984 -0.01597028623026421 0.7699352625680983
0.0025128050000000003 -0.7748331078281548 -0.6148003247632867 -0.015999001675289948 0.1461998146971165
0.002667276 0.1777923305967209 0.764389288080341 0.0006687669152712554 0.6197545344259688
0.002811769 -0.5910863380058918 0.17724126591540618 -0.015383001360059448 0.7867422610783237
0.002982081 -0.7895156014982017 -0.581340674192912 -0.01651884282896113 0.1960032466475213
0.0031317750000000003 0.22680567320177794 0.778697996757285 0.0018141152034339219 0.584962887812344
0.003291618 -0.5550300948112193 0.22548990997967563 -0.014736615581260881 0.800547125921008
0.0034424480000000003 -0.8011803147162514 -0.5456645294474463 -0.016976483081717602 0.2450657673509547
0.0035821100000000003 0.2749547889774614 0.7900302649997641 0.002954092466466626 0.5479401742161205
0.0037184590000000003 -0.5168516989654164 0.27287526034412574 -0.014033526369458916 0.811297034754118
0.003879477 -0.8097830843522297 -0.5079081252254116 -0.01737011118885255 0.2931994074524732
0.004030257000000001 0.3220558260882339 0.798342789430752 0.004084413651703418 0.5088279613341218
0.004189202 -0.4766969912455628 0.31921631989043175 -0.013276348341636436 0.8189508487194521
0.004343889 -0.8152911242625467 -0.46821542006155076 -0.017698151521315167 0.34021980498733656
0.004484364 0.3679289453449348 0.803603784707572 0.005200830843034342 0.4677758178169647
0.0046304530000000005 -0.43471936481635165 0.3643360767443742 -0.012467903228814805 0.8234792691339918
0.0047888720000000004 -0.8176833681007006 -0.42673773784928803 -0.01795927550027207 0.3859468996631683
0.00497091 0.4123990008402933 0.8057930920000976 0.006299149345038912 0.42494074480075106
0.005137509 -0.39107917843892565 0.40806218140006945 -0.011611209055317697 0.8248649490299682
0.005274089 -0.8169506162036693 -0.3836332403008463 -0.018152408604087844 0.43020561436029553
0.005422473000000001 0.45529619348875944 0.8049022314859611 0.007375243355526314 0.3804865805384756
0.005572906000000001 -0.3459431430716911 0.4502276058932117 -0.010709468566001764 0.82310255911327
0.0057091730000000005 -0.813095595571445 -0.3390663362340624 -0.01827673537957346 0.4728265191007788
0.0058913820000000006 0.4964566824647916 0.800934384453688 0.008425070909908657 0.3345833817188734
0.006052653000000001 -0.2994836841968216 0.4906712825162328 -0.009766056945637211 0.8181988078853849
0.006193141 -0.8061329599750421 -0.29320705535327657 -0.018331703060830838 0.5136464743199097
0.006345535 0.5357231179789784 0.7939042671661822 0.009444687352106323 0.28740678690441523
0.006501304 -0.25187828230100295 0.5292387196408168 -0.008784508877315165 0.8101724158506953
0.006642671 -0.7960892387450179 -0.2462303966363425 -0.01831702398870039 0.5525092507291691
0.006791040000000001 0.5729449866621972 0.783837781277888 0.010430255159053213 0.23913737262939955
0.006950607 -0.20330879402443236 0.5657825922948713 -0.007768504989294779 0.7990540439081059
0.0071113850000000004 -0.7830027375963172 -0.1983156565047076 -0.01823267690648964 0.589266123268876
0.007252740000000001 0.6079783708414395 0.770771019703512 0.01137804223086148 0.18996002975674947
0.007396482 -0.1539607565683722 0.6001633052308486 -0.00672185774210199 0.7848861762030063
0.007538896000000001 -0.7669233931891604 -0.14964574035392314 -0.018078907168391743 0.6237764367951849
0.007670357000000001 0.6406832053617154 0.7547466334417536 0.012284371011949534 0.1400634598790696
0.007837687000000001 -0.10402267801903524 0.6322495263190041 -0.005648496809936854 0.7677229578919403
0.008014323 -0.747912582589268 -0.10040646046155885 -0.017856225882813624 0.6559081412771464
0.008162945000000001 0.6709038974807943 0.7357931489807682 0.013145244684765115 0.08964033036469121
0.00831027 -0.053685316304990294 0.661918688200994 -0.004552454012565782 0.7476299884475922
0.008474474000000001 -0.7260428886567543 -0.050785823091565166 -0.01756540800799814 0.6855382944095647
0.008634332 0.6981669298966131 0.713627126668214 0.013951111360950164 0.03889411027108654
0.008770539 -0.00314094955806817 0.6890574562435505 -0.0034378478559017158 0.7246840713054905
0.00893477 -0.7013978224184079 -0.0009733075513126365 -0.01720748941646666 0.712553529681083
0.00910297 -0.02977687374716747 0.05065577957551662 -0.015679047848932592 0.9981445996080904
0.009277073 0.047417359303309266 0.7135621609347608 -0.002308867741450912 0.6989729208259741
0.00944785 -0.6740715035709429 0.04884086005493286 -0.016783762945822372 0.7368504880757356
0.009610214 -0.7448762647178389 -0.6633532109039944 -0.015034890477008355 0.06522166408558411
0.009769603 0.09779650089921219 0.7353391929594261 -0.0011697579068578904 0.6705948277157934
0.009921175 -0.6441683003848134 0.09846643562864571 -0.016295773455441042 0.7583362117306178
0.01009428 -0.7644328567074469 -0.6338505412987392 -0.015653543891137676 0.1158057200803271
0.010248041000000001 0.14780405769100946 0.7543053592627285 -2.4801162115364717e-05 0.6396582842239916
0.010411100000000001 -0.611802430412211 0.14771388568319027 -0.015745311911090434 0.7769284980221641
0.010554597 -0.7809507988247385 -0.601824988427892 -0.0162108141335851 0.16596135279627272
0.010711724 0.1972490392389331 0.7703881984389805 0.0011216975110008057 0.6062815705985928
0.010874328 -0.5770975235403835 0.19639511300091603 -0.015134408522329555 0.7925562127084907
0.01104269 -0.7944610792086084 -0.567485265591973 -0.01670661416212279 0.2154927332360018
0.011215826 0.24594261122869981 0.7835262537177734 0.002265427424210149 0.5705923044685407
0.011369738 -0.5401861490679796 0.2443241765968745 -0.014465324960501617 0.8051595609149442
0.011517237000000001 -0.8049276892530333 -0.5309759903692662 -0.01713931764814571 0.26420919783591534
0.011661505 0.2936988147641749 0.7936693015660922 0.0034020886330141512 0.5327269550085241
0.011833910000000001 -0.5012093086151135 0.2913180032626685 -0.013740545688174306 0.8146903149138954
0.0120081 -0.8123149952108933 -0.49243999826370305 -0.017507292547693256 0.31192381050439605
0.012167805 0.3403352717635126 0.8007785332684274 0.0045274082777268815 0.4928303239724564
0.012318448000000001 -0.46031589680562296 0.3371970879919443 -0.012962768433915757 0.8211119978173962
0.012488810000000001 -0.816596336581199 -0.452025483218732 -0.017809092425806104 0.3584536879235325
0.012638566 0.3856738708509809 0.804826685290881 0.0056371566907290815 0.4510549959875047
0.012787986000000001 -0.41766213178148354 0.38178618062730285 -0.012134893849308187 0.8244000224720183
0.012956619 -0.8177559961052233 -0.4098870821190158 -0.018043502804424842 0.4036205869861032
0.013114013 0.4295414247825635 0.8057981105374982 0.006727163077267291 0.40756076098512556
0.013281586000000001 -0.37341095772370614 0.4249149561168308 -0.011260014388033774 0.8245417850184656
0.013441452000000001 -0.8157898184274276 -0.3661857608976428 -0.01820955822298552 0.4472515434921032
0.013612141000000001 0.47177028209236105 0.8036887733961612 0.0077933304100154975 0.3625140125589457
0.013774621 -0.3277314216607327 0.4664186658267025 -0.010341402449717074 0.821536712753744
0.013984332 -0.8107054290561453 -0.32108836467716156 -0.018306550606231556 0.48917951315174063
0.014146009000000001 0.5121988529154675 0.7985061266296104 0.00883164872628629 0.31608712806466205
0.014298044000000001 -0.2807980269439242 0.5061387674239395 -0.009382497833942523 0.8153962661102961
0.014453051000000001 -0.8025222898908116 -0.27476704427895715 -0.018334034028157066 0.5292439988291466
0.014593866 0.5506719395337863 0.7902687533050008 0.009838204643929583 0.26845784149655577
0.014738074 -0.23279006585999987 0.5439235309197973 -0.008386894552469997 0.8061438947438694
0.014898843 -0.7912716638629765 -0.22739862477527045 -0.018291827432488857 0.56729165682991
0.015076491000000001 0.5870405155064989 0.7790053948038677 0.010809180045080673 0.219808635907673
0.015232200000000001 -0.18389093393212555 0.579628618548444 -0.007358327050163736 0.793814947899538
0.015373739 -0.7769965148220073 -0.17916394071502162 -0.01818001587071689 0.6031768779689324
0.015527601 0.6211595158301372 0.7647518548559437 0.011740811613082677 0.1703262395708317
0.015677059 -0.1342874285351797 0.6131176362465319 -0.006300655887491983 0.778456539402643
0.015846579 -0.759751353478054 -0.13024714925305536 -0.017998950487691033 0.6367623403135572
0.016018749000000002 0.6528757081986106 0.7475375965876302 0.012629156194062404 0.12020158485231043
0.016202093 -0.08416903451710646 0.6442626545949218 -0.005217852939696572 0.7601273677980747
0.016336692 -0.7396020345778818 -0.0808350275035327 -0.017749247361931023 0.6679195310464808
0.016483077000000002 0.681929852867286 0.727285632208294 0.013468215268112014 0.06963265920199108
0.016629701 -0.03372719957890392 0.6729446971817415 -0.0041139861698840305 0.7388974923369448
0.016773820000000002 -0.7166255082617321 -0.031116258476803247 -0.017431785258475493 0.696529235211945
0.016945331 -0.05299009855848439 0.028622118754092908 -0.015249189505796457 0.9980597548020831
0.017112046000000002 0.016845397776518643 0.6990541944414552 -0.0029932040354164985 0.7148480656842264
0.017259267000000002 -0.6909095276460113 0.018719290878128653 -0.017047702331560617 0.7224819893343722
0.017392473000000002 -0.7304526649558524 -0.6788355481296707 -0.01459978963326373 0.034542616879465034
0.017549033000000002 0.06735558485611469 0.7224914011105459 -0.001859719589195572 0.68807102439461
0.017692808 -0.6625523143294282 0.06848129637997953 -0.01659839180617553 0.7456784980853512
0.017864902000000002 -0.7528454570304219 -0.6519125725731003 -0.015284006878437785 0.08526091362828662
0.018051845 0.11761043300553523 0.7431667755034603 -0.0007177943399467213 0.6586687383776298
0.018208385 -0.6316621834215628 0.11797970510313807 -0.016085496664918222 0.7660300123458548
0.018361055 -0.7712593140713448 -0.6214409365159071 -0.015879731229496104 0.13569408218414442
0.018512973000000002 0.1674179944058251 0.7610013188287442 0.00042827806117690776 0.626753620749144
0.018659755 -0.5983571297103093 0.1670254627711224 -0.015510903366682949 0.7834586671760582
0.018822792 -0.7866161520231422 -0.5885026327662448 -0.01641340032761392 0.18562339306650183
0.018996141 0.2165880342114924 0.7759268726881726 0.0015741882356551413 0.592447699649074
0.019171068000000003 -0.562764376657502 0.21543123723348145 -0.014876734625211135 0.7978977783698734
0.019340124 -0.7989390165742951 -0.5532972282258112 -0.01688469907753632 0.23485371002768676
0.019496746000000002 0.26493275447382886 0.7878863726376916 0.0027156275145140863 0.5558821538039034
0.019643515 -0.5250198900109324 0.2630121352443765 -0.01418534127775073 0.8092920964373999
0.019804754 -0.8081983668173358 -0.5159741799615943 -0.017292133755173977 0.28319529366566515
0.019980788000000003 0.312267505637405 0.7968340550390018 0.00384830430293684 0.5171968138457093
0.020147154 -0.4852678579308034 0.3095864097991607 -0.013439293276659249 0.8175980170268122
0.020294878000000002 -0.8143643890037181 -0.47668043539636856 -0.01763419390566384 0.330462526469865
0.020434605 0.3584114800193206 0.802735612948846 0.004967960249671944 0.47653963170716873
0.020576913000000002 -0.4436601396413742 0.35497615532684007 -0.012641369839541314 0.8227837469679377
0.020722581 -0.8174157069179022 -0.435567598264761 -0.017909544875030024 0.3764741785290891
0.020902142000000002 0.403188378620558 0.8055682934121706 0.006070386036235986 0.4340661208836579
0.021065292000000003 -0.4003556847296422 0.39900798808424437 -0.011794548796328947 0.8248294252927628
0.021227428000000003 -0.8173416331058568 -0.39279324946429234 -0.01811708004280548 0.42105395930184064
0.021376911000000002 0.446427035374076 0.8053209204972016 0.007151436455998127 0.3899387712020062
0.021526103 -0.35551992531955895 0.4415137091533481 -0.010901995174518774 0.8237271987630742
0.021703738 -0.8141429140985825 -0.3485209433706711 -0.018255940532871332 0.46403113500540394
0.02187725 0.48796196437261224 0.8019938079960756 0.008207044084688288 0.3443264435103007
0.022038845 -0.30932414345106785 0.4823309475069947 -0.009967049066514503 0.8194812516118628
0.022195476000000002 -0.8078319984813239 -0.3029198042136037 -0.01832552458809534 0.5052411543071545
0.022344431 0.5276337430793072 0.7955984686254178 0.00923322980436515 0.297403753964587
0.02251736 -0.2619448160870269 0.5213037806800833 -0.008993212825685687 0.8121077893826303
0.022662632000000002 -0.79843310707718 -0.25616397103148614 -0.018325492608653696 0.5445262625322531
0.022795724 0.5652889754118798 0.7861568453668448 0.010226105103708702 0.2493504693455028
0.022969917000000003 -0.2135629402575571 0.5582833306627123 -0.007984137640288968 0.8016349769287106
0.023118759000000003 -0.785982196487685 -0.2084319725654224 -0.018255769811326542 0.5817360955700724
0.023287702 0.6007789323181945 0.7736991085118066 0.011181848344512184 0.200350972948473
0.023452348 -0.16436334093038105 0.5931283327175707 -0.00694360953684633 0.7881028308128075
0.023595925 -0.7705268503522559 -0.15990606355398357 -0.018116547245155632 0.6167282484875524
0.023742033000000003 0.6339528177309253 0.758255791157437 0.012096575394690846 0.15059401354344473
0.023926529000000002 -0.11453396426797245 0.6257056749146741 -0.005875534866892989 0.7715630665246337
0.024072153000000002 -0.7521261129604154 -0.11077153677935406 -0.01790828147413647 0.6493688154112885
0.024241205000000002 0.6646191007732781 0.739817091097302 0.01296558840984009 0.10027379762681864
0.024389498000000003 -0.06426515899906866 0.6558909062695144 -0.004783925333267645 0.7520789011115805
0.024540758000000003 -0.7308502722788854 -0.061216018692453626 -0.017631693073700633 0.6795328979753634
0.024678138000000002 0.6921042658620531 0.7178914394487071 0.013775195450023415 0.04960206636930933
0.024841357 -0.013748948696107583 0.6835687114617813 -0.00367288261434271 0.729724811993625
0.024998217000000003 -0.7067805963346611 -0.01142875374338826 -0.017287764019538354 0.7071050800434069
0.025152347000000002 -0.037926987059010146 0.043121498478549784 -0.01553395472044176 0.998215918470823
0.025311473 0.036821702183549285 0.7086333501940335 -0.0025465826468998518 0.7045862529094186
0.025466062 -0.6800090255574073 0.038400118651187184 -0.016877734017656278 0.731979866688031
0.025610839000000003 -0.7397209397098498 -0.6686199018815617 -0.014882474775757923 0.054621100185494244
0.02575681 0.08725362555668593 0.7309890593107453 -0.0014092596309306577 0.6767593281166067
0.025939543000000002 -0.6506378231158579 0.08808029113082265 -0.016403095811714202 0.7540620856249242
0.026114605000000003 -0.7604045839941489 -0.640116650992882 -0.015524984030192212 0.10524680874750554
0.026272861 0.13735418723002452 0.7505504158162803 -0.0002651898228475572 0.6463504261477845
0.026434337000000002 -0.618779185065942 0.1374220163070506 -0.01586558949862707 0.7732672494861534
0.026564745 -0.7776427339083756 -0.608675598427235 -0.01609697110065079 0.1555007350578902
0.026715333 0.18693202145731788 0.7672426588639405 0.0008813248118728104 0.6134758146082206
0.026897746 -0.5845548120797587 0.18623683262144086 -0.01526719588220055 0.7895218774929194
0.027078968000000002 -0.7918201904969173 -0.574836414552447 -0.016606514838704955 0.20517463159023966
0.027234919000000003 0.23579775901672792 0.7810019685561805 0.0020259730083642714 0.5782611977005339
0.027380643000000003 -0.5480954445587773 0.23433828528212053 -0.014610128895301028 0.8027637752595033
0.027510992 -0.8029445706624526 -0.5387832257345685 -0.017052940251127545 0.25407482020490096
0.027665715 0.28376474470243246 0.7917756988306297 0.0031644505832590505 0.5408412383911821
0.027822051 -0.5095403630097752 0.2815426394761099 -0.013896827122825467 0.812942271630916
0.027999605 -0.8109893772217458 -0.5006672260623631 -0.017434813747557423 0.302012826861978
0.028165612000000003 0.33064973893942595 0.7995225604445136 0.0042924766709115615 0.5013590474274321
0.028308157 -0.46903685565642983 0.3276695831069212 -0.013129944460035781 0.8200184116284474
0.028444601000000003 -0.8159294999483211 -0.46063841052324195 -0.01775072319491191 0.34880454935487093
0.028587088 0.37627359569927477 0.8042127472762928 0.00540580964759795 0.4599656418440493
0.028727548000000002 -0.42673965536158975 0.3725429163584688 -0.01231233994339138 0.8239651047505223
0.028898661000000003 -0.8177484293169851 -0.4188513386613971 -0.017999437388498716 0.394270556557178
0.029081631 0.42046190315956605 0.805827992784544 0.006500262461485684 0.4168193763325638
0.029246766 -0.38281034803847347 0.4159912254417482 -0.011447066793693134 0.824767228051136
0.029408052 -0.8164403281453637 -0.37546628712763974 -0.018179954306129446 0.4382366336430309
0.029553313 0.4630455596063536 0.8043615280345938 0.007571716809132947 0.37208535229031975
0.029700007 -0.33741675482971895 0.45784853794220187 -0.010537360714050403 0.8224216835944705
0.029855498 -0.8120107553347956 -0.330649228413668 -0.018291520304705978 0.48053438849826635
0.030011006000000003 0.5038612200881478 0.799817872210086 0.008616134867110332 0.32593481261131446
0.030176635 -0.29073229042906834 0.4979549572539742 -0.009586627487846168 0.8169374100617814
0.030334225000000003 -0.804476928773679 -0.2845714275835043 -0.01833363934279668 0.5210018661231283
0.030481386000000003 0.54275143974812 0.7922122681511453 0.009629565122438559 0.27854453856276734
0.030621836000000003 -0.24293530001033017 0.5361572736624994 -0.008598429924457664 0.8083353484648547
0.030784713000000002 -0.79386778796853 -0.23740888740252925 -0.018306077819206557 0.5594841514311208
0.030954541000000002 0.579563965005529 0.7815691764482513 0.010608131453105936 0.23009628941527538
0.03112213 -0.19420837731164955 0.5723095497183648 -0.007576474202987213 0.7966483620988835
0.031274397 -0.7802239465649796 -0.1893417217268912 -0.01820886695899458 0.5958339513980551
0.031427898 0.6141480656481529 0.7679176079842397 0.01154796395472931 0.18077641064228714
0.031573757 -0.14473766650017234 0.6062736776318567 -0.006524595666671221 0.7819211110460853
0.031715318 -0.7635975702433433 -0.14055348934680292 -0.018042303504974936 0.6299121513929753
0.031892311 0.6463371773660723 0.751272183525733 0.012444861371129672 0.13077611782769163
0.032054867 -0.09471215051400672 0.6379199065067275 -0.005446744122951375 0.764209881719479
0.032215607 -0.7440521956307513 -0.09123050337217826 -0.017806949046036545 0.6615883421587364
0.032387286 0.6758299022781047 0.7315107910314446 0.01329199230791853 0.08029550717071249
0.032526643 -0.04432292864722136 0.6671273373197666 -0.004346968706510448 0.7435823721138533
0.032681417000000004 -0.7216624979717859 -0.041561124484913683 -0.017503628142956695 0.6907413147033447
0.032840965 0.6996416434714321 0.7062406145117731 0.014077096753729304 0.029588389269470366
0.033017888 0.006237513786115906 0.6937843836334944 -0.0032294023649209265 0.7201174336082248
0.033173541 -0.6965140119374937 0.008264956507547836 -0.017133425339202975 0.7172595208112637
0.03333398 -0.022491879897568078 0.057222090601602466 -0.015800770879151334 0.9979658922647074
0.033483428 0.056776040792979696 0.7177891960919598 -0.002098246029147263 0.6939047703417525
0.033630006000000004 -0.6687028084649613 0.05805744269757678 -0.016697681111512725 0.741041497181161
0.033771858 -0.7482239521608639 -0.6576633591868161 -0.015143135576354194 0.07466994302278177
0.033946741 0.10709960302692022 0.7390500487752906 -0.0009577525342472563 0.665044597364762
0.034106865 -0.6383351298608946 0.10762615819384691 -0.01619798680036947 0.7619962514251922
0.034267338 -0.7675200096382855 -0.627946795013143 -0.015757063539606382 0.1251691847694115
0.034425679 0.15701597391891262 0.7574856854421764 0.00018778964015833406 0.6336472589517167
0.034577372 -0.6055269851314976 0.1567817751622387 -0.015636178554376313 0.7800436083616233
0.034726316 -0.7835707472082513 -0.5955547466443026 -0.016304945925977362 0.17521447858037287
0.034900279 0.2063344811649167 0.7730256235038403 0.0013340727336145176 0.5998328086602891
0.035064421000000005 -0.570403707418913 0.20533653779947958 -0.01501433032066374 0.7951145152148256
0.035227309000000005 -0.7965566996502789 -0.5608318799666222 -0.016789971356369577 0.2246036697582719
0.035375128 0.25486672962499973 0.7856104131133668 0.0024767860857134332 0.5637305529436354
0.035528497 -0.5330994754373956 0.2531049803537827 -0.014334745913807645 0.8071513045128037
0.03567853 -0.8064739717480074 -0.5239507918550016 -0.01721120315127744 0.27314472735244266
0.035839259000000005 0.30242731071732454 0.7951918477378224 0.0036116324266188596 0.5254785603983299
0.036006296 -0.4937568008632862 0.29990463638115705 -0.013599950197243959 0.8161079136466215
0.03618345 -0.8132983505934073 -0.48506369970589774 -0.017567252717815663 0.3206506407622041
0.036328522 0.3488344913867822 0.8017331203797828 0.004734343928792913 0.4852231391149446
0.036478764000000004 -0.45252598371720004 0.34555673648785157 -0.012812679413286293 0.8219500602303655
0.03664042 -0.8170089961138904 -0.44432318358006656 -0.017856797625412226 0.36693897536786735
0.036791225000000004 0.3939108713632871 0.8052089147507703 0.005840697783880582 0.4431182852167127
0.036959918 -0.40956453787147123 0.3898868918684334 -0.011975870700305192 0.8246553725754693
0.03712987 -0.8175940627322598 -0.40188649111118635 -0.018078706378587984 0.4118322270188462
0.037292625 0.4374839872920251 0.8056054094260457 0.006926530867136008 0.3993251068172533
0.037446323000000004 -0.3650365889132277 0.43272576101029103 -0.011092650838200728 0.8242134747696198
0.037594583 -0.81505246247721 -0.3579164137876622 -0.018232079965713438 0.4551583716519984
0.03774901 0.47938681690984664 0.8029201449982047 0.007987752548581006 0.35401123004306634
0.037915765000000004 -0.319112246689321 0.4739096970015109 -0.010166324265925565 0.8206260260279363
0.038086025 -0.8093945086555238 -0.31258119909780285 -0.018316269293941492 0.4967514654273592
0.038232765 0.5194580663202811 0.7971616278902731 0.009020353324217996 0.30735019951214204
0.038387719 -0.27196695495121437 0.5132813729510051 -0.00920036041741237 0.8139067141624704
0.038540181 -0.8006421478835645 -0.26605412651835575 -0.018330883711734202 0.5364522498378711
0.038691764000000003 0.55754190474599 0.7883483096565185 0.010020402623981711 0.25952090116944354
0.038863203000000006 -0.223780820604556 0.5506903831075687 -0.008198380424792167 0.8040812031949219
0.039041192 -0.7888290033765368 -0.21851294344919517 -0.018275795396019312 0.5741087439071293
0.039202092 0.5934860099132762 0.7765057327982154 0.010984013362410127 0.21070708397981
0.039350485000000004 -0.17473792514922643 0.5859938173472515 -0.007164143240248606 0.7911870353165036
0.039515488 -0.7740003107563989 -0.17013923280653886 -0.018151141342967272 0.609576814843436
0.039660581 0.6271331122159093 0.7616568063121633 0.011907178624825345 0.16109724244419474
0.039829627 -0.12502562097169598 0.6190568067842465 -0.0061015312302550055 0.7752734875777871
0.040004513000000005 -0.7562127797152594 -0.12111774244180587 -0.017957323673373573 0.6427207220906654
0.040179123000000004 0.6582774642484603 0.7437758575832133 0.01278492338516623 0.11088606903615819
0.040335879000000005 -0.07483381522432433 0.6497530383462076 -0.005014535298295173 0.7564013838699818
0.040489265 -0.735534396748118 -0.07163569101283178 -0.01769500857408225 0.6734136312840276
0.040627125 0.6862676480070707 0.722387441380054 0.01360376719989612 0.06028676721187355
0.040772806 -0.024354244099419647 0.6779652362351444 -0.003907239594561141 0.7346428629375389
0.040950864000000003 -0.712044176711188 -0.021882058578108956 -0.017365124035889468 0.7015380954028986
0.041116061 -0.045971047911053775 0.03547417658925334 -0.01538427437031236 0.9981727999886606
0.041274623 0.026220259613779988 0.7035856082606233 -0.0027838058736985214 0.7100811033407576
0.04142796 -0.6858318676998714 0.02795313260910322 -0.016968856477499954 0.7269865008658013
0.04157269 -0.7337255369440501 -0.6730978613898292 -0.014709776367018847 0.04403523771305631
0.041719729000000004 0.07669650270090642 0.7265162550670679 -0.0016484575646457235 0.682810006467556
0.04189918 -0.6569976122613951 0.07767954293390007 -0.016507646312709203 0.7496614766168767
0.042079281 -0.7561644777285389 -0.6462013737263547 -0.01539203361710572 0.09467627887205864
0.042244891 0.12688166829124797 0.7466695402525503 -0.000505463620511995 0.6529338388785413
0.042410552000000004 -0.6256515672857065 0.12710724234933116 -0.015983182503152903 0.7694762644880186
0.042563209000000005 -0.7741792937242367 -0.6154035076306793 -0.01597993576893312 0.145016924823889
0.042698230000000004 0.17658404985940923 0.7639684192386432 0.0006408777778904134 0.6205668354644304
0.042883684000000005 -0.5919134846321585 0.17604743620613864 -0.015397396132608942 0.7863550493226557
0.043059449 -0.789035724020372 -0.5820827751709019 -0.0165034398174187 0.19482390318969986
0.043230912 0.22561377868416518 0.7783467243939709 0.0017862555819589039 0.5858327651104377
0.043380943000000005 -0.5559122544548216 0.2243131869733023 -0.0147524530367728 0.8002332475333795
0.043525374000000006 -0.800821031127935 -0.54649588841758 -0.01696361688844359 0.24389908685578254
0.043680133 0.2737835402105116 0.7897494031225776 0.0029263621991988003 0.548864460819531
0.043842178 -0.5177854131922156 0.2717201289559279 -0.014050745522610526 0.8110577529449267
0.044019796 -0.8095242073532289 -0.5088080481304617 -0.01735936929668849 0.29205214383064626
0.044192737 0.3209092732080895 0.7981327039395113 0.004056909649709928 0.5098033165887433
0.044374355000000004 -0.47767861824025065 0.3180871731995107 -0.0132948832127754 0.8187871389507476
0.044522572 -0.815123410658068 -0.469172517769911 -0.017689356258546323 0.33909766538156555
0.044681194 0.36681084235510597 0.8034643019209005 0.005173645358115931 0.4687987538520758
0.044854002000000004 -0.43574509140521617 0.3632371998381071 -0.01248768305261008 0.8233918161876745
0.045025132 -0.8176019366740044 -0.4277442586901749 -0.01795234280616526 0.3848550134561464
0.045188574 0.4113126676057245 0.8057233467927754 0.006272367238880554 0.4260076612081489
0.045339895000000005 -0.3921450333230296 0.4069977352085463 -0.011632158519610766 0.8248541451099829
0.045485564000000006 -0.816952511444417 -0.3846830335134391 -0.018147295766255154 0.4291487285678988
0.045619081000000006 0.4542442763485969 0.8049003976694823 0.007348937389060871 0.3815938129427671
0.045783135 -0.34704501112377506 0.44920161111875434 -0.010731508077750003 0.8231685030217782
0.045972095000000004 -0.8131787393954872 -0.34015400550770813 -0.01827341848957789 0.4718090868286878
0.046159468 0.49544069932845947 0.8009971590337763 0.008399292812135242 0.33572727585181095
0.046328474 -0.3006173217125878 0.4896876037281952 -0.009789102921613042 0.8183413053050956
0.046466943000000004 -0.8062956489184802 -0.2943275703453788 -0.01833016614361674 0.5126726956450041
0.04661523 0.5347425014135717 0.7940257918952319 0.009419449031432003 0.2885838238831993
0.046793737 -0.2530393331265437 0.5283010495732456 -0.008808474057846578 0.8103909807601605
0.046975222000000004 -0.7963298825558747 -0.24737890287026149 -0.018317253301581293 0.5515830903883511
0.047148772000000005 0.5719948092035391 0.7840071159964572 0.010405483986799425 0.24034440871620197
0.04731283 -0.20449280651129523 0.5648944363497831 -0.007793298773916567 0.7993479011537068
0.047469041000000003 -0.7833197150395185 -0.19948737943497857 -0.018234657751922092 0.5883913163044618
0.047610673000000006 0.6070429964439574 0.7709652302399226 0.011353456120438829 0.1911948305883419
0.047758046000000005 -0.15516320134079375 0.5993279661481911 -0.006747386546614414 0.7852542652507238
0.047937067 -0.7673149692437212 -0.15083593752915225 -0.01808262202627123 0.6229564877052391
0.048129092000000005 0.6397139269176375 0.7549070145865262 0.012259038933354668 0.14132615932144485
0.048292408 -0.10523896657957608 0.6314700889196149 -0.0056746644451553035 0.7681639377844325
0.048458783000000005 -0.7483768599393594 -0.10161039977541406 -0.017861653282102312 0.6551463196306365
0.048608877 0.6697027323967824 0.7357050220653555 0.01311532291641032 0.09093889256542781
0.048754006 -0.05491082056268622 0.6611980040323778 -0.0045791620861341835 0.7481422439985871
0.048942557000000005 -0.7265777794609837 -0.051998775908102625 -0.01757252183733247 0.6848376286012321
0.049124433 0.6949378654441014 0.7114878022254927 0.01388416180522052 0.040283351501735995
0.049280153 -0.00437102244875255 0.6883981278460733 -0.003464996200150373 0.7252657205758815
0.049444468000000005 -0.7020010327100242 -0.0021905506691907105 -0.01721625850972528 0.7119167998239053
0.049608305000000005 -0.03073056125136531 0.0497870567043203 -0.015660968133277896 0.9981384245990276
0.049773119000000005 0.04618736180273533 0.7129665252752183 -0.002336354872789837 0.6996218239471821
0.049958299000000005 -0.6747405259193474 0.04762403700769266 -0.016794150848878375 0.7362802186534989
0.050125417000000005 -0.7432026843284207 -0.6630529623585818 -0.01499359521101153 0.0640792855006832
0.050299566000000004 0.09657119584950029 0.7348093033106857 -0.0011974815262211168 0.6713085971609237
0.050458515 -0.6449004122176576 0.09725471937937212 -0.016307738318275714 0.7578346644154479
0.050610805 -0.7636005810274512 -0.6343031884269548 -0.01563068840480298 0.1146277502906695
0.050775282000000005 0.14658800850049186 0.7538429643730309 -5.265871265501014e-05 0.640434296684417
0.050953737000000006 -0.6125946963917205 0.14651192631270138 -0.01575880647080549 0.7764976649304793
0.051138732000000006 -0.78037592874511 -0.6024924262677234 -0.016193413094052072 0.16477856702781396
0.051313548 0.19604672474851806 0.7699947171050966 0.001093808201321406 0.6071169807176474
0.051463486 -0.5779468009668605 0.19520750954193092 -0.015149380155052286 0.7921978102864686
0.051632483 -0.7940322995568992 -0.5682660129985295 -0.01669228504804835 0.21431752010216357
0.051797302 0.24475838806704436 0.7832027416098073 0.002237607367185472 0.5714840608415039
0.051982234 -0.541089095631679 0.24315546175287744 -0.014481715787673322 0.8048750245911308
0.052152176 -0.8046095257277766 -0.5318360970137566 -0.01712731939542569 0.26304948300707404
0.052320507 0.2925368685443784 0.7934164048644339 0.003374436686623075 0.5336718191290283
0.052480154 -0.5021623920332312 0.29017262760286955 -0.01375829272734682 0.8144807946206507
0.052632899000000004 -0.8120928447070177 -0.4933635444662281 -0.01749733249072737 0.3107858509255325
0.052785582000000004 0.33919954900389 0.8005964193538453 0.004500019777204026 0.49382489328776286
0.052946847000000005 -0.4613154060182829 0.3360794038726293 -0.01298180378713002 0.8209783544579641
0.053134193 -0.8164631085405955 -0.4530028809054175 -0.017801039082415423 0.35734292987147986
0.053298990000000004 0.3845679760558913 0.8047149321391737 0.005610121401451886 0.452095733120752
0.053477345 -0.4187041894705053 0.3807004260193424 -0.012155144924053344 0.8243428253922577
0.053646302 -0.8177077433931251 -0.4109113545082349 -0.01803729217050796 0.4025419946102056
0.053815076 0.4284684511467221 0.8057555183206325 0.006700561853419709 0.4086440329340155
0.053987378 -0.3744915339791881 0.4238652384689996 -0.0112814041470818 0.8245613105293187
0.05415198500000001 -0.8158240111573913 -0.36725111773025026 -0.01820515671783251 0.44620974127138635
0.054314743000000006 0.47073250744572354 0.8037130205507554 0.007767229218784223 0.3636361473265618
0.054485413 -0.3288463486644123 0.4654089460556996 -0.01036384968705264 0.8216329437410548
0.054641775000000004 -0.8108201765329222 -0.3221895837755205 -0.01830393831101061 0.4881788514196419
0.054798947 0.5111971395964361 0.7985930902154653 0.008806086867578437 0.3172445043803372
0.054981307 -0.28194301457256843 0.5051728440885648 -0.00940591747470053 0.8155688927617599
0.055174895 -0.8027159543792969 -0.275899179379325 -0.018333196311161433 0.5282885836912585
0.055337908000000005 0.5497044146361162 0.7904110288583075 0.009813168826693594 0.2696470476230681
0.055489781 -0.23396071814207176 0.5430050246037443 -0.008411197975401425 0.8063923164184287
0.055650716 -0.7915426546099927 -0.22855686022043134 -0.018292750436360437 0.5663853622350437
0.055826484 0.5860992508936215 0.7791886354708676 0.01078453908976563 0.22102679077554982
0.056000397 -0.18508276632146872 0.5787609564393357 -0.007383422431725426 0.7941382761623598
0.05616846700000001 -0.7773431723805169 -0.18034351801509435 -0.018182683937798153 0.6023233483461977
0.056339903000000004 0.620220498623718 0.7649439483246699 0.011716119111604598 0.17157176102188865
0.056515304 -0.13549588600111503 0.6123040368528154 -0.00632644856734309 0.7788536022492942
0.056677347 -0.760171882587322 -0.13144333127742178 -0.018003344630124374 0.6359649880837055
0.056869457000000005 0.6518588228784626 0.7476465483480776 0.012602865542530574 0.12147651669588756
0.057037109 -0.08538951049732027 0.6435061124803245 -0.005244245808262284 0.7605967150953624
0.057211044 -0.7400944647968133 -0.08204308350836116 -0.01775534433095743 0.667181531361867
0.057350120000000004 0.6804343371077105 0.7268894088164939 0.013432579720350384 0.07095316920403137
0.057508036000000005 -0.03495505590848395 0.6722479675085393 -0.0041408800799062236 0.7394374025164091
0.057670391 -0.7171876713574967 -0.03233146121718545 -0.017439556977167408 0.6958535192854691
0.05783908200000001 -0.053908644615735794 0.027718260338859612 -0.015229471827930196 0.9980151847852471
0.058023332000000004 0.015614809745644585 0.6984197769822309 -0.0030204982413228167 0.7154565537396486
0.058187967 -0.6915390456234808 0.01750166075389873 -0.017057115559811528 0.7218712371830366
0.058356519 -0.7258439449071271 -0.6756733198008998 -0.014468009414729114 0.03348589442936086
0.058520999000000004 0.06612690157301813 0.7219215231852898 -0.00188731222111365 0.6887458512607131
0.058691035 -0.6632465945495903 0.0672659414136386 -0.01660940796170975 0.7451351312121982
0.058868584 -0.7516639965265572 -0.6520584682159201 -0.01525361969224952 0.0840979845010673
0.059048179000000006 0.11638825384714757 0.7426633729761359 -0.000745582924084973 0.6594074218094926
0.059230409000000005 -0.6324184186633018 0.1167712992409026 -0.01609807175427175 0.7655561867061251
0.05938954900000001 -0.7705522560834218 -0.6219998382788374 -0.015859538128161987 0.1345122542328598
0.059566585000000005 0.16620685355689704 0.7605660137673285 0.00040039601584794716 0.6275534478911232
0.059721654000000006 -0.599172301831973 0.16582863773996356 -0.015524987997342829 0.783056266664401
0.059897818000000005 -0.7861054717574584 -0.589220869234314 -0.016397349581258252 0.18444252260641536
0.060070069000000004 0.21539236750320165 0.7755609453916592 0.0015463145502375736 0.5933057415967132
0.060235697000000005 -0.5636352629879042 0.21425056774589066 -0.014892274080278808 0.7975684089961328
0.060400655000000004 -0.7985563506353682 -0.5541118094180886 -0.016871340110771033 0.23368382874037474
0.060562743 0.263756858064326 0.7875907241465812 0.0026878624927267913 0.5567952826562491
0.060707356000000004 -0.5259430718872309 0.26185212347834147 -0.014202275640690418 0.8090370813129131
0.060896585 -0.8079192164251505 -0.5168606958822498 -0.017280961464417287 0.28204350695171027
0.061090636000000004 0.31111548095166913 0.7966091533314882 0.0038207456155939733 0.5181617230831952
0.061266204000000005 -0.4862397309807527 0.3084514694624582 -0.013457557597563636 0.8174183922521192
0.061445002000000006 -0.8141779268312423 -0.47762616436655997 -0.017624996634896688 0.3293347141683966
0.06161838 0.3572871545461467 0.802581410414503 0.0049407013492531494 0.4775528613408756
0.061771857000000006 -0.4446769255233186 0.353870595525224 -0.012660894336834308 0.8226802584910405
0.061968955000000006 -0.8173163804884495 -0.4365642321136363 -0.017902224153786707 0.3753755730968783
0.062153636000000005 0.40209518221479584 0.8054840917854453 0.006043513704915006 0.43512408997734836
0.062331791000000004 -0.4014134441205914 0.3979359971518787 -0.011815259089468635 0.8248025267914129
0.062498183000000006 -0.8173261811383924 -0.39383438224216205 -0.01811158659407716 0.4199893803028844
0.062672644 0.4453677897928616 0.8053051346728327 0.0071250266602637296 0.39103782268045967
0.062846236 -0.3566145719951008 0.4404793385590389 -0.01092381254439115 0.8237770505930891
0.06301896 -0.8142091188742328 -0.34960105554595045 -0.018252247462319685 0.4630050939144223
0.063187907 0.4869384915394981 0.8020435220310125 0.008181154282221362 0.34546291111879474
0.06337408500000001 -0.310451459340266 0.4813380959136951 -0.009989890741025919 0.8196077208551089
0.06354148600000001 -0.8079780998495771 -0.30403380498515203 -0.01832361473297094 0.5042579030137824
0.06370031500000001 0.5266460603828168 0.7957085269205177 0.009207883146239939 0.2985740727808718
0.063869707 -0.26310046721749597 0.5203561782024341 -0.009016992288711627 0.8123104510224173
0.06405590600000001 -0.7986575025259928 -0.2573069768642849 -0.018325352011458542 0.5435898148717734
0.064241105 0.5643334384607576 0.7863177820776412 0.010201253934246207 0.25055138117346243
0.064401336 -0.21474249353555153 0.5573845233334144 -0.008008764962719517 0.8019131161767536
0.06456753400000001 -0.7862832775609593 -0.20959919583385284 -0.018257384116486114 0.5808502350094206
0.064734374 0.5998432552789777 0.773891700391352 0.011157276224972795 0.20157996740953907
0.064916502 -0.16556228173262555 0.592281667133662 -0.006968991729075763 0.7884554466107176
0.065094126 -0.7709029093884515 -0.16109275660082628 -0.018119899606292615 0.6158965283900227
0.06527279200000001 0.6329995659245399 0.7584334107799158 0.012071572480135686 0.15185047210409447
0.065438232 -0.11574771486121187 0.6249142829835462 -0.005901576252844314 0.7719888762445691
0.065606565 -0.7525752885926892 -0.11197296566779956 -0.017913351296366342 0.6485945552584104
0.065760438 0.6635087358362658 0.7398255929583905 0.01293744734808118 0.10156292447027507
0.065963187 -0.06548909785684039 0.6551576899037298 -0.0048105279470491615 0.7525763464861833
0.066144282 -0.7313705175828037 -0.06242745371661523 -0.0176384552456993 0.6788191774345563
0.066322438 0.6898759683514105 0.7167467975261891 0.013725730783430107 0.0509578389707008
0.066503404 -0.014978430860406277 0.6828963269689822 -0.003699946622104802 0.7302920663162288
0.066674042 -0.70736966092728 -0.012645469814162298 -0.017296188448900456 0.7064547319946284
0.06685287200000001 -0.038867689239629834 0.04223925559257817 -0.015515616111113727 0.9981964640360739
0.067029746 0.035591323428341266 0.7080241919530351 -0.002574006798726489 0.7052212295644334
0.067211912 -0.6806644467261602 0.03718283559311094 -0.01688778536393478 0.731395469897129
0.067368259 -0.7375252104760895 -0.6678359513356544 -0.014829120499856943 0.053497952222360555
0.067532192 0.0860269752401859 0.7304452420827253 -0.0014369417512182217 0.6774596905313447
0.067710175 -0.6513569230728833 0.08686713392351633 -0.016414733354798688 0.753545957507074
0.067909652 -0.7594778877158441 -0.6404875543748988 -0.015500106886558397 0.10407275532630234
0.068085029 0.1361358427136336 0.7500737546498373 -0.0002930273535895255 0.6471135993082522
0.068259631 -0.6195590725480193 0.136217643966168 -0.0158787671042715 0.7728214392564446
0.068441785 -0.7770267894399545 -0.609309787240971 -0.016078703941950222 0.15431781091976893
0.06860153100000001 0.18572648261738772 0.7668346449036526 0.0008534341903399941 0.6142989983655801
0.068781308 -0.5853923871642346 0.18504585619497244 -0.015281862040487867 0.7891481599102151
0.06897101700000001 -0.7913643701515015 -0.5755968217418506 -0.01659161706530642 0.20399717044959795
0.069154674 0.23460941237439364 0.780663737946257 0.001998130636754407 0.5791413822352713
0.06934053600000001 -0.5489874059542453 0.23316525272897815 -0.014626226816189922 0.8024636451110706
0.069523209 -0.8026045324073153 -0.5396281240061002 -0.017040479859628085 0.25291135572771134
0.069695245 0.28259781760398484 0.7915079899042147 0.003136755887924367 0.541775222441862
0.069875583 -0.5104832173191087 0.28039201995405527 -0.0139142948780649 0.8127169390662489
0.070065732 -0.8107476672875369 -0.5015782637833258 -0.017424436901242 0.30086987556158695
0.070238991 0.3295082367077317 0.7993256506493013 0.004265025896665044 0.5023434603143428
0.070427749 -0.4700269282608384 0.32654575093960164 -0.013148715163979089 0.819868798423776
0.070596042 -0.8157779095575363 -0.4616050657655386 -0.017742274418467527 0.34768769569406766
0.070770287 0.3751612083275032 0.8040863539394881 0.005378693997733576 0.46099697109649107
0.070954641 -0.42777310267271473 0.37145013487463446 -0.012332341967347777 0.8238918415664153
0.071124221 -0.8176825201468438 -0.41986622777578275 -0.017992842131197763 0.3931848529521964
0.07129673 0.4193818546931848 0.8057711065155347 0.0064735651208480014 0.4178940042321296
