0 -0.7067529998956005 0.00035399999994770805 0.0003529999999478558 0.7074602089259648
0.0008119140000000001 -0.6904594118490347 -0.1477952494994483 -0.15570952581122258 0.6907800682183686
0.001107436 -0.25328494888170167 0.6588725026294892 0.6579534799312271 0.26235944116996274
0.001353952 -0.6699498549454103 -0.22308647159167996 -0.2308935680048262 0.6693937809593761
0.001538405 -0.18624068527324478 0.6808591793747629 0.6808416828412382 0.195454776312563
0.001734436 -0.7012245717607145 -0.08271632671205585 -0.09064186516861833 0.7023007903287571
0.0019133770000000002 -0.6580392284654413 0.25579427065134686 0.24901176038104453 0.66298347101042
0.00208733 -0.28505619491118517 0.6457680713257359 0.6444174245261882 0.2940307563147712
0.0022359890000000003 -0.6957086031562101 -0.12066058646538212 -0.12858852571209245 0.6963445844072085
0.002377506 -0.10277216578397926 0.6983460031483706 0.6994334167594148 0.11203430139743507
0.0025128050000000003 -0.6746226322689823 -0.20851927026343084 -0.21635525351582408 0.6742363626113869
0.002667276 -0.5571252960204092 0.4335756122589212 0.42837629108160424 0.5640192529359983
0.002811769 -0.701725584003832 -0.07834389739679973 -0.08626756359545913 0.7028524748865278
0.002982081 -0.7034445854556836 -0.06096701475462806 -0.06887999982657472 0.7047727316663475
0.0031317750000000003 -0.5058936223392523 0.49236384685919804 0.48791780690302333 0.5134065419365687
0.003291618 -0.09031307680661403 -0.7005154870082437 -0.7028793008577444 0.08428971229548843
0.0034424480000000003 -0.6465490136955382 0.283567597428076 0.27697784000340653 0.6518033091808885
0.0035821100000000003 -0.4824590834894158 0.5153380142014714 0.5112305351331028 0.49020835287982134
0.0037184590000000003 -0.6137469261540014 -0.3492191807360964 -0.3565974510737039 0.6117184894503704
0.003879477 -0.3991792527786518 0.5822055851241058 0.5792789925148375 0.4075902149755283
0.004030257000000001 -0.6942105677509981 -0.1290106637620536 -0.13693577597205242 0.6947495570537827
0.004189202 -0.7060648188859393 -0.002359741972158561 -0.0101986393667977 0.7080701094141705
0.004343889 -0.5672004056494738 0.4203163188218595 0.4149662162856219 0.5739524670284659
0.004484364 -0.641430891362115 0.29495477848956814 0.2884492166850726 0.6468118340216102
0.0046304530000000005 -0.22190318250840305 -0.6704929100234092 -0.6741435938494168 0.21617727014377455
0.0047888720000000004 -0.2149241001334113 -0.6727648476122392 -0.676347054077735 0.20917395355315627
0.00497091 -0.06635874928181601 -0.7032053710432005 -0.7053363392605656 0.06031608517008499
0.005137509 -0.6997603757164907 -0.09432320411206704 -0.10225211819018339 0.7007020220845781
0.005274089 -0.05668144564606533 0.7035939689361009 0.7052829348280638 0.06591337106268169
0.005422473000000001 -0.42446228979021994 -0.5644038965391048 -0.5700341435758925 0.41993055921029493
0.005572906000000001 -0.6469155178997222 -0.2830528205533642 -0.2906975949863504 0.6456597853030613
0.0057091730000000005 -0.06966897496165551 -0.7028767535711796 -0.7050400405302722 0.06362837191173276
0.0058913820000000006 -0.6430429711970963 0.29142558740345154 0.28489360282921145 0.6483846932552308
0.006052653000000001 -0.5444505665776217 -0.44971800511090787 -0.4564832210215022 0.541249190753358
0.006193141 -0.15641632768035704 0.6883205813506484 0.6887001278153502 0.16566311114743648
0.006345535 -0.5175719845903455 0.48007836548470334 0.47546233301766727 0.5249571033979431
0.006501304 -0.04152693008853366 -0.7051356245683256 -0.707025050122179 0.03547531339842347
0.006642671 -0.574733499530513 0.4099607123143262 0.4044971750796155 0.5813742410302779
0.006791040000000001 -0.20705630600333433 0.6748228019230929 0.6745267354568824 0.21623704096143959
0.006950607 -0.7029553581816946 -0.06638260311003559 -0.07429947154014953 0.704220804209351
0.0071113850000000004 -0.6743467813555967 -0.20941034099882191 -0.21724467205019302 0.6739501270120059
0.007252740000000001 -0.14675217541587862 0.6904455559438979 0.6909532272090775 0.1560058174431417
0.007396482 0.012226680455511785 0.04820113254623887 -0.049671322486100684 0.9975270120622528
0.007538896000000001 -0.6730810175746079 -0.2134465946047096 -0.22127325475208773 0.6726373203171311
0.007670357000000001 -0.5793667517348118 0.40338977555802596 0.39785615013638015 0.5859366430960798
0.007837687000000001 -0.6780344286945643 -0.19713422155611005 -0.2049900145207865 0.6777808169920829
0.008014323 -0.6149409038167747 -0.3471112511681438 -0.354499541416075 0.6129370869134747
0.008162945000000001 -0.31082405219016096 -0.6341543990092673 -0.6386775470806698 0.30549783557774723
0.00831027 -0.6919089635770173 -0.1408459078496346 -0.14876491773291703 0.6923104134151661
0.008474474000000001 -0.6931355642300334 -0.13467303583747692 -0.1425955355948996 0.6936087593335372
0.008634332 -0.6885348801269318 0.15620851704301475 0.14886983798056175 0.6923558992416559
0.008770539 -0.7022583734894824 0.07309014953301352 0.06543356578086296 0.7051310304865291
0.00893477 -0.3323385481744376 -0.6231421640417854 -0.6278759924939964 0.3271361904501349
0.00910297 -0.6365662888684018 0.3053053354563967 0.2988790058494099 0.6420620937276209
0.009277073 -0.2121349302030008 -0.6736503595834886 -0.6772052039507354 0.20637537558054797
0.00944785 -0.6583212045981072 0.2550683144207867 0.24828099842967757 0.6632573219167347
0.009610214 -0.5028805062468582 0.4954395237086792 0.4910371995868929 0.5104252742349005
0.009769603 -0.6797530915613922 -0.19111914773804495 -0.19898443780761246 0.6795695469914267
0.009921175 -0.19978624335077785 0.6770102265382689 0.676811588596532 0.20897963324969457
0.01009428 -0.6938676696974344 -0.13084431069596925 -0.13876863828662633 0.6943853546782783
0.010248041000000001 -0.38664005929217776 -0.5909685653070441 -0.5962322503516954 0.38180344504055425
0.010411100000000001 -0.680930011332828 0.1865617602704525 0.17937139197856516 0.6850950787335923
0.010554597 -0.6684830430754213 -0.22744711456091227 -0.23524478222361223 0.6678761249569176
0.010711724 -0.6378359979288263 -0.3029686883751558 -0.31054336211643413 0.6363477274157556
0.010874328 -0.6808736371623703 -0.18708462457574448 -0.1949559118651449 0.6807370809048966
0.01104269 -0.11396320379248473 0.6966090534581711 0.6975494733569055 0.12322670190457799
0.011215826 -0.48125828694510486 -0.5168065763628351 -0.5229809930603468 0.4772767260596837
0.011369738 -0.6279299029970052 -0.32300939020805136 -0.3305048888490298 0.6262075882722417
0.011517237000000001 -0.4940525417511299 0.5042391960465558 0.49996463058360485 0.5016880860067238
0.011661505 -0.30840001815277257 0.6349558660723716 0.6332862144049716 0.31728637675640026
0.011833910000000001 -0.7050546964900897 -0.037973951431261144 -0.04586486420081389 0.7066488166445005
0.0120081 -0.2407591611096591 -0.663948653657263 -0.6677843986066822 0.2351037339430963
0.012167805 -0.1871878293106304 -0.6810128432390602 -0.6843230596437079 0.18135104195498603
0.012318448000000001 -0.0437764788205235 -0.7049999983714189 -0.7069112076309466 0.037725202651930016
0.012488810000000001 -0.6617054392068532 -0.24648211301046694 -0.2542343337525718 0.6608765081254091
0.012638566 -0.6741274003847634 0.20979778788267026 0.2027332331836849 0.6785548921207106
0.012787986000000001 -0.14259916647272894 -0.6917427386001846 -0.6946164864249786 0.1366545535238548
0.012956619 -0.11649743780274009 0.6961891231229492 0.6970962048693706 0.12576089736911594
0.013114013 -0.7058471951911032 0.01750840963488173 0.009707967712147119 0.7080814061778671
0.013281586000000001 -0.7051023952039992 0.03675966299667758 0.029002966713937286 0.707558079107712
0.013441452000000001 -0.6736626733910676 0.21128395071665096 0.20422781502748333 0.6781069197170471
0.013612141000000001 -0.6504242795961959 0.2745684157664129 0.267914272621326 0.6555782866097686
0.013774621 -0.6635204227673919 -0.2415506351312634 -0.249315305109997 0.6627490197668046
0.013984332 -0.11468829358482632 0.6964907724190923 0.6974216561637601 0.12395180844081492
0.014146009000000001 -0.5690180683687526 0.41785363366355344 0.4124762172449334 0.5757436952467133
0.014298044000000001 -0.6477449613743517 0.28082686170402665 0.27421729579822046 0.652968732066788
0.014453051000000001 -0.36359398436400564 -0.6054278137787364 -0.6104670300403765 0.35859241038326173
0.014593866 -0.3587339043542039 -0.6083216491801403 -0.6133134438569776 0.3536994209458779
0.014738074 -0.7059716682450196 0.011523075049212501 0.003710334125791717 0.7081369529495851
0.014898843 -0.6869167583789222 0.16317014707714192 0.15586390935913028 0.690816804639951
0.015076491000000001 -0.5833421590866337 -0.3979535928143797 -0.40506938642225865 0.5807446263390607
0.015232200000000001 -0.6552143959612553 -0.26326180377688935 -0.27096807186375693 0.6541896741345491
0.015373739 -0.7021513513668199 -0.07442407693376335 -0.08234578641540521 0.7033236587562331
0.015527601 -0.023567133202976952 -0.7061417837769386 -0.7078068370556214 0.017522311368365125
0.015677059 -0.6943335365519285 0.12803083303634757 0.12057018950826942 0.6978340143979841
0.015846579 -0.6113764184273663 -0.35335467288973005 -0.36071297547986686 0.6092996806456247
0.016018749000000002 -0.21913731704592887 -0.6714034892701284 -0.6750270269701506 0.2134016780952658
0.016202093 -0.27959754908217577 -0.6485383566301591 -0.652755282384858 0.2741110717269767
0.016336692 -0.43956934442940704 0.5523596380180023 0.5488642009967334 0.44769070129125565
0.016483077000000002 -0.6995615706772759 0.09547459746002127 0.08789128247743717 0.7026904440624148
0.016629701 -0.12644411157705382 0.6944534491764618 0.6952295054472367 0.1357063112642133
0.016773820000000002 -0.40156314563900725 -0.5809269159393194 -0.5863355358376195 0.3968415383713512
0.016945331 -0.2391429008888825 0.6641350890419903 0.6634072680888916 0.2482547241316332
0.017112046000000002 -0.6265701857433869 -0.32564054148529514 -0.33312498417851866 0.624817141155788
0.017259267000000002 -0.6403691444802605 -0.2975745151997595 -0.30516900735128855 0.6389438624165134
0.017392473000000002 -0.6931505747159671 0.13428021070863957 0.1268453360958395 0.6967222342799912
0.017549033000000002 -0.5229658511282029 -0.47454058858316234 -0.4811072703511827 0.5194753786656056
0.017692808 -0.7047938328774834 0.04224542140745782 0.034502364086718335 0.7073125629349345
0.017864902000000002 -0.02167230392381406 0.7056176963226062 0.707762019408978 0.03085656988691761
0.018051845 -0.28475549591693994 -0.6462886678084445 -0.650556198448958 0.2792939477543914
0.018208385 -0.6738837809854756 0.2105785579108615 0.20351841952596375 0.6783200755743001
0.018361055 -0.14490399914755897 -0.6912644103494274 -0.694160660400967 0.13896402057419813
0.018512973000000002 -0.25227844146691336 0.6592592828204246 0.6583538847986514 0.2613557463185253
0.018659755 -0.5386803983495414 -0.4566168046345344 -0.46332898459084515 0.5353986372603473
0.018822792 -0.55292927377511 -0.43924767301862266 -0.4460903957512111 0.5498499495096063
0.018996141 -0.12440821848374135 -0.6952557014742458 -0.6979517226219746 0.11843043953424362
0.019171068000000003 -0.6435291640011184 0.290351571551309 0.2838116016057368 0.6488589453538707
0.019340124 -0.5651755748757109 0.4230339904122114 0.4177142738003273 0.5719567799626878
0.019496746000000002 -0.679492270007547 0.19172797320360713 0.18456464067753786 0.6837157583969193
0.019643515 -0.601469441718908 0.36964532346724616 0.36377351135964064 0.6076730800461418
0.019804754 -0.0936290901890883 0.6996376135167673 0.7008448683010653 0.10288850557243917
0.019980788000000003 -0.5755856946366328 -0.4090966944837208 -0.41614367652541817 0.5728580973644977
0.020147154 -0.5302349230144401 -0.46640121269388746 -0.47303538055627103 0.5268392020073894
0.020294878000000002 -0.33363717849026997 -0.6224480749808325 -0.6271946052286302 0.32844265736547773
0.020434605 -0.0931094936641002 -0.7001560665047268 -0.7025469080656357 0.08708903184873822
0.020576913000000002 -0.5862822121572818 -0.39360773174742836 -0.40074943636176263 0.5837354139321034
0.020722581 -0.4649105348352487 0.5312165209651986 0.5273605610397359 0.47282086600718537
0.020902142000000002 -0.5182567386127593 -0.4796812123256266 -0.48620401726674256 0.514706449463401
0.021065292000000003 -0.6650741349329758 0.23691729371414486 0.23001357934779204 0.6698067676529884
0.021227428000000003 -0.5284990389124025 -0.46836812447559406 -0.474986203876962 0.5250804167376116
0.021376911000000002 -0.6703645324361485 -0.22183700001671944 -0.22964673317483894 0.6698230264582299
0.021526103 -0.16149405514234214 0.6871500330721383 0.6874621522149609 0.17073655422524522
0.021703738 -0.35560723698520036 -0.6101560573387831 -0.6151173274747784 0.35055191403582225
0.02187725 -0.35480701138561704 -0.6106219063169683 -0.615575363608041 0.34974639816211167
0.022038845 -0.2607554312113375 -0.6563474824193624 -0.6603794914329941 0.2551829039777865
0.022195476000000002 -0.2324559414901869 -0.6669050432900643 -0.6706592796726742 0.22676856166219836
0.022344431 -0.6560326257347638 -0.26121510649819246 -0.2689272806092223 0.6550317893273777
0.02251736 -0.3300635474519126 -0.6243512346257635 -0.6290627977423079 0.32484755158601664
0.022662632000000002 -0.06521649998951033 -0.7033248902036583 -0.7054444087608511 0.05917314725438638
0.022795724 -0.5676968951122034 -0.4199795651264093 -0.42695594159232786 0.5648423048771084
0.022969917000000003 -0.1975936954205423 -0.6780642734635692 -0.6814764851550783 0.19178761262220856
0.023118759000000003 -0.5284919316274572 0.46803628721034257 0.46326045103248303 0.5357509290231866
0.023287702 -0.6990541973086086 -0.09943048154079741 -0.10736014669473196 0.6999366026337759
0.023452348 -0.2337614207013055 -0.6664483591444414 -0.6702154059751046 0.22807896675443648
0.023595925 -0.04775039023542808 0.7042869740901023 0.7060921104022013 0.05697244730154404
0.023742033000000003 -0.4805187932347094 -0.5174949420838926 -0.5236623363536241 0.4765292514242655
0.023926529000000002 -0.2051984177791997 0.675391776081978 0.6751206178358766 0.2143825183131073
0.024072153000000002 -0.47687780907015875 -0.5208534058792487 -0.5269862026572502 0.4728493319865785
0.024241205000000002 -0.4320233815077336 0.5582791044256781 0.5548904564598478 0.44020301986917343
0.024389498000000003 -0.23777048706632206 -0.6650273934264875 -0.6688337874346224 0.232103385375808
0.024540758000000003 -0.2766428581703699 0.6494164022489334 0.6481803329346855 0.28564611337011614
0.024678138000000002 -0.7057610458799268 0.02067267457780399 0.012878981943954254 0.7080316835593558
0.024841357 -0.17404415105826102 0.6840804968855282 0.6842256623254445 0.18327378788937462
0.024998217000000003 -0.7051312698345142 0.03620751887686892 0.028449476582976616 0.7075806070204304
0.025152347000000002 -0.3374598527183224 0.6200074879251825 0.6179384120811384 0.34621792298015
0.025311473 -0.4359648264183198 0.5552080380641997 0.5517636422479898 0.44411427559755007
0.025466062 -0.3799711732025797 0.5949145312788027 0.5922562343062484 0.3885017539559202
0.025610839000000003 -0.6994999624879538 0.09592468596271425 0.08834293513254668 0.7026339820786462
0.02575681 -0.5556043694543432 -0.4358578735047557 -0.442724938799466 0.5525645713577791
0.025939543000000002 -0.35438146712304125 0.6104973747489431 0.6081944837482604 0.36305487118112145
0.026114605000000003 -0.31103957980668306 -0.6340495456315851 -0.6385747988099474 0.30571454177217655
0.026272861 -0.0842267077409171 -0.7012883068772342 -0.7035926474253292 0.07819740837546832
0.026434337000000002 -0.657908226855365 -0.25645182085955986 -0.2641774146593762 0.6569629749806544
0.026564745 -0.7026096188672085 -0.06995677123046093 -0.07787592957565087 0.7038336736545547
0.026715333 -0.23605227360216602 -0.6656396576534844 -0.669429188607093 0.23037855160846255
0.026897746 -0.11591772552045916 0.6962897816963834 0.6972044935599128 0.12518126852027034
0.027078968000000002 -0.5173734140203498 -0.4806342325647173 -0.4871487939958191 0.5138120377948487
0.027234919000000003 -0.3457909363091145 0.6154018228026137 0.6132177481266735 0.3545082661619159
0.027380643000000003 -0.6804961576278153 -0.18845469030363055 -0.19632397590317427 0.6803436460004988
0.027510992 -0.6377201910027199 -0.30321288388105766 -0.3107866471946958 0.6362290694347937
0.027665715 -0.4957648296133376 0.5025569559184042 0.4982576466036964 0.5033830615356767
0.027822051 -0.2189134150877206 0.6710731853605497 0.6706179000481907 0.22807121214576018
0.027999605 -0.34841733345433407 -0.6142923672035756 -0.6191834114188703 0.3433150786607575
0.028165612000000003 -0.11564046513318704 0.6963367251852097 0.6972550854313374 0.12490402843923375
0.028308157 -0.27314762438333356 -0.6512839513513692 -0.6554375800735217 0.2676308056775111
0.028444601000000003 -0.5672235518044039 -0.4206190844374295 -0.42759120563093383 0.5643615005752005
0.028587088 -0.6321103374597349 -0.3147462430387419 -0.32227545986670075 0.6304845283366328
0.028727548000000002 -0.6697722247347552 0.2233012165779276 0.2163148255948802 0.6743518138754031
0.028898661000000003 -0.29117567868345506 0.64303396858157 0.6415998498686436 0.3001283686452788
0.029081631 -0.6600644446774786 -0.25084630797413116 -0.25858711452560673 0.659184597879061
0.029246766 -0.5134929671254495 0.4844370520301378 0.47988049748991607 0.5209235325819898
0.029408052 -0.06926896401598527 0.7024715267436278 0.7039968679261207 0.07851320696105604
0.029553313 -0.5197591371354666 0.477711005297773 0.4730630337428025 0.5271195268052897
0.029700007 -0.6688280430084315 0.22611117019342183 0.2191415215627544 0.6734392427000304
0.029855498 -0.36790089783349444 -0.6028191017558528 -0.6079003185300442 0.3629290233563762
0.030011006000000003 -0.12339431311441695 -0.6954365371852459 -0.6981226680756609 0.11741486969808683
0.030176635 -0.32762883260299996 0.6252555579849413 0.6233219022156159 0.3364326687985182
0.030334225000000003 -0.5249212087208929 -0.472375935769465 -0.47896080059791774 0.5214559306328809
0.030481386000000003 -0.5177432426064688 0.47989407424685815 0.4752755419628343 0.5251264382163434
0.030621836000000003 -0.3189494951807704 0.6297254410452351 0.6279110890573589 0.3277917141492527
0.030784713000000002 -0.43563188314611556 -0.5558247545675967 -0.5615627038604774 0.4311990081948885
0.030954541000000002 -0.41541142807085824 -0.5711018531892862 -0.5766446236996147 0.41080264111235637
0.03112213 -0.6359355157647976 0.30661647812184223 0.3002003703024068 0.64144585302747
0.031274397 -0.20125767450877247 -0.676984689940254 -0.6804328287302651 0.1954629145151585
0.031427898 -0.3139668862477363 0.6322233611106312 0.6304773940135199 0.32283029507829747
0.031573757 -0.49877400611713657 -0.49991639403867516 -0.5062564906984828 0.494988477674554
0.031715318 -0.24814510527286782 0.66082566874828 0.6599762005289128 0.2572336759803807
0.031892311 -0.005101984116392148 0.705997804860565 0.7085552522369064 0.014295000515976685
0.032054867 -0.17548870595367042 -0.6841274415208881 -0.6873229998840525 0.16961991162824558
0.032215607 -0.47440592302052564 0.522757824467247 0.5187659699901873 0.48223070690218717
0.032387286 -0.5886205634271533 -0.39010058302599276 -0.39726282468217805 0.5861147107801267
0.032526643 -0.6142807163703573 -0.3482791057189525 -0.35566185873716555 0.6122632597363684
0.032681417000000004 -0.4157007933214149 -0.570891171229329 -0.576436740952321 0.41109442849484223
0.032840965 -0.6380067643632008 -0.3026090498320811 -0.31018506554724196 0.6365226939275557
0.033017888 -0.42683002830762934 -0.5626150911561115 -0.5682681909652002 0.42231889718383087
0.033173541 -0.3378543796547519 0.6197922957861369 0.6177177799221227 0.34661055593475265
0.03333398 -0.3379509865041238 -0.6201148566987214 -0.6249035875132563 0.3327828208299786
0.033483428 -0.619125676464705 -0.33958759024923524 -0.34701079151808895 0.6172097349194525
0.033630006000000004 -0.3373881203090845 -0.6204214832253477 -0.625204708660065 0.3322164891477883
0.033771858 -0.6545747208727095 -0.26484927128303526 -0.27255090115142344 0.6535314724889749
0.033946741 -0.669901171588317 -0.22323310407544666 -0.23103989046558293 0.6693433883646933
0.034106865 -0.6815916598358684 0.18413240595116334 0.1769295051017479 0.6857292415633548
0.034267338 -0.6349294805476676 0.30869300449979853 0.30229317547573376 0.6404628245900513
0.034425679 -0.5973197046230762 0.3763104635922807 0.37050267555021377 0.6035959866646985
0.034577372 -0.12287780255259606 -0.6955279001695454 -0.6982089961149979 0.1168975193812446
0.034726316 -0.29888661307775 -0.6398717472932944 -0.6442778748359352 0.29349646326758655
0.034900279 -0.6381655419831336 -0.3022737797412208 -0.309851042380976 0.636685386464394
0.035064421000000005 -0.5858179015029452 -0.3942985936019522 -0.4014362128494711 0.5832630375309601
0.035227309000000005 -0.6479684830976219 0.2803111914375805 0.2736979175105543 0.6531865088446618
0.035375128 -0.6402349611573134 0.2975403216805933 0.2910543070106684 0.6456446195789519
0.035528497 -0.6542208871168769 0.26540162713076915 0.2586838122871798 0.6592725627941941
0.03567853 -0.5741099162955051 0.4108333559034279 0.4053792327612876 0.5807600551316036
0.035839259000000005 -0.1262509548943185 -0.6949222506651909 -0.6976362646068414 0.12027625426181579
0.036006296 -0.44009942846655725 0.5519376117870731 0.5484346636470202 0.44821661611112285
0.03618345 -0.5666125037885162 0.42110824766644156 0.41576697200851037 0.5733730608475885
0.036328522 -0.39803686996876975 0.5829868950158781 0.5800762971862157 0.40645525771692137
0.036478764000000004 -0.4247032611113046 0.5638650854606869 0.5605797978535507 0.432937538644305
0.03664042 -0.5863755752454272 -0.3934683794357724 -0.4006109054244609 0.583830403541696
0.036791225000000004 -0.7056936552059888 0.022839793152419234 0.015050824698201222 0.7079892347374935
0.036959918 -0.6934443241061339 -0.1330725936404171 -0.14099588941927968 0.6939361175297692
0.03712987 -0.5069087769129417 0.49131929165947386 0.48685851027086696 0.5144108669529874
0.037292625 -0.5807698401840856 0.4013683676795413 0.3958134670265454 0.5873179040096415
0.037446323000000004 0.01301702973312955 0.05457225861906447 -0.04283507474459807 0.9975058747178133
0.037594583 -0.4746064995878066 -0.5229245028097527 -0.5290356939798864 0.4705540188213817
0.03774901 -0.20490712996637192 0.6754792888752653 0.6752120374365911 0.2140917333601891
0.037915765000000004 -0.36482230585526093 -0.6046881568817354 -0.6097393534274579 0.35982914987946274
0.038086025 -0.6413272530459431 -0.2955029395184186 -0.3031048773711558 0.6399261599851965
0.038232765 -0.6896453163745707 -0.15155300940335184 -0.15946437145610953 0.6899222751646424
0.038387719 -0.08376150102664201 -0.7013399564580783 -0.7036398764993371 0.0777317945135788
0.038540181 -0.6252401084588091 -0.3281883693816042 -0.3356619568474527 0.6234573066730347
0.038691764000000003 -0.6712271083511481 0.21889253243468593 0.21188020715040884 0.6757570740422667
0.038863203000000006 -0.05111098603930385 0.704042187520502 0.7058036427292234 0.06033697637234277
0.039041192 -0.7057053656658983 -0.022793761277567152 -0.030665154765512487 0.70747486713094
0.039202092 -0.6093745342958187 -0.3567976389135183 -0.3641390040566974 0.6072575847318376
0.039350485000000004 -0.11157049712136849 0.6969997634604905 0.6979716455543056 0.12083396957187707
0.039515488 -0.7049805732400813 0.03901931623536048 0.031268173691236974 0.7074622304201024
0.039660581 -0.5517270895575189 -0.44075747130135007 -0.44758923632498915 0.5486301627225777
0.039829627 -0.41009977534470865 -0.5749296350608215 -0.5804209932333477 0.40544700238996045
0.040004513000000005 -0.23586242808696511 0.6653069260163007 0.6646233774316241 0.2449822957364658
0.040179123000000004 -0.049282449859881484 -0.7046588132126094 -0.7066224625565193 0.04323238059003082
0.040335879000000005 -0.6290806257448983 -0.320761634932711 -0.32826645680092714 0.6273845632869904
0.040489265 -0.2524421441241091 0.6591968842448077 0.6582892695156394 0.26151899884079327
0.040627125 -0.6641029138533026 -0.23994377761940935 -0.24771240224041358 0.6633502543820772
0.040772806 -0.12445143845943732 0.6948143038331479 0.69561663212387 0.13371406503840347
0.040950864000000003 -0.6338527320136164 -0.31122050822025016 -0.3187636506491395 0.6322680979608483
0.041116061 -0.20630734797126787 -0.6754608700918441 -0.6789585379663927 0.20052863493431508
0.041274623 -0.5994951103352094 0.37283697008310906 0.3669956521497028 0.6057335521580515
0.04142796 -0.691473886300709 0.1426533281866268 0.13525411832427395 0.6951408377148697
0.04157269 -0.3627410526899892 -0.6059396439083036 -0.6109705388328542 0.35773365579083194
0.041719729000000004 -0.6987116837738241 -0.10181304419217958 -0.1097429049628834 0.6995664473106353
0.04189918 -0.6637998950033999 0.24046167218525316 0.23358012608103615 0.6685723111733969
0.042079281 -0.5447415653358582 -0.4493657685405548 -0.456133652354832 0.5415442955152721
0.042244891 -0.705188373439328 0.0350809380127824 0.027320171085922117 0.7076247587763975
0.042410552000000004 -0.6458098182510835 -0.2855682341764821 -0.2932046167745197 0.6445247194785947
0.042563209000000005 -0.5521753674094583 0.43985936938185216 0.4347337652777854 0.5591363067035353
0.042698230000000004 -0.7037145215334111 0.05744572080466613 0.049743194667374785 0.7064077886090804
0.042883684000000005 -0.6725439131839195 0.21481585501769598 0.207779907330595 0.6770279627202327
0.043059449 -0.5794220589884848 -0.403642374688355 -0.41072347058685343 0.5767581215664609
0.043230912 -0.5215132413883478 -0.47613721863038494 -0.48269037852507196 0.5180041882818784
0.043380943000000005 -0.5068306287829837 -0.4917432262457499 -0.4981590961410793 0.5031400701352778
0.043525374000000006 -0.5539119303370015 0.4376716591161826 0.43252021920601175 0.5608495697341486
0.043680133 -0.4171089222879602 -0.5698626634355809 -0.5754218527856414 0.41251438327377526
0.043842178 -0.294018478708333 0.6417396583838197 0.6402667264193883 0.3029607059858113
0.044019796 -0.420300926482527 -0.5675114013782322 -0.5731014491155199 0.41573343255930645
0.044192737 -0.7040329924556812 -0.0537281673066255 -0.06163517882174248 0.7054449161102126
0.044374355000000004 -0.35351642708596287 0.6109982283097604 0.6087073132855255 0.3621943400777813
0.044522572 -0.3134814726812583 -0.6328447089528845 -0.6373938915168796 0.3081699424120642
0.044681194 -0.35360509190922806 -0.611318902154951 -0.6162606238872955 0.3485365652289147
0.044854002000000004 -0.4433595546725699 -0.5496778001125279 -0.5554900904232432 0.4389976050062858
0.045025132 -0.49038046089357196 -0.5081557501090225 -0.5144166053705573 0.4864992635712547
0.045188574 -0.70601423104399 -0.008895443936550604 -0.016745512236703095 0.7079441432939698
0.045339895000000005 -0.11075202060495562 0.697128897910594 0.6981115363401037 0.1200154153185624
0.045485564000000006 -0.6084352206262789 -0.35839764281577696 -0.365731037866961 0.6062995838149662
0.045619081000000006 -0.15598949638528117 0.688419273059624 0.6888044818004847 0.1652366509640651
0.045783135 -0.700291779168881 -0.09028697295885253 -0.09821497695280401 0.7012802321906013
0.045972095000000004 -0.27175776452110184 -0.6518649751346249 -0.6560049697629425 0.266234533825479
0.046159468 -0.40266673020430005 0.5798001939708218 0.5768247413258124 0.4110547772276909
0.046328474 -0.629890657037836 -0.31916720040751134 -0.326678566434221 0.6282132160328167
0.046466943000000004 -0.4912503301074217 0.5069685696773024 0.5027344604704519 0.49891392351423486
0.04661523 -0.6778603791446344 -0.19773263512818068 -0.20558744759800182 0.6775997962470486
0.046793737 -0.3548789926759831 -0.6105797943810052 -0.615533956170064 0.3498188566863984
0.046975222000000004 -0.20402721682388966 0.6757452803705214 0.675489823978128 0.21321336695020704
0.047148772000000005 -0.048567655871969186 0.7042180967383479 0.706012491009296 0.05779047772431711
0.04731283 -0.6343780881812973 0.30982384918744793 0.3034329301918228 0.639923957033542
0.047469041000000003 -0.5306604585872369 0.4655772340807305 0.46076955955518906 0.5378936031208722
0.047610673000000006 -0.4281421903443114 0.5612595339563701 0.5579257168755375 0.4363510257942086
0.047758046000000005 -0.6438165155146102 -0.2900365900178234 -0.29765773743575835 0.6424792476485505
0.047937067 -0.6514423879336467 0.27214575313494405 0.2654745958237197 0.6565693670972228
0.048129092000000005 -0.6234135571606941 0.33132124324504175 0.32510585748929915 0.6291969191972558
0.048292408 -0.7023504694968882 0.07220299585321079 0.06454369010615248 0.7052129609934611
0.048458783000000005 -0.13595987081385832 -0.6930850515643282 -0.6958938579847884 0.13000242030925713
0.048608877 -0.3265380862989293 0.625826009226795 0.6239073586082501 0.3353468546907875
0.048754006 -0.04284059891381305 -0.7051226351551148 -0.707021541419042 0.036789198968728766
0.048942557000000005 -0.6920865531899377 0.13965471808245875 0.13224258419872956 0.6957193892178292
0.049124433 -0.6043487486670379 -0.36524961102510933 -0.3725481682737773 0.6021330877602549
0.049280153 -0.4082800515513893 -0.5762241908589859 -0.5816979217251128 0.4036124125054959
0.049444468000000005 -0.7039172848068334 -0.055228450952236365 -0.06313677501975808 0.7053118485048389
0.049608305000000005 -0.0930908720684867 0.6997119220957193 0.7009262292181188 0.10235011468674272
0.049773119000000005 -0.021914392404075535 0.705660979027537 0.7078038891931342 0.03110027630679619
0.049958299000000005 -0.48558786535653753 -0.5127394854056555 -0.5189549663892885 0.4816534789556766
0.050125417000000005 -0.643212688583477 0.29105173147683017 0.2845169609434471 0.6485502550634193
0.050299566000000004 -0.5779517554307141 -0.40574599866880423 -0.41281403794320665 0.5752632652280242
0.050458515 -0.7007224163677706 0.08656196023857826 0.07894840093294374 0.7037493413262254
0.050610805 -0.022583367495100867 -0.7064061143806063 -0.7079515705189031 0.016553412812900483
0.050775282000000005 -0.465055485312968 0.531089793412636 0.5272317623387698 0.47296453959653334
0.050953737000000006 -0.26606770589217277 -0.6542107826344009 -0.6582949265352049 0.2605186455144992
0.051138732000000006 -0.40309727243609517 0.5795014012611204 0.5765199129175518 0.41148246847559183
0.051313548 -0.47166687948277425 0.5252295345441719 0.5212769277469287 0.4795167225997067
0.051463486 -0.6266500345156881 0.3251620874341464 0.3188951970340883 0.6323654732969514
0.051632483 -0.5031828183646514 -0.4954768748952602 -0.5018584727728295 0.4994488680317348
0.051797302 -0.7055181171699152 0.027711873065014506 0.019933817909137123 0.7078697555913617
0.051982234 -0.585652349539437 0.39421374231583567 0.3885846163641299 0.5921230357111543
0.052152176 -0.7018821836506598 -0.07692629581637977 -0.08484928546403636 0.703025500750255
0.052320507 -0.2269150344048223 0.6684101185389099 0.6678471708703183 0.23605567003194997
0.052480154 -0.6867712150880754 0.16378101779486612 0.15647767109211005 0.6906781925526688
0.052632899000000004 -0.6122145458997736 0.35157299549121535 0.34553408308887484 0.6182205231843648
0.052785582000000004 -0.5372483684358983 -0.45830147794486376 -0.46500046167623 0.5339469813773561
0.052946847000000005 -0.4909198655543978 -0.5076342983987078 -0.5139002552182207 0.4870447202966885
0.053134193 0.011713918383434552 0.04302049039898821 -0.0552148317322537 0.9974786382902451
0.053298990000000004 -0.6884265985876811 0.15668477779559617 0.14934828797406366 0.6922530264340213
0.053477345 -0.4751052818260156 0.5221224099404326 0.5181205281986463 0.4829236152531174
0.053646302 -0.33304524363576793 0.6223885066236402 0.6203802794086404 0.341824166042713
0.053815076 -0.5281414325039712 0.4684315029168153 0.4636608094772142 0.5354045817177401
0.053987378 -0.6668273781875513 0.23194035171288918 0.2250059636469704 0.6715041087899891
0.05415198500000001 -0.26112901941118144 -0.6561982468076192 -0.660233927983829 0.25555812656844096
0.054314743000000006 -0.6787005017724987 -0.1948271021701267 -0.20268661712243513 0.6784737666025717
0.054485413 -0.698549949799635 -0.1029181520889653 -0.11084806977098412 0.6993918908957567
0.054641775000000004 -0.6341150537083653 0.310361486225634 0.30397481462569564 0.63966687611632
0.054798947 -0.6516090851756128 -0.2720680016091398 -0.279747896036512 0.6504815831018189
0.054981307 -0.39695376552777095 0.5837246174003866 0.5808291798651195 0.4053791562903997
0.055174895 -0.37230568791957175 0.5997390691064716 0.5971874726512423 0.3808809755684021
0.055337908000000005 -0.17652725373880557 -0.6838590052141889 -0.687064747342753 0.17066119646245165
0.055489781 -0.03910375160117141 0.7048154936089517 0.7067325905750931 0.04831419798677356
0.055650716 -0.5483841167201153 0.4445747617561119 0.439505466985068 0.555395202996408
0.055826484 -0.662266124217046 0.24465098988439604 0.23779599515200522 0.6670855327025782
0.056000397 -0.49318359779988363 -0.5054344571944566 -0.511721808960369 0.4893339895191427
0.05616846700000001 -0.7042092928444075 -0.05135818323227569 -0.05926304367815729 0.7056486367644882
0.056339903000000004 -0.6994697211001105 0.09614412171002433 0.08856313596098199 0.7026062493229023
0.056515304 -0.704309957132147 -0.0499544346320223 -0.05785797597523745 0.7057655403086421
0.056677347 -0.319589499933284 0.629400893118775 0.6275777520108785 0.3284289510501652
0.056869457000000005 -0.662827761975119 -0.24344616365996366 -0.2512061050957974 0.6620342476384787
0.057037109 -0.7052035248797615 0.034776480638944104 0.02701498082621999 0.7076364098629542
0.057211044 -0.09675369297561423 0.699210797632142 0.7003771252111952 0.10601423004461791
0.057350120000000004 -0.08797587790113418 -0.7008207815344136 -0.703161706561969 0.08195014552434987
0.057508036000000005 -0.6785604764611147 -0.19531478366144125 -0.20317352061472382 0.6783280604504158
0.057670391 -0.6471298603092096 -0.2825625992197463 -0.29020899559894264 0.6458798512826681
0.05783908200000001 -0.5555823932125145 0.4355502924161251 0.43037397367768515 0.5624974188220813
0.058023332000000004 -0.4599376226516407 -0.5358773298488231 -0.5418485666624915 0.4557351647724939
0.058187967 -0.16354095049473852 -0.6870868794628435 -0.690165435352202 0.15764221493199068
0.058356519 -0.6548447316257003 0.26385982831586247 0.25713149080717274 0.6598791789743343
0.058520999000000004 -0.69432494562176 0.12807774562735785 0.12061729195895464 0.6978259581879969
0.058691035 -0.12755941848874344 -0.6946823869718219 -0.6974091791348214 0.12158694223175072
0.058868584 -0.5661857432507801 0.4216816076374614 0.41634673715795883 0.5729524495144896
0.059048179000000006 -0.19705532030947412 -0.6782212143613376 -0.6816281459840758 0.1912475954995085
0.059230409000000005 -0.5072504885201259 0.4909667754577601 0.486501030431964 0.5147489224138614
0.05938954900000001 -0.584083102666579 0.3965338875770121 0.39092865069423244 0.5905789014878771
0.059566585000000005 -0.4268884960389997 0.5622133358834744 0.5588972162922194 0.43510665442533325
0.059721654000000006 -0.6513381979501376 0.27239491978135005 0.2657255057151348 0.6564679575271909
0.059897818000000005 -0.45904127553314045 -0.5366455179907577 -0.5426081814981331 0.45482993065208194
0.060070069000000004 -0.6537247096230236 -0.2669417149109636 -0.2746371534034204 0.6526570404564906
0.060235697000000005 -0.6434608380453499 -0.2908252252272541 -0.29844364013330943 0.6421143623137312
0.060400655000000004 -0.6244442088852581 0.32937562047917623 0.32314385928945333 0.6302061250211254
0.060562743 -0.26434433097918325 -0.6549085685552711 -0.6589758076067082 0.25878759629406295
0.060707356000000004 -0.6862184224884017 -0.1663960754177059 -0.17429346031174414 0.6863227081997012
0.060896585 -0.10731104554824977 -0.6981055250588171 -0.7006348334446479 0.10130773179887659
0.061090636000000004 -0.041832617809705576 0.7046563272571099 0.7065380585048924 0.05104680102247587
0.061266204000000005 -0.32030229057965937 -0.629417927313872 -0.6340339240413183 0.31502924349754413
0.061445002000000006 -0.21094710642446454 -0.6740248401431257 -0.677568018489154 0.20518358529467823
0.06161838 -0.20597668911656863 -0.6755621410966482 -0.6790565627992833 0.20019690828701478
0.061771857000000006 -0.3524362370275667 -0.6119938586112553 -0.616924165168388 0.34736004999777736
0.061968955000000006 -0.6968016323110421 0.11385590698106754 0.1063394803666703 0.700140472170161
0.062153636000000005 -0.6082217520729849 0.3584323652967484 0.3524557801247123 0.6143028669190588
0.062331791000000004 -0.4541869978693493 -0.5407616993546313 -0.5466778891342311 0.4499280525388786
0.062498183000000006 -0.3335481715607233 0.622119139513309 0.6201039836644892 0.34232474147884223
0.062672644 -0.6661148156291022 -0.23429666059915374 -0.24207878219887172 0.6654280209844176
0.062846236 -0.0376739587861641 -0.705388524838125 -0.7072383634648811 0.03162205291784362
0.06301896 -0.6717948895340166 -0.21746344948786236 -0.22528217130880623 0.6713043697499024
0.063187907 -0.7003125408926696 -0.09012515771247187 -0.09805311886442152 0.7013028700736113
0.06337408500000001 -0.5197444829561974 0.4777266756849939 0.4730789183417005 0.5271050357888347
0.06354148600000001 -0.46461363036469033 -0.5318260807733903 -0.5378420073552617 0.4604580522794105
0.06370031500000001 -0.5512973554210818 0.44095855939945816 0.43584600744453716 0.5582699929362193
0.063869707 -0.3451731323626749 -0.6161211627123989 -0.6209805098705267 0.3400501521226238
0.06405590600000001 -0.3759229067854007 -0.5978462532837105 -0.603005643237528 0.3710077235363749
0.064241105 -0.7021777793435622 -0.07417272448786959 -0.08209429827577443 0.7033529983170549
0.064401336 -0.6441497904478738 -0.2892948537745792 -0.2969185576619544 0.6428211822323259
0.06456753400000001 -0.4071230226208649 0.5766807118798857 0.5736427591321144 0.41548122792623177
0.064734374 -0.5934956159849455 -0.3826392777334414 -0.3898441223551901 0.5910768806804428
0.064916502 -0.5500482731448841 -0.44285121434967206 -0.4496676600278243 0.5469269361628685
0.065094126 -0.6367021303355769 -0.305345373363197 -0.31291111594044135 0.6351861056526168
0.06527279200000001 -0.5858375433255966 -0.3942689731709615 -0.4014067656745759 0.5832830243585784
0.065438232 -0.4488980617719137 -0.5451615905780723 -0.5510270698536235 0.4445882665800386
0.065606565 -0.6955281835492926 -0.1216972816543265 -0.12962493555047352 0.6961521248004475
0.065760438 -0.6411013450052967 -0.29599250988591497 -0.303592694572571 0.6396945348590344
0.065963187 -0.48655215872315044 0.5114768124851297 0.5073104308050176 0.49426196456174787
0.066144282 -0.5105777711626863 -0.4878493959404766 -0.4943004069631503 0.5069324787794811
0.066322438 0.011683570027572848 0.042677120737512536 -0.055584474708274254 0.9974730994114518
0.066503404 -0.5312061653690219 -0.4652937290352842 -0.4719368918204387 0.5278233389581274
0.066674042 -0.21028121457926108 0.6738247030909611 0.6734853727191731 0.21945598297281296
0.06685287200000001 -0.6791388937198455 0.19297414710050192 0.1858174184399737 0.6833764673705617
0.067029746 -0.3463808186932744 0.6150691846771286 0.6128769610573934 0.35509518168001786
0.067211912 -0.13012515593353363 -0.6941990788534849 -0.6969510251781054 0.12415716144429216
0.067368259 -0.616383689448634 -0.34454130003258804 -0.3519416636882885 0.6144098886658547
0.067532192 -0.6930074342041453 -0.13533112451472037 -0.14325328332475296 0.6934729812717263
0.067710175 -0.48425994776005915 -0.5139936416519543 -0.5201965370877549 0.48031101063442083
0.067909652 -0.4149097986840374 0.571106371170082 0.5679590202464596 0.4232143553542011
0.068085029 -0.7059951043056867 0.009999302495567389 0.002183530440714127 0.7081428359705325
0.068259631 -0.7029946073162864 -0.06596397364942869 -0.07388055907544068 0.7042649006511162
0.068441785 -0.39024139622642 0.5882307567543655 0.5854291763989653 0.3987093820298466
0.06860153100000001 -0.7019682230437689 0.07581961159030098 0.06817148615610581 0.7048721512463298
0.068781308 -0.05616076814014429 -0.7040917334621838 -0.7061240220168672 0.05011307554024217
0.06897101700000001 -0.502446208516727 -0.49622355601344387 -0.5025982275067978 0.49870358049509916
0.069154674 -0.7056684262067807 0.023596818936804646 0.015809521171845285 0.707972717183407
0.06934053600000001 -0.4055900761601094 0.5777591470553421 0.5747427034679814 0.4139586115324718
0.069523209 -0.6159028492392445 -0.3454004022827424 -0.3527967465061316 0.613919014138295
0.069695245 -0.21931159276479478 0.6709401683758204 0.6704795363589003 0.22846852146772886
0.069875583 -0.3558669553834997 0.609631762274999 0.6073083033153395 0.3645325457031677
0.070065732 -0.6336199011148699 -0.3116937847901059 -0.3192350708400346 0.6320297389720511
0.070238991 -0.62454100821029 -0.3295166500819307 -0.33698451638862087 0.6227426914955023
0.070427749 -0.05103694871821567 0.7040030461448247 0.7057650082738807 0.060261992905060964
0.070596042 -0.7030582925423638 -0.06527923480407767 -0.07319535116256272 0.7043365142834419
0.070770287 -0.23871787718455975 -0.6646843525996858 -0.6685000785607456 0.2330544739063592
0.070954641 -0.03402012093447085 0.705030268919055 0.7070122146142039 0.04322212516570433
0.071124221 -0.4170704033658952 -0.5698899888672477 -0.5754488098724282 0.4124755473317189
0.07129673 -0.2479362015383635 0.6609022244989065 0.6600555860870061 0.2570253044179427
