0 -0.7067529998956005 0.00035399999994770805 0.0003529999999478558 0.7074602089259648
0.0008119140000000001 -0.8559703614767589 -0.004980378861312371 -0.0024089408322846948 0.5169959898477062
0.001107436 0.3776443842552162 -0.0031044483326090303 0.004733585514855263 0.9259335311291959
0.001353952 -0.9077882956855146 -0.004666621065046939 -0.0029493340390108723 0.41939365650038885
0.001538405 0.4682072081931612 -0.002611637514395378 0.005032609926403312 0.8836006390577074
0.001734436 -0.8039927423267038 -0.005196382095808845 -0.0019264377363653316 0.5946137206742251
0.0019133770000000002 -0.4312112812786361 -0.005531049882161784 0.0007946101999754129 0.9022338101533911
0.00208733 0.33212328115261647 -0.0033325122548356753 0.0045704748358641285 0.9432191374922776
0.0022359890000000003 -0.8350836126724782 -0.005076476359963814 -0.002209429546034345 0.5500957349530241
0.002377506 0.5713629571110922 -0.0019779460697541998 0.005325790320541653 0.8206779595106483
0.0025128050000000003 -0.8984899903395108 -0.004732906922652967 -0.0028463553719957346 0.4389602785508193
0.002667276 -0.1546242154198829 -0.005082344887643699 0.002382970936834659 0.9879574903617
0.002811769 -0.8002710616565092 -0.005209130554368742 -0.0018935341962024405 0.5996132083512039
0.002982081 -0.7851993300578022 -0.0052576344039732955 -0.001762177932543251 0.6192185115349685
0.0031317750000000003 -0.044711604371959854 -0.004791031342929868 0.0029431715372917736 0.9989841637469309
0.003291618 0.7722237396701579 -0.00043481160305765645 0.005691948699527262 0.6353253151987069
0.0034424480000000003 -0.3924182569207599 -0.0054951296397054055 0.0010342457490858724 0.9197699657780375
0.0035821100000000003 0.0017677154619223133 -0.004649848468017928 0.0031686629912427585 0.9999826728480697
0.0037184590000000003 -0.9720485112339528 -0.003968195413360486 -0.0038050964053010293 0.23472030133454258
0.003879477 0.15261839599540852 -0.004118157013074626 0.003853655018081012 0.988269177187382
0.004030257000000001 -0.8416320040247677 -0.005047833994248583 -0.002271082517260199 0.5400235986660935
0.004189202 -0.7310862322650464 -0.005395978864696652 -0.001312298555694277 0.6822627216294184
0.004343889 -0.17788568590050838 -0.005136199747879879 0.002259487883043237 0.9840352158516023
0.004484364 -0.3760923597827265 -0.0054771499633636134 0.0011333162103570906 0.926565365756913
0.0046304530000000005 0.8789601851607494 0.0006803485267482619 0.0056889606832403634 0.47686137187770344
0.0047888720000000004 0.8739580108511028 0.0006198164794559771 0.005694676223839549 0.485968179187405
0.00497091 0.7501004054115752 -0.0006321364643030688 0.005669850827515968 0.6612995307307662
0.005137509 -0.8137333868306987 -0.005161473737518475 -0.0020134894799863938 0.5812121024728932
0.005274089 0.6240409925791985 -0.0016190324866658988 0.005452233983721965 0.7813709490005789
0.005422473000000001 0.985238547204774 0.002519035977677736 0.005191950862438818 0.17109214455328692
0.005572906000000001 -0.942142914564278 -0.004363697350648383 -0.0033646430855415843 0.33516674258531004
0.0057091730000000005 0.7532046667353721 -0.0006049732970600514 0.005673302601159425 0.6577615321264056
0.0058913820000000006 -0.38117879253433484 -0.0054829290789016666 0.0011025605812326237 0.9244844446716869
0.006052653000000001 -0.9979514914408039 -0.003218321877666636 -0.004429566423992245 0.06382742570462187
0.006193141 0.5062435735628321 -0.002387685675906507 0.005147093994223337 0.8623719038518894
0.006345535 -0.06868506424297605 -0.004859694028557364 0.0028242263981382706 0.9976225881620361
0.006501304 0.7263254185213849 -0.0008349132792846962 0.005639898302682981 0.6873274525068513
0.006642671 -0.1957061211045846 -0.005175574371669563 0.0021637026512589526 0.9806465842115729
0.006791040000000001 0.4408555725116029 -0.0027662536307089284 0.004946074662188048 0.897560238800019
0.006950607 -0.7899444227004706 -0.005242887136332507 -0.0018032159990807593 0.6131535154975976
0.0071113850000000004 -0.8990688515231191 -0.004728930716182171 -0.0028526759064363646 0.43777308652911257
0.007252740000000001 0.5182839439876146 -0.0023145198286879595 0.005181841019246949 0.8551898602377431
0.007396482 0.6914308387605965 -0.0011172304859028005 0.005585729040110188 0.7224203174295268
0.007538896000000001 -0.9016750833470902 -0.004710793457221056 -0.00288127415072777 0.43237964425522246
0.007670357000000001 -0.2068622523674278 -0.005199384435242757 0.002103210030405038 0.9783540499840345
0.007837687000000001 -0.8909745468373783 -0.004782810299305713 -0.0027653306551902535 0.45401996243860226
0.008014323 -0.9712365725907911 -0.00398187753216068 -0.003791378746427207 0.23805357052445575
0.008162945000000001 0.9355305630284532 0.001466650564986486 0.00555539973055131 0.35319920811995953
0.00831027 -0.8507293775327609 -0.005005823359998238 -0.002358074793445252 0.5255749977741099
0.008474474000000001 -0.8460114526596721 -0.0050279422918655635 -0.0023127597797911446 0.5331363055653334
0.008634332 -0.5592533848270969 -0.005574372974281448 -4.2928691257896585e-05 0.8289781652061928
0.008770539 -0.6540078907634921 -0.005516977695812664 -0.0007178214065498182 0.7564674702195816
0.00893477 0.9470672570700409 0.0016614269879870016 0.005504782946532088 0.3209859748868718
0.00910297 -0.36103323412995875 -0.005459109575455208 0.0012237934801377043 0.9325362657307436
0.009277073 0.8719375239525952 0.0005956721372285551 0.005696778116881405 0.48958447733773947
0.00944785 -0.43220633355320254 -0.005531841953503498 0.0007883832170008259 0.9017575952215258
0.009610214 -0.03861737247964287 -0.004773125265046991 0.002973121880017034 0.9992383476816811
0.009769603 -0.8869179280479415 -0.00480851266921627 -0.0027223381992920862 0.4618950510583246
0.009921175 0.4504848302984997 -0.002712413463212755 0.00497692791324542 0.8927662312300664
0.01009428 -0.8430556769829026 -0.0050414343494124 -0.0022845906259231553 0.5377983908490819
0.010248041000000001 0.9719413989780561 0.0021619521413706326 0.005340753356063756 0.23516049612590129
0.010411100000000001 -0.521972453889203 -0.005574656341148762 0.00020889628255908464 0.8529442608403047
0.010554597 -0.9105014841930554 -0.004646240201711455 -0.0029800070527796394 0.4134705583108347
0.010711724 -0.9520783965441056 -0.004251793900091846 -0.0034993142732490466 0.3058085067068692
0.010874328 -0.8841635314301312 -0.004825496505424451 -0.0026934284887887867 0.4671459718923253
0.01104269 0.5581201253672023 -0.0020641458230549444 0.005291343102745729 0.8297409488745054
0.011215826 0.9977683654139785 0.0030710797114471703 0.004904216594689676 0.06692489956939537
0.011369738 -0.9612810593609245 -0.004133108089768328 -0.0036330503678957257 0.2755206414892801
0.011517237000000001 -0.02096755508704869 -0.004720234928409584 0.0030592075776343574 0.9997644486504597
0.011661505 0.2975285578431124 -0.0034976708694187636 0.00444121359901822 0.9546963118854027
0.011833910000000001 -0.764570623777938 -0.005316537429941069 -0.00158693133911058 0.6445164259288235
0.0120081 0.8920819825049466 0.0008447190495126581 0.005670192508040344 0.45183806601215465
0.012167805 0.8533218250453167 0.00038084458455435054 0.0057109938079492354 0.5213535912398667
0.012318448000000001 0.7285146180411373 -0.0008166151805814994 0.005642905831356389 0.6850067091459765
0.012488810000000001 -0.9219579437767174 -0.004554308073110237 -0.003113052184955991 0.3872520908368375
0.012638566 -0.49241993147021884 -0.005567046284745121 0.0004036840842578238 0.8703399804110269
0.012787986000000001 0.8176947797901463 1.8405827197992775e-06 0.005716531259263945 0.5756240946678829
0.012956619 0.5550965672636632 -0.0020836125220311764 0.005283337041581715 0.8317666650794086
0.013114013 -0.7115996057015829 -0.005434086143779278 -0.0011574185015269312 0.7025635159478695
0.013281586000000001 -0.6921666616668893 -0.005466761925101621 -0.0010062128533777131 0.7217164716580999
0.013441452000000001 -0.4904991462553299 -0.005566323083644289 0.00041620322311790417 0.8714238941622964
0.013612141000000001 -0.4051450652786119 -0.005507983793755857 0.0009562931544489535 0.9142353814581702
0.013774621 -0.9190503794287319 -0.004578592143380904 -0.003078714640225982 0.3941020289963819
0.013984332 0.5572557457486012 -0.0020697185287917837 0.0052890592761558625 0.8303215902788623
0.014146009000000001 -0.1821505553806906 -0.005145772594904225 0.0022366582251468693 0.9832547109832754
0.014298044000000001 -0.39631038405356384 -0.005499169866410121 0.0010104740523391976 0.9180996645051395
0.014453051000000001 0.9621638308710663 0.0019478866113557497 0.005417040677391349 0.27241576134233025
0.014593866 0.9599514148636932 0.001903059891873473 0.005431839051795397 0.280112004683211
0.014738074 -0.7175307479444143 -0.005423074773670988 -0.0012042013945264163 0.6965049829676677
0.014898843 -0.5508330952432096 -0.005575443285471264 1.4568726914627717e-05 0.8345969941592947
0.015076491000000001 -0.9879116129131956 -0.0036297613781419045 -0.00411554971912734 0.15494880154658194
0.015232200000000001 -0.9315241282788986 -0.004469183615543232 -0.0032291631435760718 0.3636396718152681
0.015373739 -0.7969104121020446 -0.005220373562643663 -0.0018639853992520453 0.60407254237484
0.015527601 0.7086094023890461 -0.0009803822294655888 0.005613820292476711 0.7055781723535941
0.015677059 -0.5925596152388338 -0.00556405159584375 -0.00027410405397859433 0.805507482077938
0.015846579 -0.9736118298601335 -0.003941131739356656 -0.003831938793222369 0.22815410107212242
0.016018749000000002 0.8769877683951869 0.000656343972964957 0.005691306342353239 0.48047995962322637
0.016202093 0.9172378291608339 0.0011872217873549128 0.005615662012587548 0.39830092607530065
0.016336692 0.08196248412167234 -0.004381267850974773 0.003541813904681921 0.996619644114853
0.016483077000000002 -0.6295216117263042 -0.005540395955537211 -0.000538149138512142 0.7769633729923167
0.016629701 0.5431397899617477 -0.0021598359030414265 0.0052511770762826634 0.8396233510506073
0.016773820000000002 0.9776158922939145 0.0023019575230253963 0.005285711827205109 0.21033481199438064
0.016945331 0.39735226526847334 -0.0030017695357705413 0.004801637602300095 0.9176489023717544
0.017112046000000002 -0.9624286826013528 -0.004117060270310791 -0.0036504734935490345 0.27148687296642904
0.017259267000000002 -0.9494641965250687 -0.004282688495811411 -0.003463011111076655 0.313831804857158
0.017392473000000002 -0.5852793804808106 -0.005567163015958611 -0.00022304667624663293 0.8108128459390314
0.017549033000000002 0.017325862669837332 -0.020036629508075415 -0.0022860911779338227 0.9996466506413948
0.017692808 -0.6865296995977109 -0.0054753066473174836 -0.0009629220212935348 0.7270808772397586
0.017864902000000002 0.6620751681123609 -0.0013422991113004369 0.005531879384529514 0.7494161543758495
0.018051845 0.9203816813315037 0.0012331213165994253 0.005606747801730187 0.39098118576621294
0.018208385 -0.491411396693321 -0.005566670395957297 0.0004102598261211603 0.8709098926542297
0.018361055 0.8196091503089573 2.1283636750240404e-05 0.005716854530189083 0.5728953339206085
0.018512973000000002 0.37905789130754364 -0.003097165189918284 0.004738519375304739 0.9253558576469104
0.018659755 -0.998742973532426 -0.0031590296588471503 -0.004470278847231706 0.05111224300936171
0.018822792 -0.9965731147181287 -0.003306414264687886 -0.004367626003370156 0.0828500605258639
0.018996141 0.8023194750932774 -0.00015100768731072693 0.005711710690624715 0.5968679319067582
0.019171068000000003 -0.38272227756090005 -0.005484651795013253 0.0010932085122401993 0.9238466709627429
0.019340124 -0.1731595338605544 -0.005125482513523891 0.0022847181550633548 0.9848779276424804
0.019496746000000002 -0.5154790065181687 -0.005573559762647892 0.000252051550394399 0.8568842237479467
0.019643515 -0.26240662002650395 -0.005308127300330916 0.0017958716811670627 0.9649412432696538
0.019804754 0.5820490022895718 -0.001907253288268807 0.005352837661332417 0.8131340273267597
0.019980788000000003 -0.9907085875079509 -0.0035460403165012795 -0.004184626829463657 0.13592991144963767
0.020147154 -0.9995343439168496 -0.0030727206876351213 -0.004527087678656603 0.03282921097469742
0.020294878000000002 0.9477347797286677 0.001673247440413159 0.005501479525132147 0.3190102364861991
0.020434605 0.7747551520846389 -0.0004116561180374538 0.00569409086833971 0.6322360367768792
0.020576913000000002 -0.9867331303381375 -0.003661744537477277 -0.004088406363218261 0.16228410464535692
0.020722581 0.03528828632899232 -0.004541439040495413 0.0033270942526768105 0.9993614180186621
0.020902142000000002 0.007457263986096573 -0.02004164055061958 -0.0025272265134727275 0.9997682148518933
0.021065292000000003 -0.45677783387516835 -0.0055492736142727424 0.0006332967553022191 0.8895634125878226
0.021227428000000003 0.0290582217603158 -0.02002861211364467 -0.0019999687226151222 0.9993751485979996
0.021376911000000002 -0.9070047692960186 -0.004672416075467846 -0.00294053061158414 0.42108551050435505
0.021526103 0.4998613727702657 -0.002426016105686996 0.005128378611794896 0.8660869520846258
0.021703738 0.958501387805216 0.0018742788467711732 0.005441129808785934 0.28503453807141516
0.02187725 0.9581265199918276 0.0018669178404720544 0.005443477466171533 0.28629094071194694
0.022038845 0.9053554908270037 0.0010203831080731695 0.005644848011976888 0.4246168450668731
0.022195476000000002 0.8863753223208707 0.0007721913443713064 0.005679060510714002 0.46293262846834
0.022344431 -0.930384165822748 -0.004479775463007772 -0.003215058136174796 0.3665456083420099
0.02251736 0.9458897429939075 0.001640739580336294 0.005510498604703732 0.32443786665945457
0.022662632000000002 0.7490264412740293 -0.000641495115655122 0.005668630662781865 0.6625156571925992
0.022795724 -0.993112471412374 -0.0034617952659195686 -0.004251320232867825 0.11705187291812122
0.022969917000000003 0.8612042538254288 0.00047020739058915894 0.005706055592796901 0.5082270077851849
0.023118759000000003 -0.09163926231019538 -0.004922773833447133 0.0027086505351122145 0.9957764549898984
0.023287702 -0.8179554243995567 -0.005145622194343524 -0.002051657980377259 0.5752552760697731
0.023452348 0.8872803870727939 0.0007835812585044054 0.005677730416237589 0.46119599043602094
0.023595925 0.6339031772607167 -0.001548785361272976 0.005473886620233815 0.7733917991060731
0.023742033000000003 0.9976767260343435 0.003063774538495189 0.004908558257557443 0.06835093058905686
0.023926529000000002 0.4433239314362639 -0.0027525134017462763 0.00495402356646963 0.8963437747002639
0.024072153000000002 0.9971675773003954 0.0030277459817235086 0.004929563529854566 0.0753458885671511
0.024241205000000002 0.09549566656584801 -0.004332808295668901 0.0036027825636986066 0.995414047998946
0.024389498000000003 0.8900415717874116 0.0008185904659389995 0.005673496149975238 0.45584483461959613
0.024540758000000003 0.34434909192856544 -0.003272480801743081 0.004615075818540857 0.9388247928847929
0.024678138000000002 -0.7084428546472675 -0.0054397449265795325 -0.0011326421113372826 0.7057466981867904
0.024841357 0.4839232723721415 -0.002520398289408699 0.005080762045801079 0.8750922709105011
0.024998217000000003 -0.692731734326964 -0.005465883787347809 -0.0010105656322533679 0.721174305921931
0.025152347000000002 0.25301877561813446 -0.0037002390905139927 0.0042684758126597735 0.967445015262008
0.025311473 0.08844693475327822 -0.004358161878729601 0.0035710997563454445 0.9960650758884799
0.025466062 0.18478012148061837 -0.00399001353517021 0.003990225766056513 0.9827638008981433
0.025610839000000003 -0.6290214360717622 -0.0055408069493538235 -0.000534520317766612 0.7773682381281726
0.02575681 -0.996037403311007 -0.0033343409846790877 -0.00434731885112543 0.08894242034276023
0.025939543000000002 0.22632009857858126 -0.0038165560936849353 0.0041615059002134 0.9740366967933207
0.026114605000000003 0.9356512404564719 0.0014685973596779542 0.005554931877416811 0.35288068655192034
0.026272861 0.7666798698485148 -0.0004850977380218573 0.0056869725700577686 0.642004575491386
0.026434337000000002 -0.9277031067338172 -0.004504201611563344 -0.0031821749413344243 0.37328036521782504
0.026564745 -0.7930525321576994 -0.005232972602416547 -0.0018302510293957768 0.6091285578101342
0.026715333 0.8888612494455603 0.0008035784706775923 0.00567533772897705 0.45814175926515094
0.026897746 0.5557884156173595 -0.002079165461974885 0.0052851737967983285 0.8313046282135614
0.027078968000000002 0.0056178088240445324 -0.020042401024551883 -0.002572223241343105 0.9997801793424683
0.027234919000000003 0.23994838667612847 -0.003757661394538539 0.004216417765625559 0.9707694051515274
0.027380643000000003 -0.8851020168719811 -0.004819753306868898 -0.0027032523561856953 0.4653658317159936
0.027510992 -0.9521956834603794 -0.0042503873077876335 -0.0035009551227290054 0.30544433409900656
0.027665715 -0.024367418998094192 -0.004730542304062533 0.0030427006858792173 0.9996873702139063
0.027822051 0.4249717757589981 -0.002853691572209115 0.0048942832771003905 0.9051890455297752
0.027999605 0.9550878035071367 0.0018082572862110962 0.005461820097405399 0.2962707007757474
0.028165612000000003 0.5561191003060999 -0.0020770378170273085 0.005286050341363708 0.8310833603524292
0.028308157 0.9132398044726652 0.0011299638665950105 0.005626243305393871 0.4073833704891674
0.028444601000000003 -0.9932479036634356 -0.0034567781883021596 -0.004255236783031036 0.11593265382474882
0.028587088 -0.957584786429352 -0.004182801071734091 -0.0035781254764172088 0.28810217419815237
0.028727548000000002 -0.4748305192054157 -0.005559414860612565 0.0005177032022537608 0.8800596320745965
0.028898661000000003 0.32315062808585915 -0.003376011537665432 0.004537379070896172 0.946330675157186
0.029081631 -0.9244936710375384 -0.0045325400834063225 -0.003143352674658749 0.3811568542662608
0.029246766 -0.06024614865706768 -0.004835847241450416 0.0028663012893517374 0.9981676932090715
0.029408052 0.6099484014512184 -0.0017176794829140934 0.005420145949605051 0.7924207146252739
0.029553313 -0.07323955548738881 -0.004872417631921999 0.002801425668916057 0.9972985504787943
0.029700007 -0.4711311723333846 -0.005557524573238067 0.000541506846961799 0.8820455291930215
0.029855498 0.9640802879349991 0.0019876963304449914 0.00540355396281809 0.2655499692176987
0.030011006000000003 0.8014480291889929 -0.0001594994957699684 0.005711322339142117 0.5980371636694375
0.030176635 0.26826195933440944 -0.0036320978440925497 0.00432842988887096 0.9633294471046591
0.030334225000000003 0.021454807451663213 -0.020034060659414946 -0.0021853305418486004 0.9995667227878207
0.030481386000000003 -0.06904070308403983 -0.0048606912962690105 0.0028224483687970185 0.9975980480319745
0.030621836000000003 0.28156041200877746 -0.003571607137860206 0.004380060593879131 0.9595269058992277
0.030784713000000002 0.9884562937733279 0.002625999487488806 0.005141888176610696 0.15141246481447038
0.030954541000000002 0.9823879991609248 0.002432899279697762 0.005230403509263994 0.18677474929570487
0.03112213 -0.35911055359668814 -0.005456706924889325 0.0012352833319608878 0.9332783222753993
0.031274397 0.8639399944973601 0.0005017565340881935 0.005703981180499489 0.5035626617086134
0.031427898 0.2891287532900792 -0.0035367420754929416 0.004409160321074758 0.9572735873188932
0.031573757 0.9995009272636776 0.003245875692883113 0.004796970934264195 0.03251781467468644
0.031715318 0.3848455062034011 -0.0030672123009218674 0.004758635063235401 0.9229637137042535
0.031892311 0.6794473893470314 -0.001210395931509178 0.005564603745603669 0.7337023154935582
0.032054867 0.8442625812059333 0.0002807991540095132 0.005714875800168524 0.5358996594989536
0.032215607 0.017279630328218398 -0.004600367668068395 0.0032424155973052996 0.9998349220925457
0.032387286 -0.9857449052564544 -0.003687280557907336 -0.004066411265068565 0.16817067898276122
0.032526643 -0.9716880920057676 -0.003974309568969894 -0.0037989826097935882 0.2362083313294385
0.032681417000000004 0.9824827838298038 0.0024356477789245043 0.005229203954644741 0.18627679786142845
0.032840965 -0.9519054597899569 -0.004253868290274045 -0.0034968945075614624 0.3063455643631353
0.033017888 0.9859506680509462 0.002541657723229188 0.005181589837003811 0.1669503159202422
0.033173541 0.2524031682288536 -0.0037029639360257995 0.004266037000625661 0.96760571245758
0.03333398 0.9499259573751715 0.0017125510057077104 0.0054902939570124105 0.3124226339984624
0.033483428 -0.968262658866255 -0.0040301127415675875 -0.003742254935498259 0.24987571216758891
0.033630006000000004 0.9496420101469352 0.0017074174229793763 0.005491770961407766 0.31328449304724837
0.033771858 -0.9324018621914726 -0.004460926827374724 -0.0032400847368859575 0.36138129552409015
0.033946741 -0.9078792977257208 -0.004665939635716618 -0.0029503617439365264 0.4191954159797204
0.034106865 -0.5250107001643928 -0.005575054910797705 0.00018863348478855035 0.8510773529853518
0.034267338 -0.35605819725471965 -0.005452846707550437 0.0012534954811917727 0.93444700828699
0.034425679 -0.2516584986606757 -0.005288375675181199 0.0018561528956195638 0.9677998729958924
0.034577372 0.8010037166546701 -0.000163823101036922 0.005711120306796413 0.5986320901404805
0.034726316 0.928748582814429 0.0013593845845864612 0.0055802342393234915 0.370665944593342
0.034900279 -0.9517434442543039 -0.004255797134766611 -0.003494636539668189 0.30684568888567565
0.035064421000000005 -0.9869195736849166 -0.003656675445079155 -0.004092708038391991 0.16112159450350722
0.035227309000000005 -0.39704107285469453 -0.005499917317192346 0.0010060043871655535 0.9177838320592226
0.035375128 -0.3723502651437995 -0.005472795962004264 0.001155879467403355 0.9280754105158359
0.035528497 -0.41795322269895946 -0.005519871900448382 0.0008771909983922756 0.9084513458176228
0.03567853 -0.19421592713487118 -0.005172344595710278 0.0021717520044239966 0.9809427570040238
0.035839259000000005 0.803898445583775 -0.000135570834995436 0.005712380382351646 0.5947390907321268
0.036006296 0.08100580733952527 -0.004384658259191744 0.0035374813800333415 0.9966976866527518
0.03618345 -0.1765104095612153 -0.00513309231857061 0.002266836738532057 0.9842827165090903
0.036328522 0.1545560896736182 -0.0041105859040865686 0.003861979120561932 0.9879678535720131
0.036478764000000004 0.10847281068448304 -0.004285481689781728 0.0036606970963569897 0.9940833842981593
0.03664042 -0.9866879349273868 -0.003662748712536318 -0.004087501102955072 0.1625193925687638
0.036791225000000004 -0.7062717470732507 -0.005443553405092526 -0.0011156527814770584 0.7079188592521448
0.036959918 -0.8447780191569112 -0.005033602805056232 -0.0023009867260403126 0.535087990374454
0.03712987 -0.04677274299951775 -0.004797045569019427 0.0029330154371780813 0.9988896771720283
0.037292625 -0.21027103428581717 -0.005206529318931071 0.0020846444073491467 0.9776269856909322
0.037446323000000004 0.7010480274791802 -0.0010411085586055815 0.0056017824014448865 0.7130911630991007
0.037594583 0.9967932691569976 0.0030051915263098355 0.004942318125298223 0.07968757671346276
0.03774901 0.4437104947873859 -0.002750356276412459 0.004955264922511509 0.8961521737887035
0.037915765000000004 0.9627127384030418 0.001959224300170719 0.005413222043155079 0.2704622958447149
0.038086025 -0.9484427761297125 -0.0042944330954490404 -0.003449023057678218 0.3168993849344525
0.038232765 -0.8587719146410504 -0.004966377920496684 -0.0024363725781000683 0.5123279657353039
0.038387719 0.7662530814365791 -0.0004889424666474172 0.005686571742253387 0.6425133692926444
0.038540181 -0.9635225243848048 -0.0041014079378880715 -0.0036672947593965268 0.26756861121429076
0.038691764000000003 -0.4806069318187118 -0.005562168641128226 0.00048041209205700665 0.8769182714083336
0.038863203000000006 0.6302046365545304 -0.0015752479094352958 0.005465844758265873 0.7764081843883188
0.039041192 -0.7505248081570194 -0.005352146975801054 -0.001470339908424203 0.6608188551301942
0.039202092 -0.9748795318675975 -0.003918367562652646 -0.0038541957795056366 0.22266091958952272
0.039350485000000004 0.560965616833594 -0.0020457518554661456 0.005298829040847124 0.8278195365453637
0.039515488 -0.6898495392931954 -0.005470321913961852 -0.000988388800961603 0.7239313008549434
0.039660581 -0.9967649202975191 -0.003293803099610936 -0.004376469784045626 0.08012943548785557
0.039829627 0.9806100903934525 0.002382534016382502 0.005252090846148777 0.19587337175971534
0.040004513000000005 0.4018762345824284 -0.002977851291870345 0.0048170320435257175 0.9156763697090596
0.040179123000000004 0.7338441428166752 -0.000771758034257552 0.005650019849424955 0.6792937136678999
0.040335879000000005 -0.9602864875584921 -0.004146728070148799 -0.0036181238695838056 0.2789571494217041
0.040489265 0.37882792319647374 -0.0030983496103167904 0.0047377163113832615 0.9254497257647907
0.040627125 -0.9180928782586845 -0.004586433295861458 -0.0030675006627188077 0.3963257103684978
0.040772806 0.5455460264950625 -0.0021445912637469153 0.005257711579530247 0.8380615026392235
0.040950864000000003 -0.955963181020187 -0.0042036750456109885 -0.003554584357923102 0.29343096135055985
0.041116061 0.8676750448457232 0.0005453050071420084 0.005700828270115203 0.497097952056444
0.041274623 -0.2572727405862543 -0.005298770348148646 0.001824713743375775 0.9663224719329574
0.04142796 -0.5754295879390406 -0.005570597871451512 -0.00015444498937998733 0.8178321673743306
0.04157269 0.9617768191861271 0.0019400019074775382 0.0054196590888656105 0.2737707175621786
0.041719729000000004 -0.8199110858484173 -0.005138122707365059 -0.002069432928834529 0.572463801207754
0.04189918 -0.45202526337254095 -0.0055462232044777 0.0006634922925637364 0.8919876026270277
0.042079281 -0.9978954811835031 -0.0032212933122782277 -0.004427419515360928 0.06447461847564345
0.042244891 -0.6938822636393063 -0.005464078201247958 -0.0010194392146603154 0.720066770254167
0.042410552000000004 -0.9434384001946117 -0.004349886287010736 -0.003381736336259679 0.3314992150368488
0.042563209000000005 -0.14341919165173156 -0.005055417452001715 0.0024418312794290313 0.9896459852704509
0.042698230000000004 -0.6706779282868877 -0.005497195070146077 -0.0008424910642748414 0.7417275793021789
0.042883684000000005 -0.48591907323219247 -0.005564487879166564 0.0004459863401333947 0.8739858185648037
0.043059449 -0.989371499182581 -0.0035873134419147344 -0.004150863880985433 0.14527916335869873
0.043230912 0.014270636161423258 -0.020038346346177675 -0.0023606965780435573 0.9996945153440182
0.043380943000000005 -0.016063395196768412 -0.020047182755718384 -0.003103879505472039 0.9996651040455988
0.043525374000000006 -0.1473338828650938 -0.005064897373678641 0.002421312879365981 0.9890708086253985
0.043680133 0.982935510023607 0.002449005896091792 0.005223317750982169 0.18385133295048914
0.043842178 0.318959622513614 -0.0033961689063540714 0.004521816276121849 0.9477513920832193
0.044019796 0.9839516065528924 0.0024793640054854007 0.005209847559400498 0.17833145696337552
0.044192737 -0.7787882540810652 -0.0052768251038308065 -0.0017071771754171156 0.6272621997014697
0.044374355000000004 0.22769964506927223 -0.0038106387388104003 0.00416709304289233 0.9737149714896421
0.044522572 0.9370032567199064 0.0014906061440759066 0.0055495562846348346 0.34927159177277
0.044681194 0.9575595387593389 0.0018558616715486607 0.005446975748555227 0.28817546728621873
0.044854002000000004 0.9904717506683952 0.0027004075678472806 0.005105461139003362 0.13757996101622377
0.045025132 0.9987646194279078 0.0031616465954069227 0.004849372822067139 0.049157738753555454
0.045188574 -0.7373696148260791 -0.005382470912097174 -0.0013629824518760333 0.6754665695669467
0.045339895000000005 0.5619376818182154 -0.0020394526103088475 0.005301376095781379 0.8271599918400183
0.045485564000000006 -0.9754607127202961 -0.003907719646011617 -0.0038645253920140798 0.22009901218679556
0.045619081000000006 0.506777874213466 -0.002384462060756453 0.005148651134993293 0.8620578983149114
0.045783135 -0.8103682942632481 -0.005173788490308313 -0.0019832614921789318 0.5858942831614716
0.045972095000000004 0.9123678282381984 0.0011176414064294038 0.005628438796246866 0.4093305820584717
0.046159468 0.146684232600314 -0.004141222086067123 0.0038280845514115738 0.9891672647071883
0.046328474 -0.9595779796200378 -0.004156345600032775 -0.0036075401170854574 0.28138783635316245
0.046466943000000004 -0.015426837302353117 -0.004703314761537216 0.0030860308809677324 0.999865144359859
0.04661523 -0.891374442559647 -0.004780228913132635 -0.002769597567241933 0.4532338364871591
0.046793737 0.9581587914844033 0.0018675735038944533 0.005443260529960099 0.28617824140316855
0.046975222000000004 0.4448775296355181 -0.0027438422005081117 0.004959011551979191 0.8955734284699955
0.047148772000000005 0.6330061177729883 -0.0015552157723272987 0.005471944101816128 0.7741258481245866
0.04731283 -0.3543922800984845 -0.005450716420867374 0.0012634207139879644 0.9350800683411543
0.047469041000000003 -0.09626303394898088 -0.0049351634029967395 0.0026851689303786937 0.9953400327429824
0.047610673000000006 0.10239454106340849 -0.00430775304251617 0.003633637742505507 0.9947278792378231
0.047758046000000005 -0.9457134904411361 -0.0043251266120964025 -0.0034120562395898143 0.32495457049652887
0.047937067 -0.4085451410521399 -0.005511242610329918 0.000935358505033585 0.9127209704483731
0.048129092000000005 -0.3222262832736763 -0.005406364034245066 0.0014530520223435693 0.9466461278674904
0.048292408 -0.6549626413496855 -0.005515930279833291 -0.0007249093360998736 0.7556407956986708
0.048458783000000005 0.8121389879946784 -5.4058548458680723e-05 0.005715238382804493 0.5834362015025188
0.048608877 0.2699412387851979 -0.0036245134179858185 0.004334984636998211 0.9628602810214066
0.048754006 0.7276081471552567 -0.0008242009810732293 0.005641666660219663 0.685969519306461
0.048942557000000005 -0.5789697518158282 -0.005569464998892556 -0.00017903892063536763 0.8153301274688745
0.049124433 -0.9778879704951121 -0.003861626588869401 -0.003908632635357904 0.2090653496932416
0.049280153 0.979989874084216 0.0023653373006886852 0.005259400645559343 0.19897188593417287
0.049444468000000005 -0.7801236412159626 -0.005272897509878964 -0.0017185911052871046 0.6256010646151456
0.049608305000000005 0.5826740352722961 -0.0019030860063701592 0.005354398270190409 0.8126861878014183
0.049773119000000005 0.6618141294511949 -0.0013442528238936842 0.0055313688564643795 0.7496465183741718
0.049958299000000005 0.9982869430652616 0.0031140174549300734 0.00487854821478428 0.0585314458671364
0.050125417000000005 -0.38171647217237087 -0.005483531149019268 0.0010993039783913235 0.9242626752332711
0.050299566000000004 -0.9899018120692082 -0.0035714804340476534 -0.004163932609307958 0.14168180247151893
0.050458515 -0.6393607318294258 -0.005531763789882807 -0.000609868973877991 0.7688869573082558
0.050610805 0.7076443255515347 -0.0009881769779960408 0.005612313251232498 0.7065460338824796
0.050775282000000005 0.035015662067850145 -0.004542342750519812 0.003325819737083885 0.9993709477514205
0.050953737000000006 0.9087676715633407 0.0010672900065470503 0.005637147238264302 0.4172636793627958
0.051138732000000006 0.14594936036518127 -0.0041440663108029355 0.003824910215147072 0.9892760249864772
0.051313548 0.022505093525402895 -0.004583432660543389 0.00326709074915345 0.9997308961386399
0.051463486 -0.33154032952179135 -0.005419831235566158 0.0013985315915351023 0.9434244809279825
0.051632483 -0.023451405987701318 -0.020047055541781 -0.0032856317128658655 0.999518572800272
0.051797302 -0.7013671981585526 -0.005451926066096508 -0.0010774141431352305 0.7127785422277129
0.051982234 -0.2222504302101931 -0.005231155540904247 0.002019096407086128 0.9749734623448887
0.052152176 -0.7990575839809959 -0.0052132160533768694 -0.0018828490896853716 0.6012286869824494
0.052320507 0.4141264778851108 -0.0029124277034816536 0.004858289763714625 0.9102016616143076
0.052480154 -0.5500901027357256 -0.005575507634090314 1.9623602545923917e-05 0.835086623404372
0.052632899000000004 -0.2910254152770924 -0.005357627243041174 0.0016334253214819797 0.9566988954431445
0.052785582000000004 -0.9988178916457224 -0.0031441174588028526 -0.0044797128579423025 0.04798978730723537
0.052946847000000005 0.9988001377668921 0.0031669710403507555 0.004845984554698564 0.04809773564211012
0.053134193 0.6835405296067635 -0.0011787777023316128 0.005571955087584167 0.7298901891189221
0.053298990000000004 -0.5586793450008488 -0.0055744639991254915 -3.899783640284496e-05 0.8293649047309088
0.053477345 0.01594154003694129 -0.004604681980249795 0.0032360828008153333 0.9998570229014424
0.053646302 0.25988782451405307 -0.0036696891415198495 0.004295594171238077 0.9656222465555249
0.053815076 -0.09089386225733613 -0.004920766174341594 0.0027124294591940558 0.9958447022022087
0.053987378 -0.4634132671761783 -0.005553267426648077 0.0005909740955856333 0.8861246218895393
0.05415198500000001 0.9055960759235706 0.0010236740298056734 0.005644316193359743 0.42410167661922393
0.054314743000000006 -0.8894248698578261 -0.004792722323910487 -0.002748850997068606 0.4570475250301019
0.054485413 -0.8208156215632063 -0.005134622500068635 -0.0020776732221410347 0.5711662188823446
0.054641775000000004 -0.3535993159785176 -0.005449696525183799 0.0012681413742887996 0.9353801963459073
0.054798947 -0.9363381590511167 -0.004422936159733568 -0.0032896395328808267 0.3510554789755509
0.054981307 0.15639011435308836 -0.004103403013187821 0.0038698470842188372 0.9876792335113057
0.055174895 0.19737595092221571 -0.003938371595262419 0.004042776155449199 0.9803115829922379
0.055337908000000005 0.8450745999354314 0.00028966009888230796 0.005714599686591266 0.5346174611966783
0.055489781 0.6433492670840647 -0.0014805288290444087 0.00549398069630991 0.7655515330428561
0.055650716 -0.13493164982378053 -0.005034598210974084 0.002486150214098068 0.9908389346333561
0.055826484 -0.44637966533586876 -0.005542398243847339 0.0006992369737065206 0.8948261721112674
0.056000397 0.9990080121563503 0.003189598803985861 0.004831982349029684 0.0436331917583604
0.05616846700000001 -0.776672740167033 -0.005282978807780149 -0.0016891366133249392 0.6298797524323066
0.056339903000000004 -0.6287771248481598 -0.005541005955080499 -0.0005327489280463333 0.777565631564712
0.056515304 -0.7754161055069126 -0.005286594365454174 -0.0016784444382751899 0.6314264452921391
0.056677347 0.28058495185612686 -0.0035760775713840885 0.004376294992279569 0.959812609461814
0.056869457000000005 -0.9201727317200336 -0.004569297209957979 -0.003091921988753483 0.39147411709097646
0.057037109 -0.694193465985739 -0.005463589363679215 -0.001021839545351456 0.7197671218173095
0.057211044 0.5784102891019086 -0.0019314406534998822 0.005343704125402662 0.8157263269603748
0.057350120000000004 0.770101341989855 -0.0004541313970955152 0.005690089467561781 0.6378962795375704
0.057508036000000005 -0.8897537672601894 -0.004790634263703475 -0.002752338965988083 0.45640820032112867
0.057670391 -0.9418892510387716 -0.004366381603895297 -0.003361307958273739 0.3358807574865161
0.05783908200000001 -0.15111608435274795 -0.0050739833465047205 0.002401442830160434 0.9885002093290026
0.058023332000000004 0.9942265732837449 0.0028613852357531546 0.005022290125210408 0.10726930042084756
0.058187967 0.834797878959554 0.00017907606974011341 0.005717044348090491 0.5505278442552648
0.058356519 -0.4200923882208636 -0.005521754709697834 0.0008639159721894741 0.9074643563516798
0.058520999000000004 -0.5925051712170907 -0.005564077350009327 -0.0002737206678584038 0.8055476713821346
0.058691035 0.805017394190972 -0.0001246001968559762 0.00571283400875092 0.593224159832056
0.058868584 -0.17551366177767846 -0.005130835237400602 0.0022721598562660127 0.9844611020820517
0.059048179000000006 0.8608009438775126 0.0004655781093995573 0.0057063467022718355 0.5089102256081671
0.059230409000000005 -0.04746744756978899 -0.004799068862496598 0.002929589967250444 0.9988570680693064
0.05938954900000001 -0.21838016230731985 -0.005223282838910037 0.002040325928895375 0.9758477788805308
0.059566585000000005 0.10461436358420777 -0.00429964146213415 0.0036435341374366575 0.9944970007822627
0.059721654000000006 -0.40819596427152793 -0.0055109120809750944 0.0009375110357327701 0.9128773480302018
0.059897818000000005 0.9940407988375547 0.002852620434583763 0.005026953820595295 0.10893130858380372
0.060070069000000004 -0.9335538127470489 -0.004449993762606454 -0.0032544756269790595 0.3583975336355246
0.060235697000000005 -0.9461118857544967 -0.00432072878001428 -0.0034174024609072593 0.323795770894885
0.060400655000000004 -0.3251768075717278 -0.005410684998463476 0.00143581513834207 0.9456367524533524
0.060562743 0.9076660747961943 0.0010520616931543215 0.005639690850145179 0.41965482161454715
0.060707356000000004 -0.8696241797130749 -0.004909408550200408 -0.00254428249119314 0.4936838263362773
0.060896585 0.7874342916898232 -0.00029375584440436835 0.005703533020743653 0.6163723757263595
0.061090636000000004 0.6403800067000861 -0.0015020893444315036 0.005487733950233731 0.7680373493851331
0.061266204000000005 0.940724902832293 0.0015522338389704444 0.005534047988182371 0.3391249099523304
0.061445002000000006 0.8710736675094292 0.0005854018939256113 0.005697641210692769 0.491119924391499
0.06161838 0.8674326835527376 0.0005424559271125055 0.005701048566908089 0.49752220586627083
0.061771857000000006 0.9570086941803785 0.0018451310528181648 0.005450366717371192 0.2900043166163006
0.061968955000000006 -0.6088504054149277 -0.005555280023487705 -0.00038946510717561086 0.7932655172636133
0.062153636000000005 -0.2802511667732687 -0.005339523334098109 0.0016949149742293754 0.9599103556520316
0.062331791000000004 0.9930102456684818 0.0028053142684600265 0.005051920762597442 0.11788489376023116
0.062498183000000006 0.25910755863633805 -0.003673172330872366 0.00429252213973052 0.9658319357287976
0.062672644 -0.9146957683315187 -0.004613717904446345 -0.0030280346899587553 0.4041051643503594
0.062846236 0.7225617344772367 -0.0008662019179461793 0.005634614585293185 0.6912828361151075
0.06301896 -0.9042405223001708 -0.00469253432381412 -0.0029096689740906955 0.426987159271734
0.063187907 -0.8102329544616672 -0.005174278877378829 -0.001982048685783015 0.5860815938238987
0.06337408500000001 -0.07320858620818052 -0.004872331131782354 0.002801580703400784 0.9973007536250376
0.06354148600000001 0.9951038931150948 0.002907002400574722 0.004997380823385198 0.09855938445712904
0.06370031500000001 -0.14144629902366443 -0.005050610680114332 0.0024521535821126453 0.9899299186025
0.063869707 0.9535095860843449 0.0017785306036970537 0.005470842759438243 0.3013034299496689
0.06405590600000001 0.9675398097854321 0.0020620749450787324 0.00537749217667886 0.2526449329964883
0.064241105 -0.7966928398482663 -0.005221086435137172 -0.0018620817681273614 0.6043581287470249
0.064401336 -0.9453367173614005 -0.004329253353605856 -0.0034070199306873777 0.32604377913573446
0.06456753400000001 0.13905748732394468 -0.0041706032154709026 0.0037950520806598986 0.9902680695431215
0.064734374 -0.9835354355021342 -0.0037408135232921583 -0.004019359277372206 0.18059834096841373
0.064916502 -0.997041406485209 -0.003276276017035509 -0.004388817760467419 0.07634271126939174
0.065094126 -0.9532081731855697 -0.004238036214004554 -0.0035152477905190074 0.3022573974259619
0.06527279200000001 -0.986902686991153 -0.0036568718626908848 -0.00409247935472908 0.16117247679110858
0.065438232 0.9918004726022754 0.002753924043732206 0.005078393703408575 0.12755364202959746
0.065606565 -0.8359007714885208 -0.005072962665454107 -0.0022170869105502763 0.5488512420728494
0.065760438 -0.9486823604015404 -0.004291658136166873 -0.00345231715511949 0.3161756232709877
0.065963187 -0.006202676413406361 -0.004674811940347428 0.0031304737545126424 0.9999647477872641
0.066144282 -0.00841405780939167 -0.020046368559283365 -0.002916022480088596 0.9997591600627679
0.066322438 0.6830129269015544 -0.0011828627902938935 0.005571013820876087 0.730383484654908
0.066503404 -0.9991765151197742 -0.003081830358446922 -0.0045193521489915196 0.03492319594089321
0.066674042 0.43655779866712996 -0.002790077828467838 0.004932169347551908 0.8996580424050548
0.06685287200000001 -0.5139051328191844 -0.005573242263820468 0.0002624794372683063 0.8578285941727812
0.067029746 0.23901784568213888 -0.003761712514979955 0.004212687538420149 0.9709985318035449
0.067211912 0.8072012164017442 -0.00010309089811407514 0.005713653375749002 0.5902474703206424
0.067368259 -0.9702296863660494 -0.003998450912258574 -0.0037746041974115224 0.24210594721123763
0.067532192 -0.8465158424413736 -0.005025604111874625 -0.002317588693205054 0.5323333463286537
0.067710175 0.9980585487883834 0.0031005511785197485 0.004886138333212363 0.06111770048468102
0.067909652 0.12560993621618072 -0.004221692747803787 0.0037363499373270956 0.9920634736495925
0.068085029 -0.7190310518189897 -0.00542020426926787 -0.0012160874494145438 0.694954967269751
0.068259631 -0.7895777106169894 -0.005244037001859557 -0.0018000386226001632 0.6136242816464901
0.068441785 0.16769300041450985 -0.004058753903307174 0.003918091137951495 0.9858228231268854
0.06860153100000001 -0.6510609337067939 -0.005520139267855896 -0.0006959876765248962 0.7590044289257732
0.068781308 0.7404382469869049 -0.0007156378642849387 0.0056584082129004 0.672099293072633
0.06897101700000001 -0.024936186817836763 -0.02004691587908063 -0.003322196651573208 0.9994822318745256
0.069154674 -0.7055110702649424 -0.005444869985473562 -0.0011097113007939288 0.7086762462503076
0.06934053600000001 0.14168670957220536 -0.0041605066813465204 0.0038064602431066076 0.9898951256394521
0.069523209 -0.97056470839696 -0.003992916387646861 -0.0037801989508641637 0.2407533641903873
0.069695245 0.42443519801699575 -0.002856612918534638 0.004892512428418617 0.9054401352446522
0.069875583 0.22394820217044445 -0.0038267029402389717 0.0041518822028577046 0.9745843125464794
0.070065732 -0.9561785747386777 -0.0042008754147990265 -0.0035577289535585303 0.2927174702622685
0.070238991 -0.9640832967050454 -0.004093195874090594 -0.003676032351152347 0.2655210815084435
0.070427749 0.6302905493271793 -0.0015746306831445594 0.005466029839021066 0.7763375656414089
0.070596042 -0.7889794434538725 -0.00524591591166522 -0.0017948527117927192 0.6143929676277448
0.070770287 0.8906865174055534 0.0008268520191014723 0.005672450219371782 0.45457767312795333
0.070954641 0.6488583943046644 -0.0014402685503164085 0.0055054002523488655 0.7608871260685477
0.071124221 0.9829158458066238 0.002448608863902352 0.00522344921962849 0.18391908097112067
0.07129673 0.38513775961321156 -0.003065692288477054 0.004759645897198698 0.9228413739136224
