0 -0.7067529998956005 0.00035399999994770805 0.0003529999999478558 0.7074602089259648
0.0008119140000000001 -0.7067518993525517 0.00035311622401329343 0.00035288919295729213 0.7074613088641037
0.001107436 -0.7067462561422152 0.00035099736152047786 0.0003543697093692965 0.7074669466850899
0.001353952 -0.7067402673725297 0.00035385056488846273 0.00035348275960771393 0.7074729283258278
0.001538405 -0.7067333501120784 0.0003634283756975688 0.00035155986415158713 0.7074798344580828
0.001734436 -0.7066931963814163 0.0003474703735240646 0.0003732649878325564 0.7075199404439466
0.0019133770000000002 -0.7066475352781673 0.00033675453416684274 0.0004332197463174923 0.7075655162614461
0.00208733 -0.7065890435156827 0.00031412507684096513 0.0004475259772534586 0.7076239288135531
0.0022359890000000003 -0.7065615287834689 0.00028175187777532064 0.0005140333137706464 0.7076513706824846
0.002377506 -0.7064780535353385 0.00024452043061238264 0.0005947209014929148 0.7077346581804003
0.0025128050000000003 -0.7064148169837969 0.00023758449717903727 0.0006251909967386241 0.7077977529178608
0.002667276 -0.7062899005047476 0.00013979913618151381 0.0007573982193372662 0.7079223002908814
0.002811769 -0.7061834726366708 -4.922592893768072e-06 0.0008823479453105537 0.7080283358826002
0.002982081 -0.7060984402363681 -5.388255732534205e-05 0.0009758816374609592 0.7081130117766993
0.0031317750000000003 -0.706018594503305 -0.0001726561541257659 0.0010460404690958596 0.708192502222925
0.003291618 -0.7059441496741272 -0.00023040205823799374 0.001071257552885609 0.7082666566082443
0.0034424480000000003 -0.7059153591511169 -0.00037795790947797617 0.0011982438671151708 0.7082950847450541
0.0035821100000000003 -0.7058320334136429 -0.000415569387157396 0.0012730233028662684 0.7083779692515269
0.0037184590000000003 -0.7057649136754901 -0.0004771526611907158 0.0013485127642529876 0.7084446629506717
0.003879477 -0.7056815660713273 -0.0005316720438833826 0.0014224258184129235 0.7085275021738733
0.004030257000000001 -0.7056059339780312 -0.0005644851130000723 0.0014874633791202958 0.7086026635176045
0.004189202 -0.7054751510071154 -0.0006029297548026331 0.0015504708543475066 0.7087327026653479
0.004343889 -0.7053081472987611 -0.0006517784598124685 0.0015578340881150527 0.7088988402387062
0.004484364 -0.705211561428351 -0.0006254209013354792 0.0016195190853829113 0.7089948093141554
0.0046304530000000005 -0.7051349971339687 -0.0007172686855405342 0.0017057511326931648 0.7090706676739522
0.0047888720000000004 -0.7050509966763262 -0.0007960480406225962 0.001818969185967959 0.709153826573852
0.00497091 -0.7050113274547175 -0.0008469845273916308 0.0018736178586680268 0.7091930628072073
0.005137509 -0.7049838281272135 -0.0009484422209038838 0.002089241861281301 0.709219668089442
0.005274089 -0.7048992023227336 -0.0010134397833607212 0.0021723449468108703 0.7093034388905862
0.005422473000000001 -0.7048410159105517 -0.001039109530446897 0.002227805747422572 0.7093610501170169
0.005572906000000001 -0.7047802861255597 -0.0010623090447060318 0.0023145547154781432 0.7094210756840659
0.0057091730000000005 -0.7047294135260085 -0.0011337456461557116 0.0024260719417384937 0.7094711287339547
0.0058913820000000006 -0.7046826288005457 -0.0012286233770242875 0.002516244389828465 0.7095171257027703
0.006052653000000001 -0.704622468269375 -0.00131260980514546 0.0025638345566524378 0.7095765504988446
0.006193141 -0.7045623272844836 -0.0014272982265460656 0.002616741826430159 0.7096358520068294
0.006345535 -0.7044756557557947 -0.0014594593258872828 0.0027135235741534243 0.7097214645307917
0.006501304 -0.704390748588277 -0.0014481770253169475 0.0027318603850847102 0.709805686808289
0.006642671 -0.7043067809250374 -0.0015257520969396132 0.002793482668326001 0.7098886017384222
0.006791040000000001 -0.7042074524360862 -0.0015949619099524842 0.0028674989584559713 0.7099866882412
0.006950607 -0.7041576472974376 -0.0017201536673909854 0.0029605703561554576 0.7100354102768851
0.0071113850000000004 -0.7040512802356333 -0.0017165258932577854 0.00291357006852788 0.7101410841846003
0.007252740000000001 -0.7040294187682603 -0.0017510387281115887 0.00289477731056411 0.7101627501048762
0.007396482 -0.7039377324585676 -0.001870439735157726 0.0030459941714898633 0.7102526960144502
0.007538896000000001 -0.7039121492382037 -0.0019953033786550126 0.0031684632710932883 0.7102771753053734
0.007670357000000001 -0.703871853269918 -0.002183158970119273 0.003336660413125906 0.7103157851889328
0.007837687000000001 -0.7038076273448268 -0.0022368752688837917 0.0033844926509980066 0.7103790293144728
0.008014323 -0.7037856784961997 -0.002372285548875225 0.0034910687545887074 0.7103998194283763
0.008162945000000001 -0.7037197790057318 -0.002356169781446076 0.003582756306601804 0.7104646964890888
0.00831027 -0.7036869225297505 -0.0024898201235554174 0.003734942383098009 0.7104960000322006
0.008474474000000001 -0.7036370943121553 -0.0025994166942937304 0.003860375609989295 0.7105442843630134
0.008634332 -0.7036006883361865 -0.0027500789201715605 0.003983447594786639 0.7105790881978146
0.008770539 -0.7035264186608163 -0.002876529462507324 0.004050782441417862 0.7106517395927135
0.00893477 -0.7034469522266059 -0.0030698560625567846 0.004273957099857766 0.7107282847034889
0.00910297 -0.7033866277134044 -0.0031824147090913856 0.0043036248319553525 0.7107873120729508
0.009277073 -0.7032993060625815 -0.0031765424361062337 0.00429065701507938 0.7108738185729042
0.00944785 -0.7032037565240826 -0.003234547433593671 0.004303772664660488 0.710967996504885
0.009610214 -0.7031134366576445 -0.0032096711581846653 0.004275301810837711 0.7110576031496744
0.009769603 -0.7030360138515963 -0.0032205172468661065 0.004374034754233895 0.7111335031597724
0.009921175 -0.7029879557854822 -0.0032105762845812545 0.004367378882448091 0.7111810966428787
0.01009428 -0.7029652095736744 -0.0032095592418126947 0.0043739093605593875 0.7112035445464396
0.010248041000000001 -0.7029137634493371 -0.003369233761266975 0.0045116347642803105 0.7112527923102345
0.010411100000000001 -0.7029209439131957 -0.0034220391206710053 0.00452575464889206 0.7112453541509408
0.010554597 -0.7028658984514715 -0.003421134685009268 0.0044954393044238615 0.7112999477414107
0.010711724 -0.7027949710609077 -0.0033744395248592476 0.004512004772533967 0.7113701452987214
0.010874328 -0.7027264150115492 -0.003240643686305657 0.004433351298068531 0.7114389849240642
0.01104269 -0.7025866395547131 -0.003290133566874838 0.004518664937675671 0.7115762577598478
0.011215826 -0.7025149329887793 -0.0032505812599342705 0.004528579701963389 0.7116471700324023
0.011369738 -0.702449390205938 -0.003187965801890343 0.004454156363917798 0.7117126186632061
0.011517237000000001 -0.702400960635871 -0.0031042970770217126 0.004382228962512086 0.7117612309663851
0.011661505 -0.7023059724168919 -0.0031016852464330457 0.004264107385735398 0.7118556862485538
0.011833910000000001 -0.7022725879237267 -0.003007541895064443 0.0041325153784273205 0.7118898013452001
0.0120081 -0.7021961581043341 -0.0028501630406609756 0.0039675302093986125 0.711966776484825
0.012167805 -0.7021075210979882 -0.0027232415393169504 0.00386728069111149 0.7120552344539104
0.012318448000000001 -0.7020279877868295 -0.0026180998645746146 0.0035656502617046762 0.7121356163367242
0.012488810000000001 -0.7019886837228827 -0.0024122015997926085 0.003292315470252592 0.7121764036159169
0.012638566 -0.7019201619698651 -0.002356374560622216 0.0032640319469181287 0.7122442557259261
0.012787986000000001 -0.7018535061303818 -0.002298488428980386 0.003219199362761882 0.7123103323965584
0.012956619 -0.701785098997106 -0.0021991943812639672 0.0031407669531445634 0.7123783923959529
0.013114013 -0.7017577096323042 -0.0020685568327598334 0.0028654921817134666 0.712406925147987
0.013281586000000001 -0.7017343019001576 -0.0020406746860500793 0.0027969279015835824 0.7124303351050109
0.013441452000000001 -0.7016763168125099 -0.001900323987686131 0.0025725437604118342 0.7124886786551583
0.013612141000000001 -0.7016730622705329 -0.001815174695384632 0.0024154567063729786 0.7124926556769678
0.013774621 -0.7015921926540647 -0.0017755275932172779 0.0022521325322162693 0.7125729230104703
0.013984332 -0.7015577805764663 -0.0017993430411341528 0.002184648936254999 0.7126069535068187
0.014146009000000001 -0.7015147016396808 -0.0016641411664875397 0.0019619368453247573 0.7126503383998238
0.014298044000000001 -0.7014304723728629 -0.0015539179082696725 0.0017415193145010573 0.7127340632216161
0.014453051000000001 -0.7013696231054164 -0.0014806113828781076 0.0016361192161832162 0.7127943481038624
0.014593866 -0.701287091859481 -0.0014025289404559162 0.0015786841393158754 0.7128758345323764
0.014738074 -0.7012617221846942 -0.001345402274401715 0.0015372868481259966 0.7129009914710627
0.014898843 -0.7011666835735478 -0.0011711731651556177 0.0013251026701429857 0.7129951993546687
0.015076491000000001 -0.7011453319587491 -0.0009965952935204754 0.001075332517742773 0.7130168819391681
0.015232200000000001 -0.7011282912370015 -0.0008443752937501245 0.000748029905789769 0.7130342535311376
0.015373739 -0.7010546813598545 -0.0008109805661253882 0.0006380934658979028 0.7131067724336124
0.015527601 -0.7009808642094285 -0.0006889415789510904 0.0004846101449480975 0.7131795836426558
0.015677059 -0.7009438005996549 -0.0006086731666890131 0.00035180176960268703 0.713216162291211
0.015846579 -0.7008771133136056 -0.0005188587841514359 0.00030752366130022517 0.7132817874079976
0.016018749000000002 -0.7008694785437478 -0.00039595633087194403 0.00014334454849174077 0.7132894200229947
0.016202093 -0.7008011255732524 -0.0002986985388473488 0.00016705265762060782 0.7133566185771713
0.016336692 -0.7008042912849484 -0.0002147620205513724 -1.6880408268083458e-05 0.7133535581385492
0.016483077000000002 -0.7007137487692493 -0.00010099041024342347 -5.8497554254589794e-05 0.7134425195239764
0.016629701 -0.700671873586474 -9.519351372746083e-05 -6.580415331931693e-05 0.7134836453436262
0.016773820000000002 -0.7005967130906146 -0.00016426839339343411 -9.546658970998025e-05 0.7135574325228861
0.016945331 -0.700569411032316 -3.082662914765229e-05 -0.00021100823053879636 0.7135842310835353
0.017112046000000002 -0.7004894195937722 -3.171839917913389e-05 -0.00017336966907945242 0.7136627648785397
0.017259267000000002 -0.7004744541933701 1.5886148785920128e-05 -0.00021632917290113308 0.7136774425269586
0.017392473000000002 -0.7003780340468546 -7.079654127160066e-05 -0.00014415491609365375 0.7137720810117706
0.017549033000000002 -0.7003350637951574 -4.466574196331884e-05 -0.0001830556516558518 0.7138142355785807
0.017692808 -0.700350539305508 0.0001558058881619139 -0.0002635887346243416 0.7137990111649002
0.017864902000000002 -0.7003377792810468 0.00023200343146832997 -0.0002870019297993986 0.7138115008291704
0.018051845 -0.7002788535750554 0.00023641766978021748 -0.00027028241049760883 0.7138693145735507
0.018208385 -0.700232966708817 0.0002673957238851541 -0.0001987302683836867 0.7139143375363581
0.018361055 -0.7002049341035868 0.0002476467125324556 -0.0002278444470773762 0.7139418302740121
0.018512973000000002 -0.7000953979099456 0.0002931234687061719 -0.00017164482472587636 0.714049240908498
0.018659755 -0.7000308579481053 0.0003355657634067405 -0.00017473529317940976 0.7141124944878338
0.018822792 -0.7000109575257091 0.00036757989569690254 -0.00010561280381780604 0.714131999755575
0.018996141 -0.6999467672924162 0.0003479479533771407 -0.00011596244050221938 0.7141949232820345
0.019171068000000003 -0.6998511867287948 0.00018797012071458148 4.654071840937052e-05 0.7142886523916601
0.019340124 -0.6997952369258864 0.000251632970856483 -0.00012180895022323472 0.7143434385638823
0.019496746000000002 -0.6997311917386848 0.00032091449025174046 -0.00022410218033300155 0.7144061212644133
0.019643515 -0.6997353653600996 0.00040037388228337503 -0.0003276516230615726 0.714401953251485
0.019804754 -0.6996600456408795 0.000381393810835299 -0.0002926961207388924 0.7144757444459157
0.019980788000000003 -0.6996032782239536 0.0006146392239932505 -0.0003688202588541608 0.7145311324837702
0.020147154 -0.6995530944887239 0.0008006745569778392 -0.000478157286967374 0.7145800153076729
0.020294878000000002 -0.6995009058545671 0.0010909076814494636 -0.0006138603020080934 0.7146306149365567
0.020434605 -0.6994150049226897 0.0010849963473408342 -0.0006266270499023956 0.7147146850390451
0.020576913000000002 -0.6993052878486185 0.0010748529022645474 -0.00048299131331846096 0.7148221637565468
0.020722581 -0.6992988588396511 0.0009340384009958048 -0.0004073423741963141 0.7148286981298513
0.020902142000000002 -0.6991792701785755 0.0011659818215520312 -0.00027678529729028385 0.7149453909417463
0.021065292000000003 -0.6991120128669273 0.0009413443630551496 -9.831023522458567e-05 0.7150115367398221
0.021227428000000003 -0.6990139974389934 0.001037297386873505 0.00010611994508169345 0.7151072256221777
0.021376911000000002 -0.698923740572278 0.001091088787291601 0.00018934714999139179 0.7151953429220376
0.021526103 -0.69887528534501 0.0010086261217009179 0.0002726602689804294 0.7152427866561507
0.021703738 -0.6987868175607445 0.0009383837529847288 0.0002057709831276938 0.7153293372269602
0.02187725 -0.6988015417645048 0.001423934087113025 -0.00017478437948423306 0.715314159715637
0.022038845 -0.6987296522565406 0.001156305421789369 0.00013659831984391514 0.7153848735863272
0.022195476000000002 -0.6987049007996241 0.001300515287372822 -1.2257478463415907e-05 0.7154088132727536
0.022344431 -0.6986746289040386 0.0013922780131653734 6.040438159720903e-06 0.7154382044951555
0.02251736 -0.6986612041864282 0.0011934239397212603 0.00011383310315493368 0.7154516647168385
0.022662632000000002 -0.698561288285353 0.0007633988476782529 0.0005659167001708055 0.7155495953947543
0.022795724 -0.6985146153644217 0.0008717339226760951 0.0005292498619603813 0.7155950615374916
0.022969917000000003 -0.6985278998548755 0.0010377051655488141 0.0002611070442440548 0.7155820205367367
0.023118759000000003 -0.6984862724963217 0.001199403130645703 0.00021215053482950784 0.7156224168920897
0.023287702 -0.6984508274342468 0.0011474393750925222 0.00021537418991660444 0.7156570957192108
0.023452348 -0.698454727405903 0.001004763028950724 0.0003175470832027896 0.7156534659871718
0.023595925 -0.6984516247651156 0.0008704269128234508 0.0005158891775542294 0.7156565545555471
0.023742033000000003 -0.6984458919301794 0.0010980520386515414 0.00023317337402887033 0.7156619844296295
0.023926529000000002 -0.6983367017077509 0.0006967546955583518 0.0006367514558544951 0.7157687895741321
0.024072153000000002 -0.6983379459990167 0.0006361810918933972 0.0007757932616928374 0.7157674947888516
0.024241205000000002 -0.6983036213489267 0.0008814246009412565 0.0007142607131907298 0.7158007860664042
0.024389498000000003 -0.6982328730349993 0.0002837492439842109 0.0012162381154377639 0.7158696077251111
0.024540758000000003 -0.6981654885833025 0.00011495798127428542 0.00132743643197178 0.7159351753115787
0.024678138000000002 -0.6981323478974025 6.236447029954489e-05 0.0013058253617934405 0.7159675381957329
0.024841357 -0.6980774771930821 0.00042759451140487564 0.00108491637304201 0.7160212817752976
0.024998217000000003 -0.6980687627376555 0.00041525843799081587 0.0011342181763126966 0.716029708601171
0.025152347000000002 -0.6980678778333737 0.0004990343382704287 0.0009986580632700868 0.7160307197208879
0.025311473 -0.6980020564807987 0.0004604678348369228 0.000871252955806257 0.7160950761150622
0.025466062 -0.6979668428178064 0.0003471283497624776 0.0007686144090055376 0.71612957979736
0.025610839000000003 -0.6978947167997286 0.0009386567474345706 0.00021776536115611256 0.7161997177916126
0.02575681 -0.6978251736551033 0.0010844166649126598 -1.2643457445318972e-05 0.7162673040798844
0.025939543000000002 -0.6978098395853174 0.0009601328835627173 -9.775981306107994e-05 0.7162824138325463
0.026114605000000003 -0.6976944682333048 0.0010095100562108922 -0.0005156665500324726 0.716394544908113
0.026272861 -0.6976675011389192 0.0008667542130832308 -0.000398946957001925 0.71642106852956
0.026434337000000002 -0.6975750110885207 0.0009811403780886408 -0.0005319275655928701 0.7165108919768592
0.026564745 -0.6976066635747408 0.0007528260432107246 -0.0003413596356279988 0.7164804670489399
0.026715333 -0.6975682287311934 0.0009548185155485042 -0.000678379235619868 0.7165174068981444
0.026897746 -0.6975267117318851 0.0013567683386658833 -0.001097774822561531 0.7165566554646037
