0 -0.7067529998956005 0.00035399999994770805 0.0003529999999478558 0.7074602089259648
0.0008119140000000001 -0.21430203997234637 -0.6739385380536459 0.6734794447025564 0.21519042440831346
0.001107436 -0.5765874683675771 0.4096994644314615 -0.408713614402274 0.576755079023694
0.001353952 -0.5645171582799647 -0.4250900037870775 0.42522970871642274 0.5655073482337576
0.001538405 -0.23370377066377926 0.6678961011842213 -0.6669951069344492 0.2332699470019018
0.001734436 -0.7064671623322218 -0.019414671694959862 0.02010163410991701 0.7071938508846789
0.0019133770000000002 -0.19539934955092772 -0.6796884323819514 0.6792046942098678 0.19627455865924573
0.00208733 -0.5877829907832754 0.3934232391801427 -0.39244245764512214 0.5879780835605264
0.0022359890000000003 -0.552414547668213 -0.440725963915544 0.44083794545336574 0.5534082547407352
0.002377506 -0.2522503330016954 0.6611170455473798 -0.6602042808019857 0.25184185518972346
0.0025128050000000003 -0.7056296010584439 -0.03916818123881974 0.03983456957762467 0.706375201617116
0.002667276 -0.17634405995153576 -0.6849075147660648 0.6843995095555122 0.1772054102263312
0.002811769 -0.598519477241806 0.3768397655426798 -0.37586481845449965 0.598741899780158
0.002982081 -0.5398805225482247 -0.45601773393863365 0.45610190463174266 0.5408769706924009
0.0031317750000000003 -0.27059989741707513 0.6538216833299465 -0.6528978609227996 0.2702170844599512
0.003291618 -0.7042409701788751 -0.05889110189945857 0.0595363957384622 0.7050049004583334
0.0034424480000000003 -0.1571510526929886 -0.6895917084844686 0.6890598329704837 0.15799787145085356
0.0035821100000000003 -0.6087885429616574 0.35996199457224337 -0.3589936433270984 0.6090381215575836
0.0037184590000000003 -0.526924871514594 -0.4709533715660752 0.4710096656804918 0.5279232825426727
0.003879477 -0.28873813362232364 0.646015711804859 -0.6450815532055464 0.28838128448186817
0.004030257000000001 -0.7023023541623152 -0.0785680308333523 0.07919172622290113 0.7030840175623297
0.004189202 -0.13783531688561176 -0.6937373538837576 0.6931820234447545 0.13866694279033512
0.004343889 -0.6185821681988556 0.34280310715734563 -0.3418421080003306 0.6188587079409974
0.004484364 -0.5135577124357762 -0.48552121263222386 0.4855495862045149 0.5145573066270657
0.0046304530000000005 -0.3066508763649117 0.6377052270519469 -0.6367614618022935 0.30632026972629656
0.0047888720000000004 -0.6998152669948434 -0.09818360111465209 0.0987852109726534 0.7006140530662944
0.00497091 -0.11841193755789997 -0.6973412105052132 0.6967628588400469 0.11922772113560486
0.005137509 -0.6278927045100946 0.3253765037280096 -0.324423607162521 0.6281959894314783
0.005274089 -0.49978948455246297 -0.4997098802050755 0.4997103110766891 0.5007894812622664
0.005422473000000001 -0.3243241364911093 0.6288967191826211 -0.6279440843269278 0.32402003054518613
0.005572906000000001 -0.6967816509974443 -0.1177224937361564 0.11830154822847123 0.6975969359190681
0.0057091730000000005 -0.09889608394708403 -0.700400457749976 0.6997995365426399 0.09969538809035478
0.0058913820000000006 -0.6367128807258894 0.30769579379049183 -0.3067517439921142 0.6370426739725878
0.006052653000000001 -0.485630940324994 -0.5135082934709095 0.5134807813054814 0.4866305585942503
0.006193141 -0.34174411187178605 0.6195970672624694 -0.618636306771889 0.34146674411343775
0.006345535 -0.693203875309143 -0.1371694495728605 0.13772549648022578 0.6940350223747063
0.006501304 -0.0793029978303337 -0.7029126915547826 0.7022896701307548 0.08008519828728809
0.006642671 -0.645035808629092 0.28977478529873724 -0.28884031953406886 0.6453918526451945
0.006791040000000001 -0.4710931370361548 -0.5269056763875732 0.5268502426711942 0.4720915962013409
0.006950607 -0.35889719818191135 0.6098135339333965 -0.608845398124911 0.35864678522455384
0.0071113850000000004 -0.6890847340367968 -0.15650928129873745 0.15704188636993247 0.6899310941523431
0.007252740000000001 -0.05964798215163202 -0.7048759059552108 0.7042312709448583 0.0604124679852075
0.007396482 -0.652854988334329 0.27162747387085495 -0.27070332192173163 0.6532370050630872
0.007538896000000001 -0.45618742815593605 -0.5398915660996386 0.5398082541240764 0.4571839484587468
0.007670357000000001 -0.3757699995253937 0.5995537597381441 -0.598579004688596 0.3755467369318058
0.007837687000000001 -0.6844274440730121 -0.17572688524744362 0.176235632538423 0.6852883562637793
0.008014323 -0.03994639117045751 -0.7062883893499922 0.7056226444457592 0.040692565104121545
0.008162945000000001 -0.6601643133641761 0.2532680318590518 -0.25235491545261496 0.6605720044651505
0.00831027 -0.4409254544750235 -0.5524558211088387 0.5523446959377296 0.44191925767130613
0.008474474000000001 -0.39234933889704404 0.5888257571509407 -0.5878451441065508 0.39215340102664
0.008634332 -0.6792356425838826 -0.19480725320769013 0.19529174540642077 0.6801104345104934
0.008770539 -0.020213632840114844 -0.7071476424347105 0.7064613092318371 0.02094091052400722
0.00893477 -0.6669580754180815 0.23471079728154046 -0.23380942952659542 0.6673911225001417
0.00910297 -0.4253191350138938 -0.5645886291932835 0.5644497776113307 0.42630944498143897
0.009277073 -0.40862226847351857 0.5776379043184492 -0.5766521991003184 0.40845380834615974
0.00944785 -0.6735133841684987 -0.21373548414405774 0.21419534288080483 0.6744013726520405
0.009610214 -0.00046743186128748136 -0.7065301963324045 0.7058247368283185 0.001174323360953144
0.009769603 -0.6732309688303466 0.2159702626250806 -0.2150813474551866 0.6736890337003117
0.009921175 -0.4093806577146758 -0.576280515069271 0.576114045514472 0.4103667010593334
0.01009428 -0.4245760797252164 0.5659989385156317 -0.5650089109216571 0.424435228901718
0.010248041000000001 -0.667265137692479 -0.23249679583411845 0.23293166197693735 0.668165629248032
0.010411100000000001 -0.019284090365860613 0.707211809689779 -0.7064859206141757 0.018596291514105606
0.010554597 -0.6789780947136411 0.1970610635268812 -0.19618529515060618 0.6794608196404041
0.010711724 -0.3931224699230372 -0.5875223477895489 0.5873283902685164 0.39410347658269623
0.010874328 -0.4401983133412703 0.5539179493215036 -0.5529243725251944 0.4400851818206497
0.01104269 -0.6604957827979534 -0.25107653641275446 0.25148607034795895 0.6614080741761841
0.011215826 -0.03901793450660584 0.7064190298322878 -0.7056742019946154 0.03835068477521127
0.011369738 -0.6841949647848602 0.17799796734472084 -0.17713602970349032 0.6847019727787551
0.011517237000000001 -0.37655726866753836 -0.5983053478720775 0.5980840538585217 0.3775324725135147
0.011661505 -0.455476768959876 0.541404371519958 -0.5404080214666173 0.45539144509344837
0.011833910000000001 -0.653210606092769 -0.2694601958146753 0.2698440777120638 0.6541339848291315
0.0120081 -0.05872133895012195 0.7050721005936511 -0.7043089181051825 0.05807516193023144
0.012167805 -0.6888775048702974 0.1587958616241929 -0.15794842785815869 0.6894083999775203
0.012318448000000001 -0.35969799074408143 -0.6086210941535191 0.6083726364699643 0.3606666301794176
0.012488810000000001 -0.4703995146963734 0.5284679777311737 -0.5274696325319109 0.4703420651187492
0.012638566 -0.645415297021853 -0.2876334171061869 0.2879913471688177 0.6463490419930007
0.012787986000000001 -0.07837889211682188 0.7031741859457962 -0.702393245165793 0.0777542928068396
0.012956619 -0.6930220580874258 0.1394697424720972 -0.13863747439444038 0.6935764256992584
0.013114013 -0.34255780261321256 -0.618461530361679 0.6181861030445158 0.34351912116744876
0.013281586000000001 -0.48495489646164186 0.5151188707792715 -0.5141193101033319 0.48492536603868713
0.013441452000000001 -0.6371159434239863 -0.3055820076973636 0.30591370639568544 0.6380593254109412
0.013612141000000001 -0.09797523749113646 0.7007270172466837 -0.6999289281587191 0.0973727037842521
0.013774621 -0.6966253877007911 0.12003470284504994 -0.11921825042513051 0.6972027948773878
0.013984332 -0.3251500901182307 -0.6278189714012311 0.6275167895492063 0.3261033370381504
0.014146009000000001 -0.4991315470635355 0.5013674758021929 -0.500367480268059 0.4991299588573324
0.014298044000000001 -0.6283190267774467 -0.32329195042586817 0.3235971587160213 0.6292713090350931
0.014453051000000001 -0.11749506951602678 0.6977325669043064 -0.6969179528244779 0.11691507201021915
0.014593866 -0.6996846796497722 0.10050592076245839 -0.09970592161821336 0.7002846754582754
0.014738074 -0.30748844803217745 -0.6366861093468672 0.6363574089531312 0.30843287886810183
0.014898843 -0.512918395084259 0.4872245321098998 -0.4862248826756634 0.512944750335095
0.015076491000000001 -0.6190314171382387 -0.34074941450375895 0.34102789402988043 0.6199918559706886
0.015232200000000001 -0.13692314328430003 0.694193194612587 -0.6933626917419219 0.1363661349558338
0.015373739 -0.7021975447462631 0.08089864745306637 -0.0801157263530553 0.7028196606129634
0.015527601 -0.2895866694420053 -0.6450560191377386 0.6447010569055944 0.2905215466291322
0.015677059 -0.5263046735267415 0.4727010847972701 -0.4717025621507297 0.5263589516521427
0.015846579 -0.6092603677748558 -0.35794076631873406 0.3581922995991043 0.6102282131162488
0.016018749000000002 -0.15624428588310002 0.6901116734220919 -0.6892659303615531 0.15571070174531534
0.016202093 -0.7041620205405401 0.061228195444330155 -0.06046296381981409 0.7048057706168123
0.016336692 -0.2714587349783432 -0.6529221639662696 0.6525412171087662 0.27238332841270163
0.016483077000000002 -0.5392799282232764 0.45780847611821035 -0.4568118600671881 0.5393620868340735
0.016629701 -0.5990135095037736 -0.3748525800813767 0.37507697067826506 0.5999880055040498
0.016773820000000002 -0.17544340805714598 0.6854911951746727 -0.6846308724230875 0.17493366482546174
0.016945331 -0.7055765728538612 0.0415099266039206 -0.04076298207135859 0.7062414543955945
0.017112046000000002 -0.2531188018995565 -0.6602784003529159 0.6598717663764564 0.2540323895081053
0.017259267000000002 -0.5518340259998323 0.4425583366277223 -0.44156440549105824 0.5519440009332733
0.017392473000000002 -0.5882988447301009 -0.3914716483100799 0.3916687209831561 0.5892792303452857
0.017549033000000002 -0.19450551591853465 0.6803353706032766 -0.6794611400434465 0.19402001168711955
0.017692808 -0.7064400969766024 0.02175924014269616 -0.02103116603702893 0.7071255907368269
0.017864902000000002 -0.23458119303903713 -0.6671189828953997 0.6666869793675542 0.23548306134345945
0.018051845 -0.5639571625896957 0.4269625760988333 -0.4259721060985539 0.5640948679595474
0.018208385 -0.5771247411980234 -0.40778499214545993 0.40795459298865144 0.5781102507845791
0.018361055 -0.21341572262270633 0.674648227545376 -0.6737607719202998 0.21295483655459083
0.018512973000000002 -0.7067519185310025 0.0019915605885129197 -0.0012829255076007686 0.7074574891653954
0.018659755 -0.2158603856251375 -0.6734385686749254 0.672981532976663 0.21674983029880668
0.018822792 -0.5756398702902282 0.4110333742214784 -0.4100471388765925 0.575805198553857
0.018996141 -0.5654999254559528 -0.4237798714861999 0.42392186804788673 0.5664897893687124
0.019171068000000003 -0.23215925997765546 0.6684342082593567 -0.6675342206395313 0.23172335200915997
0.019340124 -0.7065117939978226 -0.017777674259735997 0.018466316899166176 0.7072368904827963
0.019496746000000002 -0.19697099998374065 -0.6792322212890016 0.6787505103515973 0.1978473264014699
0.019643515 -0.5868730253567989 0.39478317109060024 -0.3938019406130129 0.5870658473991524
0.019804754 -0.5534334760414563 -0.43944379493839764 0.4395580763248536 0.5544269212346887
0.019980788000000003 -0.2507214899682603 0.6616981661810005 -0.6607863494234374 0.2503109005282121
0.020147154 -0.7057199109065337 -0.03753302538844313 0.03820113778299542 0.7064639669695598
0.020294878000000002 -0.17792778813486887 -0.6844954144532488 0.683989404480191 0.17879031191479014
0.020434605 -0.597647855128082 0.37822465749088746 -0.37724919818389296 0.5978680203625204
0.020576913000000002 -0.5409348163913112 -0.45476452957064384 0.4548510065326433 0.5419310670224342
0.020722581 -0.26908791618283234 0.6544453622515383 -0.6535224284510234 0.26870296592689624
0.020902142000000002 -0.7043768876888616 -0.05725906462655662 0.05790612500616978 0.7051393222507126
0.021065292000000003 -0.15874562229714378 -0.6892240350502709 0.6886941212246234 0.15959366983414636
0.021227428000000003 -0.6079559448771704 0.3613707649857391 -0.36040183864556713 0.6082032813630769
0.021376911000000002 -0.5280137074822069 -0.46973011046719276 0.4697887154697096 0.5290119855176924
0.021526103 -0.28724419513116617 0.6466814608748798 -0.6457481308079567 0.2868851846915228
0.021703738 -0.7024837731958229 -0.0769403866943811 0.07756588972981113 0.7032639908243714
0.02187725 -0.13943948331960562 -0.6934143853440287 0.6928609815220249 0.1402723923094392
0.022038845 -0.61778924438317 0.3442346558181974 -0.3432730191390797 0.6180635589602217
0.022195476000000002 -0.5146802402078495 -0.48432885007175686 0.4843595373467127 0.5156797660308414
0.022344431 -0.30517614744430105 0.6384125255323014 -0.637469528094438 0.30484335719494654
0.02251736 -0.7000420458786186 -0.09656162123449989 0.09716507843196286 0.700839437253843
0.022662632000000002 -0.12002444907434293 -0.6970631836375697 0.696486722029929 0.1208415690266973
0.022795724 -0.6271400742181087 0.3268297126317267 -0.32587611661494914 0.6274411526571317
0.022969917000000003 -0.5009448274984466 -0.4985493473146161 0.49855209289662433 0.5019448205175924
0.023118759000000003 -0.3228697689468139 0.6296450140704418 -0.6286930857068361 0.3225634587846443
0.023287702 -0.6970536126340178 -0.11610744481542071 0.11668838489808799 0.6978675550238626
0.023452348 -0.10051568288132638 -0.7001675612763063 0.6995684921209877 0.10131637561836045
0.023595925 -0.6360011317442833 0.30916952801887926 -0.30822471738627605 0.636328738914558
0.023742033000000003 -0.48681819618866634 -0.5123804965158547 0.5123552982609407 0.4878178754477539
0.023926529000000002 -0.34031124159269666 0.6203857736726514 -0.6194256578031249 0.34003165073458097
0.024072153000000002 -0.6935208073151561 -0.1355625928985742 0.1361205621746215 0.6943506650618583
0.024241205000000002 -0.08092842215852475 -0.7027250488465169 0.7021038400839005 0.08171206228824826
0.024389498000000003 -0.6443654968173453 0.29126789390599084 -0.2903326065183485 0.6447193768702284
0.024540758000000003 -0.47231137864052347 -0.525811496057796 0.5257583736450748 0.47330996342834486
0.024678138000000002 -0.3574869442561538 0.6106420355211529 -0.6096744819595881 0.3572342910521346
0.024841357 -0.6894463889088877 -0.15491187175931503 0.1554464344762385 0.6902915139254018
0.024998217000000003 -0.061277967963491546 -0.7047335210907966 0.704090658083452 0.06204394328756821
0.025152347000000002 -0.6522266371906633 0.2731387907822139 -0.2722137570630277 0.6526065137594043
0.025311473 -0.4574357041276315 -0.5388318568197397 0.5387508517360535 0.45843241458770667
0.025466062 -0.37438346336877576 0.6004214091561207 -0.599447173524903 0.3741579451315583
0.025610839000000003 -0.6848335393811269 -0.1741401703526169 0.1746509090375396 0.6856932716572578
0.02575681 -0.04157967858504847 -0.7061909171254063 0.7055269026509972 0.042327390220449415
0.025939543000000002 -0.6595784136167683 0.2547963767812892 -0.2538823191463319 0.6599839900323344
0.026114605000000003 -0.44220278998764545 -0.5514314103684109 0.5513225858759359 0.44319684772724954
0.026272861 -0.39098760339472455 0.589731876537257 -0.5887517196771708 0.39078939624560477
0.026434337000000002 -0.6796858611918638 -0.19323247211419586 0.1937189878998979 0.6805595293097086
0.026564745 -0.02184899305367508 -0.7070926163379702 0.7064079732275194 0.022577852954199153
0.026715333 -0.6664150846418673 0.23625497662458467 -0.23535260891772708 0.6668460441646331
0.026897746 -0.4266245325497666 -0.5636003168975993 0.5634637579844484 0.427615161247815
0.027078968000000002 -0.40728639713574216 0.5785817858132242 -0.5775964731892745 0.4071156558670676
0.027234919000000003 -0.6740073744817915 -0.2121738666878449 0.21263577962426397 0.6748942961400868
0.027380643000000003 -0.002103301035882331 -0.70696883285476 0.7062645707109791 0.002812268849883162
0.027510992 -0.6727313110896993 0.21752907043403577 -0.21663909736976153 0.6731873171568129
0.027665715 -0.41071309784441673 -0.5753290729106593 0.5751648862245209 0.4116995238577319
0.027822051 -0.42326711585787247 0.5669798448042133 -0.5659901459078348 0.4231239738121592
0.027999605 -0.6678025139327315 -0.23094956156981578 0.23138651092077406 0.6687019964797071
0.028165612000000003 -0.017648936483653337 0.7072432322116258 -0.7065189466473776 0.016959469186253608
0.028308157 -0.67852216023124 0.1986332824237303 -0.19775639903678166 0.6790028567194529
0.028444601000000003 -0.39448091210235275 -0.5866085186396722 0.5864168324045345 0.3954623650698509
0.028587088 -0.4389172792319968 0.5549351142030192 -0.5539418019511347 0.4388018481978102
0.028727548000000002 -0.6610761253043266 -0.249544893661159 0.2499565381860839 0.6619874662786467
0.028898661000000003 -0.037384498549301176 0.7065039069314925 -0.7057606274785612 0.036715528645654937
0.029081631 -0.6837831096369587 0.17958236947895467 -0.17871926058153714 0.6842881211407591
0.029246766 -0.37794065205068733 -0.5974298451952311 0.5972108091112639 0.3789163654949756
0.029408052 -0.45422466508040715 0.5424570005001409 -0.5414608506315478 0.4541370352050546
0.029553313 -0.6538334616497107 -0.2679453407190023 0.26833135893942356 0.6547559493290557
0.029700007 -0.057090976814402915 0.7052037987925102 -0.7044421148343103 0.0564430358855783
0.029855498 -0.6885100507086787 0.1603912096316391 -0.15954254927860864 0.6890389828334605
0.030011006000000003 -0.36110523501339215 -0.6077846014407999 0.6075383865674654 0.3620744469393477
0.030176635 -0.4691773189217865 0.5295552486385217 -0.528557039108072 0.46911755864092186
0.030334225000000003 -0.6460801792130728 -0.2861365326978076 0.28649662314841917 0.6470130931699771
0.030481386000000003 -0.07675289504640136 0.7033518184232206 -0.7025723259140221 0.07612649027020081
0.030621836000000003 -0.6926992918882318 0.14107479044118648 -0.140241241403639 0.6932517315582994
0.030784713000000002 -0.3439878088240951 -0.6176647005856983 0.6173914992081942 0.34494976231392677
0.030954541000000002 -0.48376356330714815 0.5162399344037615 -0.5152404447748125 0.4837317192913273
0.03112213 -0.6378223330123716 -0.3041042629717696 0.3044381444358642 0.6387649446768436
0.031274397 -0.09635488223225216 0.7009502354825471 -0.7001535434775968 0.09575050312854214
0.031427898 -0.6963475615404188 0.12164819728976681 -0.12083041053743945 0.6969230773215944
0.031573757 -0.32660174155910937 -0.6270624264905946 0.6267624519697258 0.327555685363446
0.031715318 -0.4979720069394276 0.5025214565558106 -0.5015214673914177 0.4979681040576673
0.031892311 -0.629066372110608 -0.32183449942957126 0.3221419111586589 0.6300179453391184
0.032054867 -0.11588162488428516 0.6980011173383093 -0.6971878481384248 0.11529974357485932
0.032215607 -0.6994520105080463 0.10212660160121892 -0.10132521579410728 0.7000501529445904
0.032387286 -0.3089606110988209 -0.6359704396790413 0.6356439262846528 0.30990580022336583
0.032526643 -0.5117915535696235 0.4884105287083158 -0.4874108209616414 0.5118155948699767
0.032681417000000004 -0.6198191345793744 -0.33931339543283945 0.3395940973502844 0.6207789262297558
0.032840965 -0.13531787122741215 0.6945068310510445 -0.6936776198414761 0.13475894219807366
0.033017888 -0.7020102143369993 0.08252524899275372 -0.0817408899823433 0.7026305163026267
0.033173541 -0.29107819452575223 -0.6443817830479687 0.6440289857760694 0.29201389081302787
0.03333398 -0.5252114106625091 0.4739181709619976 -0.47291952536642 0.5252633773696833
0.033483428 -0.6100878421586075 -0.35652730062974136 0.356781073518253 0.6110551026704163
0.033630006000000004 -0.15464844124304583 0.6904701318201302 -0.6896256262110121 0.15411290102741243
0.033771858 -0.7040201751696559 0.06285944736871976 -0.06209272770921939 0.7046621522323393
0.033946741 -0.27296845736785275 -0.6522898872686114 0.6519110816423496 0.27389393007357987
0.034106865 -0.5382210978251625 0.459055701298597 -0.45805889775799075 0.5383009493551965
0.034267338 -0.5998800946167064 -0.3734627716152607 0.3736894172880941 0.6008540685966002
0.034425679 -0.17385823791613897 0.6858941846127083 -0.6850350441466422 0.173346504769025
0.034577372 -0.7054803233051359 0.043144554965722975 -0.04239607343568388 0.7061434741054298
0.034726316 -0.2546455426958197 -0.6596885758667729 0.6592840577214326 0.2555600690594549
0.034900279 -0.5508104549917451 0.4438347267421677 -0.44284054372182474 0.55091812898369
0.035064421000000005 -0.5892038638154325 -0.3901065824298375 0.3903059238855713 0.5901837906271076
0.035227309000000005 -0.19293225878588557 0.680782569604793 -0.6799094652474604 0.1924447323628108
0.035375128 -0.7063895184251783 0.023395968358441613 -0.022666309493134047 0.7070733250677655
0.035528497 -0.23612376008365846 -0.6665720699662835 0.6661421552185034 0.2370266258926237
0.03567853 -0.562969650358099 0.42826713429457275 -0.42727634821325355 0.563105062722728
0.035839259000000005 -0.5780674874842308 -0.40644573488816277 0.40661761644893346 0.579052601842441
0.036006296 -0.21185560755441324 0.6751392824761573 -0.6742528960950194 0.21139266860245132
0.03618345 -0.706747050484697 0.0036291104355011517 -0.002918844070414798 0.7074509789428364
0.036328522 -0.2174175744422812 -0.672934992669534 0.672480017070985 0.21830807458940987
0.036478764000000004 -0.5746891880599962 0.4123650816523172 -0.41137846627589914 0.5748522330454768
0.03664042 -0.5664796627088126 -0.42246746873004676 0.42261175616312474 0.5674691952770363
0.036791225000000004 -0.23061350566682448 0.6689687326482846 -0.668069756481469 0.23017551572880549
0.036959918 -0.7065526402662893 -0.01614058164520043 0.01683090081937608 0.7072761407988788
0.03712987 -0.1985415947369987 -0.6787723730286594 0.6782926919044764 0.19941903377062914
0.037292625 -0.5859599155890415 0.3961409877119506 -0.39515931354914613 0.5861504658635193
0.037446323000000004 -0.5544494391391235 -0.43815927158543766 0.4382758522080652 0.555442617130374
0.037594583 -0.2491913038241208 0.6622757404946051 -0.6613648766110725 0.2487786049571371
0.03774901 -0.7058064395983075 -0.03589766851230862 0.03656750138287674 0.7065489471792049
0.037915765000000004 -0.17951056260162132 -0.6840796495168769 0.6835756374892347 0.18037425526778159
0.038086025 -0.5967730309404145 0.37960752287146793 -0.37863155657208614 0.5969909376914599
0.038232765 -0.5419862119219568 -0.453508888745783 0.45359767151317243 0.542982259702305
0.038387719 -0.2675744934074887 0.6550655339141966 -0.6541434936659009 0.2671874079162789
0.038540181 -0.704509031236284 -0.0556267206385565 0.05627554409183937 0.7052699659955741
0.038691764000000003 -0.16033934086588736 -0.6888526728087688 0.6883247235062097 0.1611886126417731
0.038863203000000006 -0.6071200894868952 0.36277759913528096 -0.36180810289150633 0.6073651825377145
0.039041192 -0.5290997143637763 -0.4685043327340937 0.4685652483105366 0.5300978540580876
0.039202092 -0.28574871779926503 0.6473437444346766 -0.6464112479013018 0.28538754798481636
0.039350485000000004 -0.7026614284078315 -0.07531233039061927 0.07593963772048987 0.7034401960846766
0.039515488 -0.1410429020216305 -0.6930877074284646 0.6925362331820494 0.14187708963917087
0.039660581 -0.6169930105737839 0.34566436003049167 -0.34470209098163923 0.6172650985161283
0.039829627 -0.5158000103294554 -0.4831338926662192 0.48316689347923436 0.5167994624288796
0.040004513000000005 -0.3036997835888542 0.6391164029212241 -0.6381741783480075 0.30336481151252537
0.040179123000000004 -0.7002650740213445 -0.09493912406186727 0.09554442536546753 0.7010610664280894
0.040335879000000005 -0.12163631667438964 -0.6967814311433872 0.6962068626718996 0.1224547686316693
0.040489265 -0.6263840838295814 0.3282811703423534 -0.32732687998357335 0.626682954173224
0.040627125 -0.50209748638288 -0.4973861433959859 0.4973912036734806 0.5030974703536104
0.040772806 -0.32141367165333157 0.6303899349310683 -0.6294387181601843 0.3211051589167016
0.040950864000000003 -0.6973218395391629 -0.11449177387862314 0.11507459643895986 0.6981344350362942
0.041116061 -0.10213474208533722 -0.6999309288836256 0.6993337149734062 0.10293681914043559
0.041274623 -0.6352859751874833 0.31064160567692195 -0.30969603927231043 0.6356113945261731
0.04142796 -0.4880028436755558 -0.5112499544370306 0.5112270702274265 0.48900257856839513
0.04157269 -0.3388765481032329 0.6211711557354493 -0.6202116896314208 0.33859473564390125
0.041719729000000004 -0.6938340235160234 -0.1339550099705428 0.13451489862566113 0.694662587497656
0.04189918 -0.08255341109106112 -0.7025336703895388 0.7019142775855652 0.08333848672247735
0.042079281 -0.6436917326130114 0.292759441859067 -0.29182333785964426 0.644043446806744
0.042244891 -0.4735270895895604 -0.5247144986542968 0.5246636878296289 0.47452579464981093
0.042410552000000004 -0.3560747750845298 0.6114672650229482 -0.6105002988925524 0.35581988298799794
0.042563209000000005 -0.6898043498039923 -0.15331363229577508 0.15385014979422296 0.690648235193465
0.042698230000000004 -0.06290762238684787 -0.7045874266386749 0.7039463390094232 0.06367508316061689
0.042883684000000005 -0.6515947915332698 0.27464864417410617 -0.27372273364111394 0.6519725259067726
0.043059449 -0.45868152914138 -0.5377692607183678 0.5376905629603279 0.45967842441856904
0.043230912 -0.372994921428007 0.6012858412937896 -0.6003121303009175 0.3727671487558701
0.043380943000000005 -0.6852359654252427 -0.17255252251158146 0.1730652498538869 0.6860945131804637
0.043525374000000006 -0.04321273672344322 -0.7060898645799544 0.7054275838833954 0.0439619822512675
0.043680133 -0.6589889799636327 0.256323356461482 -0.2554083624954537 0.6593924395208682
0.043842178 -0.443477756153335 -0.5504040453158937 0.5502975220848537 0.44447206311033177
0.044019796 -0.38962377313762 0.5906348359528673 -0.5896551405287954 0.389423297772124
0.044192737 -0.6801324381143612 -0.19165665578115124 0.1921451925470444 0.6810049777424938
0.044374355000000004 -0.02348421403756576 -0.7070350413016594 0.7063520906912006 0.024214653466777456
0.044522572 -0.6658685233278189 0.23779789006898722 -0.23689452724503365 0.6662973929823702
0.044681194 -0.42792764419953394 -0.5626089851096251 0.5624747195966495 0.428918586320538
0.044854002000000004 -0.40594834370946886 0.5795225671079509 -0.5785376523574947 0.405775322214618
0.045025132 -0.6744977535320912 -0.21061111250738454 0.2110750771685113 0.6753836036131843
0.045188574 -0.003739153218182939 -0.7071229029986739 0.7064201225215534 0.00444991280599011
0.045339895000000005 -0.6722280489676177 0.21908671267617272 -0.21819568648592702 0.6726819937887552
0.045485564000000006 -0.41204333733340376 -0.5743745484416037 0.5742126455034965 0.4130301407303696
0.045619081000000006 -0.42195588427327363 0.5679577130791634 -0.5669683481831758 0.42181045177258863
0.045783135 -0.6683363121526995 -0.22940108998448336 0.22984012020236538 0.669234780871844
0.045972095000000004 -0.016013731558291548 0.7072665819049138 -0.7065439079689644 0.015322603835775188
0.046159468 -0.6780625903387224 0.20020443699566182 -0.19932644329631755 0.6785412558129763
0.046328474 -0.3958372406041039 -0.5856915467732732 0.5855021328507055 0.39681913462109614
0.046466943000000004 -0.43763389354841065 0.5559493056255892 -0.5549562632402678 0.437516163619403
0.04661523 -0.6616529258273782 -0.2480119139582464 0.24842566686725265 0.662563311514995
0.046793737 -0.03575087137790353 0.7065846227699262 -0.7058428960506282 0.035080185271226715
0.046975222000000004 -0.6833675908894175 0.18116580936120127 -0.1803015338320739 0.6838706031974312
0.047148772000000005 -0.37932201036922303 -0.5965511418562631 0.5963343648750554 0.38029822818425935
0.04731283 -0.4529701276066484 0.5435067228947323 -0.5425107785482169 0.45288019219213665
0.047469041000000003 -0.6544528140263928 -0.26642905008604134 0.26681720256115515 0.6553744057062069
0.047610673000000006 -0.055460312625605246 0.7053316188356 -0.704571437584514 0.0548106113630154
0.047758046000000005 -0.6881389076190582 0.1619856982113528 -0.16113581581839123 0.6886658739275386
0.047937067 -0.3625105444114086 -0.6069448526277524 0.6067008818833802 0.3634803236352843
0.048129092000000005 -0.4679526094339786 0.5306396821007103 -0.5296416135874289 0.4678905387702975
0.048292408 -0.646741599762891 -0.28463811528750255 0.2850003641966686 0.6476736777071721
0.048458783000000005 -0.07512648885803225 0.703525642545223 -0.7027476025209898 0.0744982820138122
0.048608877 -0.6923728143136086 0.14267908247783068 -0.1418442569464949 0.6929233230821035
0.048754006 -0.34541597186668144 -0.6168645618240858 0.6165935878495107 0.34637855513834126
0.048942557000000005 -0.4825696382840461 0.5173582319371063 -0.5163588187103556 0.48253548084619574
0.049124433 -0.6385253052015548 -0.3026248889770824 0.302960951417944 0.6394671414932066
0.049280153 -0.09473401206233538 0.701169678333059 -0.7003743876981177 0.09412779082114263
0.049444468000000005 -0.6960660044556609 0.12326103988754278 -0.12244192318445934 0.6966396257579629
0.049608305000000005 -0.3280516429724339 -0.6263025223062447 0.6260047567231748 0.32900627855038544
0.049773119000000005 -0.49680979881584775 0.5036727447305577 -0.5026727672937814 0.4968035812796441
0.049958299000000005 -0.6298103469555545 -0.3203753241696953 0.3206849376905295 0.630761206056576
0.050125417000000005 -0.11426756031137633 0.6982659167589385 -0.697453996806654 0.11368379832812728
0.050299566000000004 -0.6992155938067048 0.1037467351874797 -0.10294396701128092 0.6998118796666056
0.050458515 -0.31043111864322637 -0.6352513630901103 0.6349270384438093 0.311377060992566
0.050610805 -0.5106619700085788 0.48959390834130223 -0.4885941476385532 0.5106836972298259
0.050775282000000005 -0.6206035310754253 -0.33787555845075823 0.33815848125544223 0.6215626704013515
0.050953737000000006 -0.133711874849741 0.6948167394516783 -0.6939888243522744 0.13315102812185206
0.051138732000000006 -0.7018191226596087 0.08415140830164126 -0.0833656155833852 0.7024376074007472
0.051313548 -0.2925681598827904 -0.6437040950735385 0.6433534646513304 0.29350467025733945
0.051463486 -0.5241153338466387 0.4751327178171027 -0.47413395462315827 0.5241649888573383
0.051632483 -0.610912047733846 -0.3551119248020794 0.35536793593892496 0.6118787182336647
0.051797302 -0.15305176855556268 0.6908248861541048 -0.6899816225252303 0.1525142751365928
0.051982234 -0.7038745577595521 0.06449036242925493 -0.0637221588428162 0.7045147583690956
0.052152176 -0.27447671704081744 -0.6516541164502689 0.6512774540838913 0.27540306405992804
0.052320507 -0.5371593837680202 0.46030046680710984 -0.45930348111771613 0.5372369277896272
0.052480154 -0.6007434656104095 -0.37207096227511455 0.3722998618094247 0.6017169123515471
0.052632899000000004 -0.17227213669794678 0.6862934959018074 -0.6854355423272067 0.17175841638085107
0.052785582000000004 -0.7053802938919247 0.04477895209357786 -0.04402893757639206 0.7060417103977813
0.052946847000000005 -0.2561709189235115 -0.659095217797156 0.6586928176491389 0.25708637914304716
0.053134193 -0.5497839328694805 0.44510873874239953 -0.4441143091651291 0.5498893053431887
0.053298990000000004 -0.5901057259808132 -0.3887394265032674 0.38894103567347776 0.5910851887387066
0.053477345 -0.1913579683043614 0.6812261187287164 -0.6803541452538353 0.19086842230441936
0.053646302 -0.7063351551359393 0.02503257115061807 -0.024301331435153083 0.7070172709972178
0.053815076 -0.23766506176732594 -0.6660215868143137 0.6655937631486032 0.23856892024434434
0.053987378 -0.561979121862072 0.4295693977901194 -0.4285783009363105 0.5621122404961115
0.05415198500000001 -0.5790071365150702 -0.4051043000450033 0.40527846140229135 0.5799918503668717
0.054314743000000006 -0.21029435769266172 0.675626718351267 -0.6747414059646543 0.2098293683392769
0.054485413 -0.7067383957829854 0.005266640767138136 -0.004554746923460024 0.707440678293388
0.054641775000000004 -0.2189735980860659 -0.6724278126844526 0.671974899621522 0.21986514893671044
0.054798947 -0.5737354267708366 0.4136945795883192 -0.41270758946657166 0.5738961876047431
0.054981307 -0.5674563647895884 -0.42115280254970233 0.4212993800809512 0.5684455607115376
0.055174895 -0.22906651601783068 0.6694996714460264 -0.6686017115499038 0.228626446458584
0.055337908000000005 -0.706589700918992 -0.014503402622668346 0.015195394632879531 0.7073116016228473
0.055489781 -0.20011112540290768 -0.6783088899905412 0.6778312412473271 0.20098967235290296
0.055650716 -0.5850436663726342 0.39749668176871256 -0.3965145691804177 0.5852319438584356
0.055826484 -0.5554624315181793 -0.43687240073828676 0.4369912799723061 0.5564553369861823
0.056000397 -0.24765978277144934 0.6628497653639167 -0.6619398592355378 0.24724497668999643
0.05616846700000001 -0.7058891866703795 -0.03426211937242238 0.0349336691300574 0.7066301417909565
0.056339903000000004 -0.18109237488132332 -0.6836602220726739 0.6831582106877868 0.18195723180848122
0.056515304 -0.5958950093662989 0.38098835427479305 -0.3800118862121689 0.5961106564665667
0.056677347 -0.5430347035073022 -0.45225081819082263 0.45234190628775284 0.5440305431002381
0.056869457000000005 -0.26605963720268877 0.6556821949731058 -0.6547610532178502 0.2656704185512027
0.057037109 -0.7046374001133601 -0.05399407868131235 0.05464466173187956 0.705396830993164
0.057211044 -0.16193219987412838 -0.688477623572849 0.6879516416177945 0.16278269134190798
0.057350120000000004 -0.6062809812695236 0.36418248948286824 -0.3632124285299699 0.6065238295722079
0.057508036000000005 -0.5301828863410246 -0.4672760449334318 0.4673392707572495 0.5311808823463205
0.057670391 -0.28425170964158475 0.6480025589191586 -0.6470709009160416 0.28388838238830133
0.05783908200000001 -0.7028353188467094 -0.07368387064493771 0.07431297890814192 0.7036126323993818
0.058023332000000004 -0.14264556442115692 -0.6927573215907398 0.6922077798684796 0.14348102620187791
0.058187967 -0.6161934710370921 0.3470922121337383 -0.3461293158709072 0.616463330887042
0.058356519 -0.5169170168014373 -0.48193634681699093 0.4819716609910678 0.5179163898224276
0.058520999000000004 -0.30222179271072336 0.6398168554345968 -0.6388754087747565 0.3018846406028914
0.058691035 -0.7004843502282908 -0.0933161182898299 0.09392326045636361 0.7012789394017952
0.058868584 -0.12324753175369395 -0.6964959539948588 0.6959232817285778 0.1240673113385435
0.059048179000000006 -0.6256247373952787 0.329730869082884 -0.3287758894951094 0.6259213980423536
0.059230409000000005 -0.5032474550304319 -0.4962202746802776 0.4962276496259504 0.5042474245950301
0.05938954900000001 -0.31995585241391505 0.6311314777632696 -0.6301809776819371 0.3196451387564241
0.059566585000000005 -0.6975863302759794 -0.11287548958225395 0.11346019149749192 0.6983975745266799
0.059721654000000006 -0.1037532529382497 -0.6996905607593596 0.6990952052785152 0.10455671002726931
0.059897818000000005 -0.6345674148874667 0.31211201887717194 -0.3111657017668175 0.6348906446511324
0.060070069000000004 -0.4891848764389719 -0.5101166732903281 0.5100961032484367 0.4901846616091912
0.060235697000000005 -0.3374400390917271 0.6219532092349335 -0.6209943980373722 0.33715600654162875
0.060400655000000004 -0.6941435222337985 -0.13234670940191032 0.1329085144362059 0.6949707880110865
0.060562743 -0.08417795602343672 -0.7023385546892996 0.701720981134085 0.08496446297536313
0.060707356000000004 -0.6430145196262851 0.29424942116622776 -0.2933125055705925 0.6433640660765421
0.060896585 -0.4747402633701858 -0.5236146900530065 0.5235661910884039 0.47573908335201504
0.061090636000000004 -0.3546606982344831 0.612289218010913 -0.6113228444927927 0.35440356861159483
0.061266204000000005 -0.6901586148044322 -0.15171457147118855 0.15225304087648417 0.691001256045496
0.061445002000000006 -0.06453693692029996 -0.7044376159912014 0.7037983071132249 0.06530587908785868
0.06161838 -0.6509594547477434 0.27615702595674196 -0.2752302435708971 0.6513350449022661
0.061771857000000006 -0.4599248965228053 -0.5367037834868534 0.5366273934758677 0.4609219712759657
0.061968955000000006 -0.371604381143782 0.6021470515144464 -0.6011738703771279 0.3713743552575231
0.062153636000000005 -0.6856347200494455 -0.17096395023064692 0.17147866348312024 0.6864920786838297
0.062331791000000004 -0.044845557541853355 -0.7059851999034351 0.7053246563564852 0.045596333112935296
0.062498183000000006 -0.6583960155631187 0.25784896271810226 -0.2569330373234676 0.6587973561004491
0.062672644 -0.44475034614163916 -0.5493737314535049 0.5492695100543725 0.4457448969887669
0.062846236 -0.3882578554338962 0.5915346305555838 -0.5905554018167687 0.38805511292651745
0.06301896 -0.6805753709589036 -0.19007981265145776 0.19057036777993425 0.6814467774224312
0.063187907 -0.025119291343493035 -0.7069745733857998 0.7062933180220757 0.025851307265128846
0.06337408500000001 -0.6653183944045827 0.23933952934787206 -0.23843517624697066 0.6657451718931938
0.06354148600000001 -0.4292284629820086 -0.561614639138088 0.5614826677443764 0.4302197132167475
0.06370031500000001 -0.4046081153646433 0.5804602431585258 -0.5794757315587465 0.4044328145709839
0.063869707 -0.6749845186922492 -0.20904722997557756 0.20951324387545592 0.675869292449925
0.06405590600000001 -0.005375011036590608 -0.7071921831120433 0.7064909690248391 0.006087477626763715
0.064241105 -0.6717211851607486 0.22064318100571784 -0.21975110646355236 0.6721730663038338
0.064401336 -0.41337136905519106 -0.5734169467731036 0.573257328450165 0.41435854454877336
0.06456753400000001 -0.4206423919975749 0.5689325380982669 -0.5679435125036771 0.42049466982142836
0.064734374 -0.6688665294926062 -0.22785138937448113 0.2282924981069228 0.6697639795700938
0.064916502 -0.014378499068457621 0.7072794348221189 -0.7065583830298654 0.01368572138838502
0.065094126 -0.6775993874986411 0.20177451882452402 -0.20089541951701012 0.6780760193944021
0.06527279200000001 -0.3971914481621595 -0.5847714370994807 0.5845842965039875 0.39817377796793907
0.065438232 -0.4363481631673965 0.5569605181528554 -0.5559677509547933 0.4362281349746261
0.065606565 -0.6622261812769328 -0.24647760551735146 0.24689346459350453 0.6631356068001717
0.065760438 -0.034117063044270285 0.706661092444947 -0.7059209228829594 0.03344466479870422
0.065963187 -0.6829484107687613 0.18274827850750056 -0.18188284097739033 0.6834494211860077
0.066144282 -0.3807013362230297 -0.5956692425584355 0.595454725841059 0.38167805317854425
0.066322438 -0.45171316326085553 0.5445535330773845 -0.5435577995891778 0.4516209227893012
0.066503404 -0.6550686599046617 -0.264911332039689 0.26530161668972096 0.6559893506472247
0.066674042 -0.05382935546590227 0.7054555460519256 -0.7046968716903889 0.053177897468482505
0.06685287200000001 -0.6877640775901976 0.16357931882019003 -0.16272821894090975 0.688289075259052
0.067029746 -0.36391391140983365 -0.6061018522078593 0.605860126899173 0.36488425273589037
0.067211912 -0.4667253927953362 0.5317212723057252 -0.5307233501572146 0.46666101208164257
0.067368259 -0.6473995551277583 -0.28313817290337867 0.2835025783301095 0.648330792065517
0.067532192 -0.0734996824040027 0.7036956533166067 -0.7029190699876385 0.07286967690382372
0.067710175 -0.6920426271130087 0.14428260998637377 -0.14344651243419076 0.6925912020304638
0.067909652 -0.34684228409040974 -0.616061118356714 0.6157923732364129 0.34780549198675204
0.068085029 -0.4813731277897383 0.5184737573861148 -0.5174744259163603 0.4813366571130883
0.068259631 -0.6392248562253686 -0.3011438936393503 0.30148213525628914 0.6401659120980133
0.068441785 -0.09311263573446416 0.7013853430393244 -0.7005914580553929 0.09250457562661456
0.06860153100000001 -0.6957807179552868 0.12487322199692116 -0.12405277973185844 0.6963524417054143
0.068781308 -0.32949978659139306 -0.6255392629106703 0.6252437078602162 0.33045510882844736
0.06897101700000001 -0.4956449289202214 0.5048213341566948 -0.5038213738053499 0.495636396763094
0.069154674 -0.6305509473264375 -0.31891443246403534 0.3192262461176313 0.6315010872054424
0.06934053600000001 -0.11265288448420899 0.6985269630085825 -0.697716396665028 0.11206724496779234
0.069523209 -0.6989754308126619 0.105366312840731 -0.10456216659663059 0.6995698569011792
0.069695245 -0.31189996278846727 -0.634528883421397 0.6342067492602091 0.31284665329473227
0.069875583 -0.5095296504537183 0.49077466466735364 -0.48977485636517826 0.5095490634796415
0.070065732 -0.6213846024239779 -0.33643591126094563 0.33672105343688535 0.6223430842865533
0.070238991 -0.13210516278023324 0.6951229177643762 -0.6942963032176237 0.13154240136680234
0.070427749 -0.7016242707381547 0.08577711666694417 -0.08498989445107756 0.7022409349411272
0.070596042 -0.29405655753230747 -0.6430229588307348 0.6426744971360717 0.2949938769768782
0.070770287 -0.5230164489521754 0.4763447188542478 -0.4753458434132331 0.523063792000535
0.070954641 -0.6117329800848732 -0.3536946464187922 0.3539528944321732 0.6126990553934577
0.071124221 -0.15145427639150635 0.6911759342987821 -0.6903339171725281 0.15091483265441127
0.07129673 -0.7037251690906448 0.06612093188768008 -0.06535124849029975 0.7043635898170195
