0 -0.7067529998956005 0.00035399999994770805 0.0003529999999478558 0.7074602089259648
0.0008119140000000001 1.7353785375502356e-05 -0.00026880929207866514 6.702238254915117e-08 0.9999999637202024
0.001107436 2.339424357960738e-05 -0.0005133488341919914 -1.2518644829210537e-05 0.9999998678844749
0.001353952 7.123870521105357e-05 -0.0007914737658196475 3.610110838298404e-05 0.9999996835954674
0.001538405 0.00012708716013892988 -0.0010688831650111938 9.885490517056465e-06 0.9999994206197873
0.001734436 0.00016249210353865882 -0.001387360299068503 1.733666218885986e-05 0.9999990242631025
0.0019133770000000002 9.184620775390135e-05 -0.001665790894838717 1.667107318387778e-05 0.9999986082125536
0.00208733 0.00012087148189808547 -0.0019326166681630228 0.00012256307980308874 0.9999981176788236
0.0022359890000000003 0.00013932643081535938 -0.0022378379336517474 0.00014110892991116273 0.9999974763757148
0.002377506 5.882232342439447e-05 -0.0025128876184583025 0.00010679473883043645 0.9999968352603097
0.0025128050000000003 -1.3095143780592032e-05 -0.002691385144097585 7.369792549761818e-05 0.9999963754150007
0.002667276 -9.626455181792088e-05 -0.0030188195967866985 6.575042629258158e-05 0.9999954365587174
0.002811769 -0.0002083937400109824 -0.0033048060902418352 2.1418326558158126e-05 0.9999945171699745
0.002982081 -0.00017003876930850618 -0.0035157189062102493 -2.0506894881885346e-05 0.9999938051742403
0.0031317750000000003 -0.00022624208448565963 -0.0038108673342718154 0.00011636579384819549 0.9999927062552415
0.003291618 -0.00022690866996524436 -0.004045742835511897 9.980512955039284e-05 0.999991785224409
0.0034424480000000003 -0.0002446899642880024 -0.004258856982498988 9.196284148603623e-05 0.9999908968619964
