0 -0.7067529998956005 0.00035399999994770805 0.0003529999999478558 0.7074602089259648
0.0008119140000000001 -0.7067520077000978 0.00016669851614850315 0.0005410154567713801 0.7074611502589816
0.001107436 -0.7067573279573922 -2.1671301827618755e-05 0.0007316306138266077 0.7074556831530346
0.001353952 -0.70675858268074 -0.00020578588554275804 0.0009157254632826611 0.7074541857294767
0.001538405 -0.7067481850825312 -0.0004018240668395504 0.0010979755456972595 0.7074642293923197
0.001734436 -0.7067417580181854 -0.0006124428717925292 0.0012959583714982055 0.7074701639496842
0.0019133770000000002 -0.7067430563796276 -0.0008092343513030653 0.0014833662048676904 0.7074683010733764
0.00208733 -0.7067447975947738 -0.0010038684486873934 0.0016876842961798502 0.7074658543297879
0.0022359890000000003 -0.7067534157965524 -0.0012021760146862944 0.0019154009455506155 0.7074563557364888
0.002377506 -0.7067656196124462 -0.0013746105848129225 0.0021202592272594896 0.7074432654852151
0.0025128050000000003 -0.7067721162554425 -0.0015792375451396045 0.002290091882427876 0.7074358184116419
0.002667276 -0.7067727493958709 -0.0018150651559188274 0.0024713285539340376 0.7074340101981669
0.002811769 -0.7067922183380272 -0.0019920423078038816 0.0026437649965904706 0.7074134592802837
0.002982081 -0.7067801327951603 -0.00223623622022433 0.0028248753977127648 0.7074241042066708
0.0031317750000000003 -0.7068041282112137 -0.002462779749823344 0.003064255275992141 0.7073983809700825
0.003291618 -0.7068381224236271 -0.0026775137061764856 0.003283987027691868 0.7073626474717174
0.0034424480000000003 -0.7068269384913596 -0.0029060098868297778 0.003473529079915973 0.7073720157916912
0.0035821100000000003 -0.706823533305526 -0.0030999970832924773 0.0037243329376772617 0.7073733187841801
0.0037184590000000003 -0.7068655147658213 -0.003281680962691397 0.0039214506939620145 0.7073294825110605
0.003879477 -0.7069000846223593 -0.0034635737358128015 0.004054706385389325 0.7072933149507398
0.004030257000000001 -0.706943491850693 -0.003638304970768305 0.0041655828041568185 0.7072484075533793
0.004189202 -0.7069860191622717 -0.0038034922767917452 0.004282873994682488 0.707204326306005
0.004343889 -0.7070096839705095 -0.0039220877651782475 0.004491317282491649 0.7071787271040828
0.004484364 -0.7070280082690612 -0.004155717119084319 0.004664691006181505 0.70715794996318
0.0046304530000000005 -0.7070566982478694 -0.004327202733055063 0.004831743956476047 0.7071271137706908
0.0047888720000000004 -0.707090447533944 -0.004515182003539269 0.004965574231659146 0.7070912637066532
0.00497091 -0.7071343492794503 -0.004747821977936821 0.005203815456870845 0.7070441220746307
0.005137509 -0.7071462932552453 -0.004971301919847598 0.0053819700823185415 0.7070293066702551
0.005274089 -0.7071600670387067 -0.005214396394855243 0.005581241705428907 0.7070122342626577
0.005422473000000001 -0.7072238114789761 -0.005374102754106204 0.005662366648910328 0.706946629598495
0.005572906000000001 -0.7072363959721027 -0.005607589862023527 0.005810700874437737 0.706931022733957
0.0057091730000000005 -0.7072342889654869 -0.005783454837890221 0.006045732726456447 0.706929742815664
0.0058913820000000006 -0.70723085551223 -0.005971069318759981 0.006342112683095829 0.7069290211537118
0.006052653000000001 -0.7072566934790079 -0.006126540611894818 0.00651127234746771 0.706900302985993
0.006193141 -0.7073021641643004 -0.006341332893280902 0.0067448491708372955 0.706850721917504
0.006345535 -0.7072792013962192 -0.006512515686228977 0.006926058983584011 0.7068703899009486
0.006501304 -0.7073226852495694 -0.006696669556310206 0.007182814467979467 0.7068225949448073
0.006642671 -0.7073232719088195 -0.0068498877289750034 0.007459701570112361 0.706817671614673
0.006791040000000001 -0.7073101616372445 -0.006993930964245583 0.007625537023408386 0.7068276107789419
0.006950607 -0.7073530840973496 -0.0071864253586037385 0.007837051421346736 0.7067804116792942
0.0071113850000000004 -0.707342352567538 -0.007357572165808334 0.00800520125876809 0.7067875063616027
0.007252740000000001 -0.7074185031982786 -0.007610132090855469 0.00816918570295745 0.7067067366505132
0.007396482 -0.707448538702866 -0.00787248789133519 0.008322026436047946 0.7066720122500808
0.007538896000000001 -0.7074718478530706 -0.008139250789582666 0.008570665433719449 0.7066426825390394
0.007670357000000001 -0.7074162001846571 -0.008364956661148209 0.00875807556877534 0.7066934578221947
0.007837687000000001 -0.7074105339956691 -0.008691882948839493 0.009035908891878915 0.7066916866026258
0.008014323 -0.7074104852787408 -0.008841584651777788 0.009185212915549723 0.706687953457704
0.008162945000000001 -0.7074283231975772 -0.008959307169321428 0.00938175019422221 0.7066660322360228
0.00831027 -0.7075203459028462 -0.009151520282861113 0.009444143657833583 0.7065706036629318
0.008474474000000001 -0.707538294984478 -0.009317176582548345 0.009615854289621254 0.706548148888148
0.008634332 -0.7075621026339369 -0.009511831038919522 0.009746785283439894 0.7065199191552691
0.008770539 -0.7075547135273256 -0.009705124246545224 0.010015250737406323 0.7065209357699815
0.00893477 -0.7076275852015477 -0.009901393441305403 0.010177414351241764 0.70644290873847
0.00910297 -0.7076613761286283 -0.010015739488009507 0.0103146857422968 0.7064054564881859
0.009277073 -0.7076699756886412 -0.010184531977755281 0.01046060266444998 0.7063922823821965
0.00944785 -0.7076647623721324 -0.010444143173521945 0.010584930498029442 0.7063918623657244
0.009610214 -0.7077440704826234 -0.010682593776728396 0.010651531052018557 0.7063078349934516
0.009769603 -0.7077768179867878 -0.010923653628751102 0.010871794746440292 0.7062679759063752
0.009921175 -0.7078013192639369 -0.011080168954508656 0.011076317393208378 0.7062378052024512
0.01009428 -0.7078181463257138 -0.0114150873216558 0.011163834337607037 0.7062142283445952
0.010248041000000001 -0.707882081495206 -0.011575725643697203 0.011314332054607718 0.706145131799402
0.010411100000000001 -0.7079019062930282 -0.011790603842801665 0.01158317412538218 0.7061173435094908
0.010554597 -0.7079370006923518 -0.012157518681554843 0.011668116008060905 0.7060745377501212
0.010711724 -0.7080941743040875 -0.01224942584243112 0.011786232522084678 0.7059133633853938
0.010874328 -0.7081798077674448 -0.012470683968092275 0.011991464643136518 0.7058201234645733
0.01104269 -0.7082480489076831 -0.012803461370591436 0.012236444500087073 0.7057414838461663
0.011215826 -0.7082794907888385 -0.01292545497230961 0.012496635488101015 0.705703145552817
0.011369738 -0.7082631749247493 -0.013145820419161085 0.01275319177526176 0.7057108604453846
0.011517237000000001 -0.7082394754645388 -0.013313342307045522 0.01293214333912692 0.7057282479672945
0.011661505 -0.7083139073175643 -0.013494821041088066 0.013055235367240218 0.705647829540416
0.011833910000000001 -0.7083961195958267 -0.013787593372986674 0.013146365474297856 0.7055579445271472
0.0120081 -0.7085446648892038 -0.013965068962178686 0.013215586070175072 0.7054039856640659
0.012167805 -0.7086589663982554 -0.014324890193710957 0.013399177815324367 0.7052784761341919
0.012318448000000001 -0.7087088552105674 -0.01464838525762726 0.013496836711328664 0.7052198371814701
0.012488810000000001 -0.7088374985354973 -0.014830524673965381 0.013665767341064922 0.7050834723710477
0.012638566 -0.7089089780109519 -0.015210978062496506 0.013734402055274646 0.7050021654165571
0.012787986000000001 -0.7089107875806213 -0.015404917778634286 0.013951089169001018 0.7049918800036321
0.012956619 -0.7089027860587592 -0.01574858730712605 0.014157141069572658 0.7049882249177608
0.013114013 -0.7089726617018995 -0.01604307975511444 0.014370645185285 0.7049069932326206
0.013281586000000001 -0.7090389204164017 -0.01629739942217475 0.014496304085830749 0.7048319383191066
0.013441452000000001 -0.7090723774332945 -0.01654646455094083 0.014669641698029912 0.7047888901539323
0.013612141000000001 -0.7091624844163756 -0.01686694259221266 0.014864796905946623 0.7046865365231054
0.013774621 -0.7092158015678269 -0.017147293601192284 0.01503112071715164 0.7046225816269631
0.013984332 -0.7092505881856985 -0.017404693468624853 0.015201356802444948 0.7045776029330404
0.014146009000000001 -0.709329944696286 -0.017656812979797102 0.015398615113544786 0.7044871533002897
0.014298044000000001 -0.7093270821551756 -0.018127081274273094 0.015519456172243621 0.7044754402573727
0.014453051000000001 -0.7093221451971473 -0.018377432215584157 0.015619319375300835 0.7044717178001766
0.014593866 -0.7093036567322755 -0.018666805139388364 0.01583849675052236 0.7044778314133061
0.014738074 -0.7093205584312245 -0.018974182659680094 0.016013301347730803 0.7044486496254785
0.014898843 -0.7094004980152194 -0.019278569855534104 0.016052500225991567 0.7043589904278776
0.015076491000000001 -0.7094225803721631 -0.019597073524776576 0.016293853811528036 0.7043224172886557
0.015232200000000001 -0.7094166904679619 -0.01977140135896167 0.016420154664038584 0.7043205445637636
0.015373739 -0.7094103364381962 -0.02022954777621818 0.01660254129565308 0.70430965886742
0.015527601 -0.7094384312411693 -0.020511816930379588 0.016736775530068564 0.7042700178121598
0.015677059 -0.7093843474722805 -0.020887540119454675 0.016970901219859943 0.7043078494102356
0.015846579 -0.7095341314613796 -0.02106402330144502 0.017131027728595167 0.7041478190711553
0.016018749000000002 -0.7095877009331992 -0.02119862689884809 0.017291926023049256 0.704085862801089
0.016202093 -0.7095210430415486 -0.021444655343610185 0.017470629441001972 0.7041411743005535
0.016336692 -0.7095162545087879 -0.02160363187092519 0.017772910957252197 0.7041335749088469
0.016483077000000002 -0.7095918883956451 -0.021791370983538644 0.017896155351143094 0.7040484469817461
0.016629701 -0.7096250776094805 -0.022036757280737587 0.018021718508518587 0.704004153551873
0.016773820000000002 -0.7096346599592026 -0.022185217864400673 0.018273956389965096 0.703983329355713
0.016945331 -0.7097540060723744 -0.02245313695815572 0.0184526787536291 0.7038498463108238
0.017112046000000002 -0.7097189597031187 -0.022721371980135626 0.018501191805026514 0.7038753038678495
0.017259267000000002 -0.7098785565240607 -0.02296875892587167 0.018663751746140895 0.7037020217901041
0.017392473000000002 -0.7099634501422931 -0.023145685490999938 0.018856174048795887 0.7036054444114581
0.017549033000000002 -0.7100726408261571 -0.023412851147745575 0.019117581557503843 0.7034793538027208
0.017692808 -0.7100944544300125 -0.02370973271304383 0.019341235133896285 0.703441277567584
0.017864902000000002 -0.7100382862530055 -0.024057688194776057 0.01943622818140967 0.7034835411917599
0.018051845 -0.7101430307660707 -0.02435099724546213 0.019683335711693194 0.7033608398843316
0.018208385 -0.7102918093225005 -0.024634010103899935 0.019767373728228763 0.703198380324826
0.018361055 -0.7103464180457647 -0.024811012707768077 0.01996877768761272 0.7031313020593165
0.018512973000000002 -0.710322218190378 -0.02498167669619872 0.019997919255040235 0.7031488785456583
0.018659755 -0.7103731580347004 -0.025213522443225184 0.02031224134738225 0.7030801287771243
0.018822792 -0.7104181201374187 -0.02542995144877511 0.020465447245707265 0.7030224588295618
0.018996141 -0.7103984366423728 -0.026002490126083487 0.020716089778829706 0.703014064829141
0.019171068000000003 -0.7104155464133991 -0.02617248151322007 0.020852682026041954 0.7029864282316645
0.019340124 -0.7104471236121807 -0.02640805626956146 0.02110635158554024 0.7029381345737266
0.019496746000000002 -0.7104070591976491 -0.026728335653556427 0.021324984592497185 0.7029599215797931
0.019643515 -0.7104675781812962 -0.02704172172424168 0.021581721626575345 0.7028789333384703
0.019804754 -0.7105155912396413 -0.027176444844028022 0.021780084252308565 0.7028190829658691
0.019980788000000003 -0.7105458847015682 -0.027349573399065033 0.021990522960085194 0.7027751870039931
0.020147154 -0.7106645899442959 -0.02756056681760982 0.02199198855592836 0.7026468588098534
0.020294878000000002 -0.7107979362808557 -0.02776597683801736 0.022194478762982396 0.7024975084806688
0.020434605 -0.7108954816737452 -0.028044838194552668 0.022331940179586975 0.7023833608751783
0.020576913000000002 -0.7109628103167246 -0.028337451924939198 0.02257109788626399 0.7022958185160695
0.020722581 -0.7109631522417243 -0.02862151746911323 0.022703771563703738 0.7022796762323823
0.020902142000000002 -0.7109700499196308 -0.02878299340460402 0.02286939201122297 0.7022607196169993
0.021065292000000003 -0.7109516432155152 -0.02902464234213986 0.02304307372562583 0.7022637310151689
0.021227428000000003 -0.7110513921572592 -0.029298465213654576 0.023301078414198546 0.7021428468567373
0.021376911000000002 -0.7111070566492622 -0.029463932758361743 0.023525261432042775 0.7020720708905804
0.021526103 -0.7111835462845715 -0.02972994816605398 0.02377726357520355 0.7019748823234492
0.021703738 -0.7111866743057114 -0.030056541639478514 0.02402856429844382 0.7019492479463256
0.02187725 -0.7112976738844982 -0.030232622161044123 0.024100816879312977 0.7018267295490531
0.022038845 -0.7113016483696581 -0.030570298341606218 0.024390660052060524 0.7017980604049412
0.022195476000000002 -0.7114001942900803 -0.030787046256376023 0.024609574073139257 0.7016810459252714
0.022344431 -0.7114834616280022 -0.031026751368217476 0.024833476455462383 0.7015781659776096
0.02251736 -0.7115686958871457 -0.031202080411595477 0.025094096007497575 0.7014746663686593
0.022662632000000002 -0.7116223707382405 -0.0314290190429118 0.025355821334146374 0.701400670481115
0.022795724 -0.7117024630576817 -0.03165663232916092 0.02551229199891343 0.701303489699123
0.022969917000000003 -0.7116861612445482 -0.031969359228626225 0.025740584346465638 0.7012975048301632
0.023118759000000003 -0.7117336037940473 -0.032188386089935836 0.025983449443268452 0.7012303796800966
0.023287702 -0.7118191843501749 -0.03247457371860826 0.026097140182486236 0.7011260871820005
0.023452348 -0.711915934256267 -0.03252652473552263 0.026243998805804674 0.7010199571105925
0.023595925 -0.7119824952257845 -0.032605576771596916 0.026455378038936876 0.7009407363167548
0.023742033000000003 -0.7120254268757324 -0.032739442241106316 0.026546869293097297 0.7008874261498116
0.023926529000000002 -0.7120740197850263 -0.03309444111783146 0.02681834574578201 0.7008110477480732
0.024072153000000002 -0.7120666332046959 -0.03335226515098416 0.027136613328163646 0.7007940785301381
0.024241205000000002 -0.7120464679319972 -0.03350526568806339 0.027199898096220847 0.7008048160652827
0.024389498000000003 -0.7120903814470141 -0.03373383053954183 0.02739140890194733 0.7007417698739971
0.024540758000000003 -0.7121189587879403 -0.033840845336900245 0.02754847007983263 0.7007014111002806
0.024678138000000002 -0.7121683767757381 -0.03399111066130828 0.027755659626099934 0.7006357333703023
0.024841357 -0.7121574903309724 -0.03423062724389597 0.02785094475929796 0.7006313567062175
0.024998217000000003 -0.7121992670692634 -0.03445364326599484 0.02803972595107091 0.700570427737492
0.025152347000000002 -0.7122099435436392 -0.03471517807143205 0.02827062375558376 0.7005373827009557
0.025311473 -0.7122151764389014 -0.03482840157379218 0.02847210653010116 0.7005182824478301
0.025466062 -0.7122671176971895 -0.035016737635661405 0.02855934926290126 0.7004525285145118
0.025610839000000003 -0.7123002320348809 -0.03502205293561801 0.02880469122499655 0.7004085415060715
0.02575681 -0.7122725764268597 -0.03510845267906003 0.02899148713751998 0.700424633414817
0.025939543000000002 -0.712240797784223 -0.03537774189268968 0.029239591093956574 0.700433085785449
0.026114605000000003 -0.7122834158931587 -0.035447127059959616 0.029464833673191883 0.7003767987329249
0.026272861 -0.7123252999247239 -0.03572873129633925 0.029644997262456188 0.7003122867581398
0.026434337000000002 -0.712333771670164 -0.03595145527535463 0.029870748647658343 0.7002826779072657
0.026564745 -0.7124466103380087 -0.03609635771994381 0.029961537446178254 0.7001565443892507
0.026715333 -0.7124657998524232 -0.036445203241958525 0.030267541361681798 0.7001057828222947
0.026897746 -0.7124544003080373 -0.03662879170592077 0.030383040988155915 0.7001027995374617
0.027078968000000002 -0.7125036272459622 -0.036843699270704446 0.030599155059996757 0.7000320097645615
0.027234919000000003 -0.712688185562399 -0.03686722064869748 0.030761771659058773 0.6998357461617774
0.027380643000000003 -0.7127329205866187 -0.037020396532332966 0.030964258556088527 0.6997731695662024
0.027510992 -0.7127300325486239 -0.03727250393365392 0.03115134681686504 0.6997544245985506
0.027665715 -0.7128287758043786 -0.037393415969953284 0.031396647120738926 0.6996364194186183
0.027822051 -0.7129472083417242 -0.03744683813776298 0.03152675030469152 0.6995070238721353
0.027999605 -0.7129424834326294 -0.03769283996959491 0.03171683739399867 0.6994900337800847
0.028165612000000003 -0.713015275346608 -0.0378955348557889 0.03189223460884048 0.6993969051490356
0.028308157 -0.7130639929941743 -0.037945495932467196 0.032105258002436965 0.6993347793741136
0.028444601000000003 -0.7131112707032365 -0.038076857598644306 0.032414367406340495 0.6992651695151665
0.028587088 -0.7130990315905228 -0.03844637170692964 0.03266580086451888 0.6992457315573051
0.028727548000000002 -0.7131206133195186 -0.03872553184154252 0.03288962946226043 0.6991978234492856
0.028898661000000003 -0.7131639934249181 -0.039016616741326414 0.033077980650135265 0.6991285069973854
0.029081631 -0.7131895291214092 -0.039239520786408896 0.03329427480780495 0.6990797142136639
0.029246766 -0.7132383505046787 -0.039394703757566416 0.03353600939120707 0.6990096199333251
0.029408052 -0.7132369058949464 -0.0394645079260803 0.03359465423516179 0.6990043403945183
0.029553313 -0.7132874498857136 -0.03962470858196091 0.033778249317161696 0.6989348511688324
0.029700007 -0.7132864776893065 -0.039926403129422715 0.034025994905587234 0.6989066566784252
0.029855498 -0.7133871009290293 -0.04008080991977781 0.0342538317438262 0.6987839780040145
0.030011006000000003 -0.7134016482034021 -0.04030393367825883 0.03427796182151025 0.6987551091792392
0.030176635 -0.7134957269816014 -0.04047204015471708 0.034562596192761724 0.6986353043535138
0.030334225000000003 -0.7135334964488581 -0.040668305613349255 0.034760999596406626 0.6985754871673245
0.030481386000000003 -0.7135351499147216 -0.040762890598883425 0.034916143226492315 0.6985605482192551
0.030621836000000003 -0.7136396738513333 -0.04093441010411965 0.03518376192177959 0.6984303063812607
0.030784713000000002 -0.7136390064295383 -0.041148269713847996 0.035324557229497476 0.6984113143831202
0.030954541000000002 -0.7135902991765172 -0.041333262258244505 0.03546906965542361 0.6984428333443177
0.03112213 -0.713587250670937 -0.04157284513128558 0.03571486610934483 0.6984192026042632
0.031274397 -0.7135890238764453 -0.04180484196484062 0.03590295811544598 0.6983938987347448
0.031427898 -0.7135173027403175 -0.04208535992488502 0.036184282900760194 0.6984358086761676
0.031573757 -0.7135588725359612 -0.04216920331471831 0.03626771970335115 0.6983839532982761
0.031715318 -0.7136861287253428 -0.04237590718805798 0.03634227244397123 0.6982375178896008
0.031892311 -0.7137218792719886 -0.04261578284171048 0.03643586153238833 0.6981814965291198
0.032054867 -0.7137028648456213 -0.04288415082550736 0.036623279741197994 0.6981746956887834
0.032215607 -0.7138031780306923 -0.04300712897548644 0.03674986114323885 0.6980579185114384
0.032387286 -0.7139001693460211 -0.043130516144085716 0.036902337643010846 0.6979430666331945
0.032526643 -0.71401206119086 -0.043195672255732336 0.036924842117943224 0.6978233776586447
0.032681417000000004 -0.7140852043530935 -0.043391051682700466 0.03726939889887301 0.6977180873845724
0.032840965 -0.7139729805324662 -0.04370490183155052 0.03760051906213633 0.6977955757897426
0.033017888 -0.7139939180494211 -0.04400643150352022 0.0376888033938473 0.69775043753014
0.033173541 -0.7139081540524209 -0.04427342111492119 0.03785414847600086 0.69781234956355
0.03333398 -0.7138857677104008 -0.044426148904223535 0.03818424398582335 0.6978075604816145
0.033483428 -0.713885362923908 -0.04465380617337238 0.03825824560004174 0.6977893900317182
0.033630006000000004 -0.7138274213112473 -0.04482557040962144 0.03848114926987918 0.6978253950469672
0.033771858 -0.7138825396841955 -0.04499412690940069 0.03860779671085066 0.6977511634607547
0.033946741 -0.7139563892059705 -0.04520053411348553 0.03891166954338792 0.697645374098599
0.034106865 -0.7139657823826927 -0.04531814161304614 0.03916285138413859 0.6976140757602821
0.034267338 -0.714027335054185 -0.045529782635310496 0.03937980588863416 0.6975250780988257
0.034425679 -0.7140364462757463 -0.04585277533302455 0.039486352204379904 0.6974885693498881
0.034577372 -0.7140059986106807 -0.04607701886338507 0.039761568328264434 0.6974893260579005
0.034726316 -0.7140778826829063 -0.04617127169465109 0.039811353991277845 0.6974066584329237
0.034900279 -0.7141668182819157 -0.04610715860122983 0.03995988004035355 0.69731133188696
0.035064421000000005 -0.7142090952128926 -0.046355626590466846 0.04003433681084904 0.6972472847381346
0.035227309000000005 -0.7142044202024137 -0.0465272913171798 0.040302442823335685 0.697225193483778
0.035375128 -0.7142541187620547 -0.046751458027126984 0.040366860470872706 0.6971555576623506
0.035528497 -0.7142634540337047 -0.04706295449819263 0.04060223864729151 0.6971113646775318
0.03567853 -0.7143250972811918 -0.047332621297799624 0.04078436797469793 0.6970193065361956
0.035839259000000005 -0.7143635668457924 -0.04747602265523989 0.04086182252966831 0.6969655896066531
0.036006296 -0.7144081229834747 -0.04779202750830453 0.040925986556750255 0.6968945541086042
0.03618345 -0.7145291808987062 -0.04802591274023938 0.04105571192926766 0.6967467185912479
0.036328522 -0.7146051946627414 -0.048268750614571004 0.041134847302801404 0.6966473051785306
0.036478764000000004 -0.714806016181156 -0.048430818998509664 0.04113295996378541 0.6964301074817026
0.03664042 -0.7148638507208319 -0.04876473470330179 0.04131740095343441 0.6963365191919445
0.036791225000000004 -0.7149111907006629 -0.04904112859373117 0.041464349329330935 0.696259768227282
0.036959918 -0.7151394883707803 -0.04904448436585744 0.0414232010858729 0.6960274916537886
0.03712987 -0.7150938028390901 -0.04920046755004593 0.04177868863304895 0.6960421742323434
0.037292625 -0.7151652941696057 -0.049430290695090626 0.04193757615871003 0.6959428770258607
0.037446323000000004 -0.7152230521638682 -0.049527425683807906 0.04202689354018148 0.6958712237029907
0.037594583 -0.715173805571285 -0.04986279209831113 0.042168872992629836 0.695889298623982
0.03774901 -0.7152932600496978 -0.05013591715507562 0.04224060319826925 0.6957425338298218
0.037915765000000004 -0.7152763364825292 -0.05025536225211598 0.04237912407774337 0.6957428913581821
0.038086025 -0.7152964338712815 -0.05040513175098564 0.04246538627488287 0.6957061343359837
0.038232765 -0.7154294345976802 -0.050581647620062384 0.042483479389511115 0.6955554435228327
0.038387719 -0.7154212122215676 -0.05080347042358607 0.04269455691369858 0.6955348095575702
0.038540181 -0.7154098378185662 -0.050952234539680015 0.042866864067832404 0.6955250288183856
0.038691764000000003 -0.7155304919428047 -0.05119181578623279 0.0430089352945357 0.6953745354709406
0.038863203000000006 -0.7155988853558645 -0.05124147808946354 0.043100483050085785 0.6952948256398149
0.039041192 -0.7156833633785468 -0.0513239928189544 0.04310728515840345 0.6952013615568965
0.039202092 -0.7157151153920266 -0.05150697919917424 0.043288194584016386 0.6951438965443127
0.039350485000000004 -0.7158554049771364 -0.05160637771119082 0.04340050847680671 0.694985047902834
0.039515488 -0.7157951459879588 -0.05188086483792654 0.043578003742584866 0.6950155699216795
0.039660581 -0.7159312005295216 -0.05192813696329476 0.0434385496039512 0.6948806207602743
0.039829627 -0.7160004422247073 -0.052005438292290214 0.043593416683025174 0.6947937932537613
0.040004513000000005 -0.7159937949368368 -0.052200455212609964 0.04387231517678448 0.6947684636255246
0.040179123000000004 -0.7159200731752615 -0.05257619245368823 0.04419888235231796 0.694795402698238
0.040335879000000005 -0.7159011233165813 -0.05280244837798103 0.04445189908615469 0.6947816288208706
0.040489265 -0.7159500416296968 -0.05299846146721906 0.04456330816788102 0.6947091567970567
0.040627125 -0.7159176492909304 -0.05319750499239149 0.04495858257271095 0.6947018574535305
0.040772806 -0.7159025536177057 -0.05353571004166146 0.04521236988693495 0.6946749621824512
0.040950864000000003 -0.7160086526269345 -0.05362807007397775 0.04518380476229603 0.6945603380921668
0.041116061 -0.7161196899922196 -0.05364603714276996 0.045251739665572895 0.6944400423085948
0.041274623 -0.7161179535543969 -0.05390233683811355 0.04543053001950692 0.6944103121516845
0.04142796 -0.7161318264683836 -0.05408984641039175 0.04555224536462678 0.6943734503684583
0.04157269 -0.7160660664655838 -0.05452667265165143 0.04587314527339537 0.6943859769384544
0.041719729000000004 -0.7160408549625085 -0.054885864276282836 0.04613319506880015 0.6943664480949159
0.04189918 -0.7162063951925949 -0.054957755972687226 0.046125888012501656 0.694190497629241
0.042079281 -0.7162091136543313 -0.0551027002332974 0.04621959777096931 0.6941699696236985
0.042244891 -0.7162580831609745 -0.055177476531038445 0.0464342300219254 0.6940991763952067
0.042410552000000004 -0.7162967534308811 -0.055327768909258467 0.04659654223279873 0.6940364264675523
0.042563209000000005 -0.7163739777461593 -0.055584934006749465 0.04669426033422397 0.6939295966965598
0.042698230000000004 -0.7164684705087203 -0.05563019211441791 0.04676723260624851 0.6938234922850054
0.042883684000000005 -0.7163828383887324 -0.05585862567184312 0.04708960415668738 0.6938717547072533
0.043059449 -0.7163436100548389 -0.056069418029484744 0.04725856437043289 0.6938837660509729
0.043230912 -0.7164288264534068 -0.05631755751264792 0.04744752342323062 0.6937627850089727
0.043380943000000005 -0.7164148510708993 -0.05647278334593556 0.047574672662815884 0.6937558910937262
0.043525374000000006 -0.7164661356860247 -0.05669349689015003 0.047792189393381486 0.6936699722912103
0.043680133 -0.716606118213004 -0.056684517257753156 0.04784094235979295 0.6935227329201781
0.043842178 -0.7166023318977468 -0.0569086086949945 0.048050955353843204 0.6934937734866077
0.044019796 -0.7167397645212333 -0.057020123125690804 0.04816634993371504 0.6933345644397378
0.044192737 -0.7168331169381449 -0.057173681972752896 0.048269821893197576 0.6932182029093157
0.044374355000000004 -0.7168277357811206 -0.05736544209375939 0.048501682558300147 0.6931917411923727
0.044522572 -0.7168564066812033 -0.05753389865909451 0.04879476262714256 0.6931275595771379
0.044681194 -0.7168788510937882 -0.057833686173559794 0.04897140037104357 0.6930669372749845
0.044854002000000004 -0.7168036273115419 -0.05822094225871152 0.04929063887615234 0.6930896873238733
0.045025132 -0.7167537471620357 -0.05854326967425898 0.04954845727143972 0.6930957378941582
0.045188574 -0.7166896941189181 -0.058830804228288486 0.04976598379166292 0.6931220424101604
0.045339895000000005 -0.7167031973478313 -0.0589618642356444 0.0499338831214751 0.6930848669489644
0.045485564000000006 -0.7167438921121712 -0.05906284769409347 0.050044685018821054 0.6930261918885371
0.045619081000000006 -0.7168051362527323 -0.059108685343762984 0.050241549980991625 0.6929446923197704
0.045783135 -0.7168378273400656 -0.0594394261755859 0.05044777634832835 0.6928675961334895
0.045972095000000004 -0.7167737744819729 -0.05975176566816614 0.05062697023327616 0.6928939259362873
0.046159468 -0.7168739388115654 -0.059898465661995616 0.050743062773205026 0.6927691327163222
0.046328474 -0.7169870488929256 -0.06000287980488435 0.05075582689920941 0.6926420952921583
0.046466943000000004 -0.7170602665367584 -0.06017457260726713 0.0510009581705655 0.6925333906978419
0.04661523 -0.7169886920264539 -0.06039320900738533 0.05111395071769834 0.6925801324424588
0.046793737 -0.7171030787718071 -0.060479843210062896 0.05121517187449193 0.692446654372124
0.046975222000000004 -0.7171840983232245 -0.06053527250269449 0.051365739387167736 0.6923467416782847
0.047148772000000005 -0.7171433733498399 -0.06091317084544057 0.05160343494091891 0.6923381061159818
0.04731283 -0.7171015219741609 -0.061148282219693866 0.0518551244273483 0.6923419247991174
0.047469041000000003 -0.7171980900708455 -0.0613774492256798 0.05200178382995285 0.6922106058157322
0.047610673000000006 -0.7173495911138105 -0.06126672398021867 0.052068337687366115 0.692058408569721
0.047758046000000005 -0.7173531927713452 -0.061497386564294834 0.05223130112499236 0.6920219356706182
0.047937067 -0.7173477062447995 -0.061666541092204624 0.0523918086770882 0.6920004367329485
0.048129092000000005 -0.7174386193336426 -0.061750111363388906 0.05248888342878942 0.6918913703404924
0.048292408 -0.7174672876599115 -0.06200286862513048 0.05270363389386046 0.6918227102333129
0.048458783000000005 -0.7174640204282775 -0.062067398699772736 0.05278318610821536 0.6918142472324497
0.048608877 -0.7174939571734051 -0.06231189179639388 0.05294111527618736 0.6917491509743365
0.048754006 -0.7175321363685705 -0.062466606437424035 0.05304831782795511 0.6916873804936527
0.048942557000000005 -0.7174379733179459 -0.06277755645044922 0.053224284539243195 0.691743383331445
0.049124433 -0.7174317991602425 -0.06295120775425868 0.05332882840322925 0.6917259537252569
0.049280153 -0.7175521774580986 -0.06295442328220224 0.053425226516326266 0.6915933475576711
0.049444468000000005 -0.7177665786322971 -0.06292887916196767 0.053334928986626465 0.6913801270761956
0.049608305000000005 -0.7178586977212768 -0.0631082824790431 0.05365941704491042 0.6912430120810321
0.049773119000000005 -0.7179088666961174 -0.0632654384774726 0.053653951404430224 0.6911769649749911
0.049958299000000005 -0.7179945999507821 -0.06337414943130033 0.05385799972486681 0.6910620720970089
0.050125417000000005 -0.7179855656975449 -0.06362296201078782 0.05406999831025849 0.6910320408184258
0.050299566000000004 -0.7179855640683341 -0.0637889839095707 0.05421262533504952 0.691005561899137
0.050458515 -0.7180940183045526 -0.06401900513975198 0.054402083986817604 0.6908566863786064
0.050610805 -0.7181604944783934 -0.06417805717589904 0.054517447426931445 0.690763728834779
0.050775282000000005 -0.7181611599891743 -0.06447096712259984 0.054516616526800725 0.6907358259159211
0.050953737000000006 -0.7183158001064998 -0.06453013899649493 0.05447933525170075 0.6905724252451618
0.051138732000000006 -0.7183295301000909 -0.06470794277843825 0.05453891125984817 0.6905368024125542
0.051313548 -0.7183933319280658 -0.06486429731401451 0.05457000856569238 0.6904532987395968
0.051463486 -0.7184650674428439 -0.06497455117639506 0.05469948798969899 0.690358037961057
0.051632483 -0.7185503081252539 -0.06510881340732189 0.054849235207216324 0.6902447815861966
0.051797302 -0.7186455855507816 -0.06525465680947012 0.0548573340046376 0.6901311650975892
0.051982234 -0.7186784132719761 -0.06543712019935696 0.05501016886640633 0.6900675350414471
0.052152176 -0.7187419490658563 -0.06566365867891014 0.05497034231771624 0.6899830114194017
0.052320507 -0.7187108700209747 -0.0658746425532567 0.05523377882711722 0.6899742360832404
0.052480154 -0.7188160012613672 -0.06600764736131938 0.055260240118438594 0.689849876917068
0.052632899000000004 -0.7188237601271366 -0.06628410819971292 0.055444380103291946 0.6898005070973889
0.052785582000000004 -0.7188454993400748 -0.06642232404107215 0.05551469572536414 0.6897589009980379
0.052946847000000005 -0.7187887561631069 -0.06664563215133984 0.05565649569144982 0.6897850666809112
0.053134193 -0.7189074410354528 -0.06677304932140306 0.055661291343189936 0.6896486581979164
0.053298990000000004 -0.7189333529241113 -0.0669419274383084 0.05578321113141087 0.6895954217945531
0.053477345 -0.7189163021890602 -0.06720910396244964 0.05595841592397393 0.689573014610238
0.053646302 -0.7189318314240604 -0.06753365041811209 0.05607274010844767 0.6895158269707671
0.053815076 -0.718886739224193 -0.06776312230342632 0.05624515819740381 0.6895262849251265
0.053987378 -0.7189805277616522 -0.06784116376510653 0.05621848657999929 0.6894229898728547
0.05415198500000001 -0.719002489517959 -0.06794576505123197 0.056312502349789434 0.6893821111384345
0.054314743000000006 -0.7189882527940665 -0.06818369865994307 0.056465136716429394 0.6893609822993901
0.054485413 -0.7190727513536289 -0.06828844284086123 0.05671077923631506 0.6892423045297656
0.054641775000000004 -0.7190930872796667 -0.06850354283255312 0.056782181516311946 0.6891938626455074
0.054798947 -0.7191164415312647 -0.0687363151466445 0.05703874962266401 0.6891251290882918
0.054981307 -0.7191488085856188 -0.06891016343512825 0.05714158119793795 0.6890654687208089
0.055174895 -0.7191813288406307 -0.06916905370652768 0.05722530308572361 0.6889986378383596
0.055337908000000005 -0.7192050683216569 -0.06930980875913838 0.05747206007304309 0.688939171785995
0.055489781 -0.719243646667223 -0.0694627108443298 0.0576292731370711 0.6888703618306454
0.055650716 -0.719278129552191 -0.06967516940008874 0.05774453913400215 0.6888032457220072
0.055826484 -0.719320543323539 -0.06975638158787958 0.057776433565408465 0.6887480576415125
0.056000397 -0.7193071064948253 -0.06993232693703827 0.05789273662180751 0.6887344823962649
0.05616846700000001 -0.7193155396779921 -0.07011119642084934 0.05806621418149595 0.6886928845899487
0.056339903000000004 -0.7194014743375291 -0.07017120714044077 0.0582887043099051 0.6885782071481169
0.056515304 -0.7194852434515508 -0.07024721177686491 0.058398296351771545 0.6884736397831431
0.056677347 -0.7195162876530339 -0.0704083218141356 0.05851866845394109 0.688414515727037
0.056869457000000005 -0.7195133412010919 -0.07058110334113774 0.05878948977832322 0.6883768267282047
0.057037109 -0.7194624017071805 -0.07087805597496807 0.05908413041798982 0.6883743307559446
0.057211044 -0.7194865657048444 -0.0709347331850631 0.059284469267365573 0.6883260107695329
0.057350120000000004 -0.7196333719712202 -0.07112193047768671 0.05931192844619611 0.6881508381848064
0.057508036000000005 -0.7197243553646921 -0.07137117513180183 0.05948532620012882 0.6880149007267561
0.057670391 -0.7197319645606921 -0.07160127353847653 0.059774701401036606 0.6879579506697275
0.05783908200000001 -0.7196926423088519 -0.07192995769422546 0.059996289112889616 0.6879455117124409
0.058023332000000004 -0.7197905324626982 -0.0719545814297457 0.06010705671058341 0.6878308435378032
0.058187967 -0.7198891022275407 -0.07205892880581823 0.06027077158016566 0.6877024250113669
0.058356519 -0.7199143834942364 -0.07212881626765656 0.060330660536732285 0.6876633810965518
0.058520999000000004 -0.7198962600361396 -0.0724613686490849 0.06055427534644157 0.6876277369163837
0.058691035 -0.7199332963445148 -0.0726495973662263 0.06062089497258827 0.6875632275723945
0.058868584 -0.7199553122059291 -0.07280920715250559 0.06085530030171653 0.6875025819627691
0.059048179000000006 -0.7199499424348522 -0.0730529114118207 0.0611335196713879 0.6874576680021086
0.059230409000000005 -0.7200021641061373 -0.07321724543722546 0.06134752038641424 0.6873664236748128
0.05938954900000001 -0.719920731692125 -0.07353777106584147 0.061585591304381855 0.6873962112568214
0.059566585000000005 -0.7200190953121323 -0.07358920680124294 0.06164099397711181 0.6872827066715528
0.059721654000000006 -0.7200315517229231 -0.07370347513718417 0.06181106437309246 0.687242136802777
0.059897818000000005 -0.7200944317823732 -0.07380083463027501 0.06189024244054117 0.6871586745538081
0.060070069000000004 -0.7201575573651358 -0.07385827562090604 0.06190607524688288 0.6870849187252724
0.060235697000000005 -0.7201163353048313 -0.07409800518928214 0.06202316745642767 0.6870917522083789
0.060400655000000004 -0.7201145862758017 -0.07422313348150815 0.062179116120557994 0.6870659841729052
0.060562743 -0.7201829334490714 -0.07437835541258782 0.0622607350097378 0.6869701620091341
0.060707356000000004 -0.7201901957752416 -0.07452445882441042 0.06240863397202097 0.6869332932329701
0.060896585 -0.720147581029503 -0.07486235318692791 0.06265979207137533 0.6869183649242773
0.061090636000000004 -0.7201416494311343 -0.07508426062309848 0.06287906972689662 0.6868803252034283
0.061266204000000005 -0.7201222523088183 -0.07522713567858424 0.06304117677659864 0.6868701695501789
0.061445002000000006 -0.7203175734047952 -0.0750687780327777 0.06302273394563565 0.6866843576308624
0.06161838 -0.7202991671223592 -0.07532867660473833 0.06320518166542073 0.6866584342556749
0.061771857000000006 -0.7203339052483688 -0.07546509678898097 0.0632883794626117 0.6865993483402525
0.061968955000000006 -0.7202908418134882 -0.07568057166460444 0.06351060112760294 0.6866002897003067
0.062153636000000005 -0.7203060579659699 -0.07581339180040728 0.06366340062176083 0.686555521354621
0.062331791000000004 -0.7203564502273532 -0.07588642372671489 0.06378100931406216 0.6864836619765217
0.062498183000000006 -0.720336811170946 -0.07623835721862043 0.06408355603453882 0.6864370977785558
0.062672644 -0.7202555131866014 -0.07642483313003254 0.0642589628195406 0.6864852702736662
0.062846236 -0.7201801207585531 -0.07680521995778904 0.06455363601788239 0.6864942679500696
0.06301896 -0.7200628408886142 -0.07727027460464353 0.0647942590902306 0.6865424341021383
0.063187907 -0.7199448392095533 -0.07769571083182207 0.06499211632258291 0.686599468270825
0.06337408500000001 -0.7199270203529207 -0.07793680320647704 0.06527280765732313 0.6865641999494656
0.06354148600000001 -0.7199463477682136 -0.07803143452770826 0.0654523704141116 0.6865160877706594
0.06370031500000001 -0.7200083220541801 -0.07808904494050306 0.06545963272708062 0.6864438460036185
0.063869707 -0.72012288267371 -0.07812313032302562 0.06553321304165896 0.6863127627741404
0.06405590600000001 -0.7202605097614561 -0.07810656813413379 0.06561680943366126 0.6861622231019581
0.064241105 -0.7202241369152372 -0.07841655222777658 0.06588086264502797 0.6861397444242364
0.064401336 -0.7202166792694897 -0.07858775498794049 0.06611547441767751 0.686105417345257
0.06456753400000001 -0.7202811356800702 -0.07855811132825796 0.06635627003057855 0.6860178963814236
0.064734374 -0.7202613376453121 -0.07871278643987867 0.06645780354440696 0.6860111246126467
0.064916502 -0.7202702959522296 -0.0786895881253749 0.06664728858524821 0.685985997243224
0.065094126 -0.7202740823410119 -0.07887882232215915 0.06675369449083868 0.6859499412994404
0.06527279200000001 -0.7202213310299652 -0.07917739225560663 0.06698065737407763 0.6859488074359215
0.065438232 -0.7203022757348962 -0.07911070472689874 0.06699764499050748 0.6858698444562703
0.065606565 -0.7201804841384063 -0.07946851065690048 0.06741833071018354 0.6859151512865105
0.065760438 -0.7201678775443378 -0.079716917242418 0.06763483214628992 0.6858782477518819
0.065963187 -0.7203280247137172 -0.07960210563677199 0.06764412864185344 0.6857224755325662
0.066144282 -0.7203499991425253 -0.07952191724093709 0.06759003838200309 0.685714029406726
0.066322438 -0.7204297604950274 -0.07971057852852614 0.06778527404902682 0.6855890463578185
0.066503404 -0.7203916263960191 -0.08004592563112987 0.0680343872182542 0.6855653700152818
0.066674042 -0.720497649685477 -0.07986392790408994 0.0680698502752029 0.6854716517121221
0.06685287200000001 -0.7205858148869304 -0.0799006551318173 0.06823987252754658 0.6853577813745668
0.067029746 -0.7206676841038672 -0.07985846421158778 0.06822763038578913 0.6852778306891848
0.067211912 -0.7207051743042188 -0.08003602609633667 0.06852134959938945 0.685188376219934
0.067368259 -0.7206978759523374 -0.08027428699283673 0.06886300155733349 0.6851339266611275
0.067532192 -0.7206534867182165 -0.08053052492239286 0.06910311527687137 0.6851263723544965
0.067710175 -0.7206268264923896 -0.08080210754494342 0.06923630085534051 0.6851089920586878
0.067909652 -0.7206906926405563 -0.08093753479912169 0.06939055276047901 0.685010213200877
0.068085029 -0.7206916069306641 -0.08107756262580057 0.06966583781575986 0.6849647491512131
0.068259631 -0.7207244217746737 -0.08114982723809515 0.06996253962460931 0.6848914194571751
0.068441785 -0.720669948940215 -0.08151679242944701 0.0703565579646209 0.6848647983346003
0.06860153100000001 -0.7208105367329843 -0.08166829272840186 0.070471460979271 0.68468696006641
0.068781308 -0.720924539361058 -0.0817037791403095 0.07061545091802411 0.6845478501265498
0.06897101700000001 -0.7208866383502737 -0.08193445976903163 0.07078457966990014 0.6845427249130281
0.069154674 -0.7210620223360978 -0.08195635593104375 0.0709071682122799 0.684342669401226
0.06934053600000001 -0.7210966901102639 -0.08216682791515818 0.07111911597208109 0.6842589036656608
0.069523209 -0.7211225715915128 -0.08238247764685762 0.07140932146123026 0.6841754693983514
0.069695245 -0.7211187725882026 -0.08252099753985324 0.07169297552417861 0.684133114274116
0.069875583 -0.7211513645883877 -0.08272713377254995 0.07184205287979119 0.6840582212999868
0.070065732 -0.7212307920957027 -0.08270271720948978 0.07196275581927893 0.6839647409582359
0.070238991 -0.7212993132725415 -0.08285619253574075 0.07218852196580063 0.6838501073535288
0.070427749 -0.7214253562521348 -0.08283825067397034 0.07218276137669932 0.6837199196613998
0.070596042 -0.7214986055992236 -0.08293807914699663 0.07237093446624705 0.6836106238131938
0.070770287 -0.7216318138760199 -0.08293075950266787 0.07254677942847423 0.6834522508009405
0.070954641 -0.7215096814607147 -0.0832191292658649 0.0728522437376355 0.6835136477533429
0.071124221 -0.7215515238057656 -0.083434519864213 0.0730842211664537 0.6834184486865262
0.07129673 -0.7215958140016153 -0.08358067743829599 0.07318159910927613 0.6833434020506163
0.071469742 -0.7215387076127009 -0.08394504567399168 0.07338728664714908 0.6833369804729973
0.07164820200000001 -0.7216721246458287 -0.08402416080631589 0.07347298553578675 0.6831771405034183
0.071841604 -0.7217323832334482 -0.08422962740977384 0.07378379365324178 0.6830546747169752
0.072023584 -0.7218193066968187 -0.08432770231515736 0.07387282507250492 0.6829410902982604
0.072196887 -0.7219234415561615 -0.08444278737929661 0.07407742753671594 0.6827946213326994
0.072380753 -0.7219123545984051 -0.08462546761191345 0.07440340671653294 0.6827482812710884
0.07255602300000001 -0.7219882188181515 -0.08470236262503371 0.07447393572067501 0.6826508291592435
0.072757219 -0.7220513461154883 -0.08477611585397647 0.07457793640261116 0.6825635466060664
0.072959577 -0.7221692900149097 -0.08480041254138757 0.07458855133664125 0.6824345789903032
0.073136693 -0.7221829627715414 -0.08495389881745087 0.07478976336578316 0.6823789963458154
0.073315816 -0.7222977677136899 -0.08498764972229973 0.07485551814403976 0.6822460593905155
0.073486303 -0.7221572301749795 -0.08532222530552531 0.07523113598675588 0.6823117534918012
0.073666148 -0.7221250734495294 -0.0857171354098844 0.07564755239196194 0.6822502464709999
0.07383703 -0.7223151233443256 -0.08576322033260034 0.07577308048075561 0.6820293050160747
0.074021284 -0.7223737612635877 -0.08596581465981895 0.07603287733475649 0.681912772509775
0.07421673200000001 -0.7224656389945352 -0.08591012104530613 0.07596723980228397 0.6818297661814277
0.074391751 -0.7226222958830698 -0.08603120864849448 0.0761323397817079 0.681630042963573
0.074573229 -0.7225821154806952 -0.08616697963264246 0.07625024186851795 0.6816423098835803
0.074733321 -0.7226333137343888 -0.08625563170377917 0.07634525457237362 0.6815661831289147
0.074931327 -0.7226171841966704 -0.08654474667828706 0.076643403293752 0.6815131698343159
0.07512196 -0.7226279601929942 -0.08676107927022322 0.07688823277120357 0.6814466567035888
0.07532303 -0.7228367245487805 -0.08685368524565737 0.07702384781321876 0.6811980871016038
0.07550908 -0.7227956959479377 -0.0871069278136661 0.07711315387017123 0.6811991827257251
0.075671396 -0.7228589602816543 -0.08723766641606034 0.07705582074228057 0.6811218052511157
0.075845376 -0.722902337376978 -0.08738860751682578 0.07728519397344814 0.6810304256666203
0.07601780400000001 -0.7228745360480916 -0.08767395215875218 0.07754021897256626 0.6809942714060134
0.076198429 -0.7228207760154489 -0.08788056601455513 0.07783494923383945 0.6809910811127785
0.076377339 -0.7228544032650752 -0.08810445908253665 0.07817309929421075 0.6808877165265963
0.076554761 -0.7229597463463063 -0.0882728252555767 0.07832368435626187 0.6807367435015853
0.076722097 -0.7229329470976567 -0.08840880643174834 0.07847300702652127 0.6807303607995058
0.076923005 -0.7230150103639319 -0.0885483439185138 0.07860561437520554 0.6806097582068802
0.077104607 -0.7230240403877642 -0.0887229048843574 0.07875883662137471 0.6805597173094224
0.077282218 -0.7230624665191963 -0.08882294117616983 0.07892432600834776 0.6804866680517101
0.077448898 -0.7230245482578112 -0.08901169184383427 0.07912249158313932 0.6804792815783313
0.077614869 -0.7230220642501947 -0.08921108711750358 0.07930879081840005 0.6804341204272631
0.07777834700000001 -0.7229530883069236 -0.08945998875485874 0.07969649610343 0.6804294313360477
0.07798956900000001 -0.7229831346228752 -0.08950487037555534 0.07967482632514884 0.6803941411270332
0.07817378800000001 -0.7229306286850581 -0.08983153771158721 0.07997940304152706 0.6803711457950864
0.078352879 -0.7228045262234642 -0.09005370008167889 0.08016578463782383 0.68045381543928
0.078530548 -0.7227440747920036 -0.0902925314747525 0.08042480441576923 0.6804558118993591
0.078685902 -0.7228499327446106 -0.09031164136901809 0.08044237857421493 0.680338743490085
0.07887645600000001 -0.722829083869115 -0.09053429248247052 0.08072941165699916 0.6802973022812514
0.07906305300000001 -0.7227701513658166 -0.09058811311364103 0.0808246958280786 0.6803414367811523
0.079236625 -0.7228687586422521 -0.09077580988825613 0.08093972832766237 0.680197964196001
0.07939552100000001 -0.7230131040856621 -0.09090164006971405 0.08092493702350384 0.6800294829790786
0.079562165 -0.723123489233608 -0.0910236323993218 0.08118293407517517 0.6798650225437327
0.07971207100000001 -0.7230310652085553 -0.0913200386320424 0.08155359776264227 0.6798792098450963
0.079892187 -0.723214502047761 -0.091263156210591 0.08156631523851171 0.6796901916054853
0.080091255 -0.7230932486449239 -0.09160894934515411 0.08196766328154496 0.6797243973406941
0.080264665 -0.7231777847720177 -0.09175327990681009 0.08206227819028958 0.6796035680724453
0.08044378 -0.7230324900730819 -0.09207250086951228 0.08235457385966204 0.6796796282416777
0.080599851 -0.7230854416960846 -0.0920534139662028 0.08244281499267868 0.6796151817318588
0.080758095 -0.7229887856044784 -0.09221535122356146 0.08254163664532754 0.679684061243742
0.08095605 -0.7229631461330985 -0.0924653585367056 0.08271437663115676 0.6796563681026825
0.081141506 -0.7228696948865985 -0.09273892530932265 0.08289439698892163 0.6796965608967508
0.081339037 -0.7229354522914696 -0.09289485694545534 0.08298740034796362 0.6795939734552521
0.081504481 -0.7228901465480637 -0.09321900514048771 0.08326724964714313 0.6795635498174813
0.081677804 -0.7227235559026476 -0.09351152886799048 0.08353867314518751 0.6796672316666037
0.081840018 -0.722669965495652 -0.09379434825318708 0.08363014746007014 0.6796739951197776
0.08202345800000001 -0.7226723493639339 -0.09396773706801416 0.08375830492657786 0.6796317283727671
0.082189782 -0.7226842630364722 -0.09403018881603384 0.08378636381929977 0.6796069634638771
0.08236062400000001 -0.7225910540054471 -0.09428625431901234 0.08404207470962786 0.6796390222730655
0.082535219 -0.7226227212401198 -0.09431622265479633 0.08414928123554634 0.6795879276143708
0.082705024 -0.7226591596046015 -0.09459753386990555 0.08430979407731552 0.6794901796552643
0.08290407000000001 -0.7228577124285357 -0.09461795071242325 0.08427784864039987 0.6792800712622968
0.083093595 -0.7230238730304154 -0.09454662752636517 0.08413868503564091 0.679130396854655
0.08325778 -0.7228445601279133 -0.09496228408954714 0.08444317061595094 0.6792254834959481
0.083419592 -0.722936079440077 -0.09508237455423915 0.08452881848307933 0.6791006154751975
0.083584271 -0.7229802458597914 -0.09531388522818912 0.08481905818169556 0.6789849444195304
0.083738673 -0.7229812752559017 -0.095432129404738 0.08500428411128184 0.6789440742722151
0.083938913 -0.722907841484203 -0.09574763317322675 0.08533995182170301 0.6789357378172433
0.084127056 -0.7229992017359327 -0.09579557835953745 0.08533473162467284 0.6788323394141667
0.08431123500000001 -0.7228980733902959 -0.09602331112307083 0.08564280128618038 0.67886906675545
0.084493569 -0.7228134240878376 -0.09626482751024823 0.08581893488462587 0.6789027525044408
0.084659173 -0.7227134354754087 -0.0963971924307997 0.08585842171677105 0.678985421710287
0.08483744 -0.7226435149833175 -0.09663276090880324 0.0860776976278334 0.6789985933290207
0.085025825 -0.7226464656334022 -0.0967616779003102 0.08608162238480284 0.6789765958301275
0.08521698500000001 -0.7225859037011756 -0.09693356496013399 0.08613556001659284 0.6790096914309119
0.085400523 -0.7224817335298521 -0.09730424454660905 0.08648094469502034 0.6790236188186459
0.08557605800000001 -0.7224101784615353 -0.09756962185483851 0.08683272842686977 0.6790167746235887
0.085741326 -0.7223156650064595 -0.09791101291598497 0.08716874317097922 0.6790251275542263
0.08593882200000001 -0.7220396337159425 -0.09840508800856046 0.0877223620083864 0.6791759663011083
0.08613037700000001 -0.7221288661217737 -0.09856989160782528 0.08783402051394186 0.6790427541933267
0.086304984 -0.7220158874979125 -0.09880976977585884 0.08813281647313403 0.6790893124309614
0.08647466100000001 -0.7216028800657633 -0.09929333347374397 0.08872133036347371 0.6793810734389075
0.086636457 -0.7215387718761193 -0.09942739699041622 0.08888675064692318 0.6794079326639062
0.086810206 -0.7216762034628488 -0.09925547090843992 0.08876567530261407 0.6793029248709761
0.08701191400000001 -0.7218683086267664 -0.099158033746648 0.08856558179454149 0.6791391367497708
0.08720567300000001 -0.7216805008708664 -0.0997008099292089 0.08899547927304169 0.6792030681844687
0.08739081600000001 -0.7216487699152359 -0.09994672749295079 0.08932975857945617 0.6791567556723648
0.087562265 -0.7219412138428556 -0.09983610170124464 0.08908355489553824 0.6788945108036859
0.087714627 -0.7220825744755743 -0.0998335714123219 0.08907321989766899 0.67874588407949
0.087905776 -0.7221990610090463 -0.09989830533271833 0.08904191229406087 0.6786165211106484
0.088080479 -0.7222168934773529 -0.09997618405739502 0.08914038422883777 0.678573145133801
0.088270398 -0.7224694549045662 -0.09981803703196365 0.08893832943323993 0.6783540519305598
0.088443961 -0.7224853327316425 -0.10001887365027753 0.08907083005327093 0.6782901710440734
0.088607208 -0.7224050166383578 -0.10021520217857163 0.08924790062761503 0.6783234607630824
0.08877821600000001 -0.7221814325315831 -0.10054779007268051 0.08973887582956118 0.678447532667764
0.088970927 -0.7220982288451916 -0.10082977413847552 0.08994552740936804 0.6784668795489367
0.08915982500000001 -0.7218824611706164 -0.10145912389804475 0.090528612767041 0.6785251128017071
0.089325477 -0.7220736526477943 -0.1015048240191753 0.09050622781948355 0.678317796890658
0.08950184600000001 -0.7221857083302112 -0.10170329458801848 0.09058343153158414 0.6781584508693348
0.089655276 -0.7222261804908947 -0.10183478685458976 0.09076140003161937 0.6780718167451836
0.08984525 -0.7223444153407158 -0.10195932831558244 0.09087457851122933 0.6779119795194067
0.090014382 -0.7223409094071885 -0.10202889000115883 0.09096328752409777 0.6778933518812049
0.090191082 -0.7225233891348118 -0.102017493860015 0.09105113501527749 0.677688773635875
0.09037173000000001 -0.7227060201903164 -0.1019818851055233 0.09094966898145199 0.6775129970732381
0.09055893000000001 -0.7227409848243641 -0.1020420889732061 0.09110216704078616 0.6774461425778175
0.090717584 -0.7228657595999711 -0.10211156637473076 0.09115703972058836 0.6772951466826218
0.09090012600000001 -0.7230240525253454 -0.10210080609811652 0.09118053790185585 0.6771246224823531
0.09108761500000001 -0.72323179642859 -0.10217505752797268 0.09117602120902021 0.6768921327732519
0.091273039 -0.7229766882976897 -0.10260877565880067 0.091632666706174 0.67703737099825
0.091447573 -0.7229168546870238 -0.10294683450589344 0.09194234515999615 0.6770079583292328
0.09160655300000001 -0.7228849636928588 -0.1031599716535446 0.09214043632317928 0.6769826360471793
0.09178315000000001 -0.7230950060736412 -0.10315103807158771 0.09208524356089899 0.6767671560104288
0.091991316 -0.723008010861053 -0.10333688818772337 0.09222544173077084 0.6768126562557655
0.09217805600000001 -0.7229170844789817 -0.1036303946955918 0.09253536348663263 0.6768226036178467
0.092348836 -0.7229259930180124 -0.10385184031465411 0.0926471582843763 0.6767638494659783
0.09252188900000001 -0.7230552475090006 -0.10403827430438357 0.09269813891763445 0.6765901281948105
0.092683729 -0.7233018058239028 -0.10394632646316379 0.09260862541015477 0.6763529414487199
0.092857118 -0.7234127825227682 -0.10406404480838104 0.09289370073875002 0.6761770337891138
0.09301701000000001 -0.7232639919065522 -0.10437463194322132 0.09306860722290829 0.6762642742062479
0.093192324 -0.7232489648339849 -0.10456347854183669 0.0932010550871471 0.6762329311357456
0.093388233 -0.7231813148250142 -0.1051337333944757 0.09365305128842304 0.676154412819195
0.09356707800000001 -0.7233072669586003 -0.10512626220321279 0.09356978433491013 0.6760323675827802
0.093745781 -0.7231996169310433 -0.10528707996774098 0.09377492170589301 0.6760940828921015
0.093944228 -0.7234640297269637 -0.10516151714171638 0.09348397330401982 0.6758709934144
0.094114415 -0.7233139493178804 -0.10551961497833007 0.09381785244958388 0.6759295467271299
0.094290365 -0.7232325931099318 -0.10573510333956822 0.0939523845267503 0.67596423990252
0.094451562 -0.7231236559138089 -0.10594060974029751 0.09404959004335894 0.6760350879047454
0.094609249 -0.7230082564541207 -0.10633139440770993 0.09438073579116935 0.6760510131447192
0.094811795 -0.7232403164968764 -0.10632086094376236 0.0942570617420658 0.6758216668866329
0.09499082900000001 -0.7232855644341805 -0.10635608661919463 0.09439856311969662 0.6757479459096529
0.09519635400000001 -0.7230647079825492 -0.10684979377256647 0.09488433069389422 0.6758383781864135
0.095385618 -0.7232485260670706 -0.1069361847972493 0.09488619902812029 0.6756277311928616
0.09555126200000001 -0.7235601663355558 -0.10665842554414046 0.09473109481701503 0.6753596713068354
0.09571842700000001 -0.723550026049073 -0.10696036527975555 0.0948183400202003 0.6753105377968124
0.09590879000000001 -0.7233557889045499 -0.107385095093183 0.09523742059114526 0.675392239908965
0.09610876900000001 -0.7234170868767426 -0.10760640296682084 0.09533857643558692 0.6752770811293278
0.096288204 -0.7234207321710688 -0.10770755040712081 0.09545440371799258 0.675240686467584
0.09646616000000001 -0.7232524691446266 -0.10810380109551374 0.0959118118008991 0.6752927945876298
0.09663199600000001 -0.7230833092403308 -0.1084664157649858 0.09627362654289519 0.675364311598879
0.096818781 -0.7232234238393064 -0.10833819288606948 0.09612561974703021 0.6752559369606316
0.096993782 -0.7231885914245427 -0.10865329502139577 0.09645418265038186 0.6751957592903154
0.097177593 -0.722971322731646 -0.10902482098563801 0.09690502722084171 0.6753039838591439
0.097357734 -0.7228504114945321 -0.10940511521873579 0.09728774259685358 0.6753168874732575
0.097515352 -0.7228446880969206 -0.1095803986471051 0.09748114973347487 0.6752667018068091
0.097674703 -0.7227628281859623 -0.10984476002385146 0.09774360587496347 0.6752734338018123
0.097878487 -0.7226630248005934 -0.11019882880615145 0.09797582324555194 0.6752889076352171
0.098086406 -0.7224917002042264 -0.11061537393148531 0.09832644176010481 0.6753531617137806
0.09829164100000001 -0.7224944248567665 -0.11091600718672398 0.09853305143155931 0.6752708220974971
0.098465644 -0.7223455405814371 -0.11126863387578155 0.0988778532843008 0.6753216872331409
0.098629406 -0.7224766544013852 -0.11140813512323318 0.0990314080477789 0.6751359059429578
0.098806609 -0.7227913370953074 -0.11121092028213014 0.09876207602231651 0.6748709999472053
0.09898768200000001 -0.7226484132273763 -0.11165852543607316 0.09902853821020852 0.6749111002030901
0.099199537 -0.7225472555318708 -0.11193483944848583 0.09933476648134502 0.6749286328265375
0.099373025 -0.7221201789493683 -0.1126382549959006 0.09996586920143799 0.6751754554635491
0.099546191 -0.7224495934847387 -0.11254303923934166 0.09974464890895611 0.6748715834931384
0.099709902 -0.7222527822542196 -0.11306499909777891 0.10020770466484673 0.6749263963061898
0.099890379 -0.7223444738393237 -0.11322851950998629 0.10018816558138938 0.6748037455147996
0.10009029200000001 -0.7220969147084635 -0.11362176215196543 0.10065906255277396 0.67493251074459
0.10026604600000001 -0.7218691978733006 -0.11423574515619005 0.10110093231906149 0.6750064126914523
0.1004363 -0.7217509506984116 -0.11448394602325317 0.1014732222244549 0.6750349446067734
0.100618921 -0.7219513944683533 -0.11445408620375304 0.10129934758237932 0.6748517528730643
0.100794985 -0.7217848771895174 -0.1147956527548098 0.10151648648366715 0.6749392210718835
0.10097966300000001 -0.7214458032949453 -0.11547941338203434 0.10215770758101338 0.6750883355345755
0.101165798 -0.7210998859909279 -0.11608361104045786 0.10296050964954795 0.6752323178909485
0.101347634 -0.7208451581926372 -0.11651976765505313 0.10341438231235395 0.6753598057234365
0.10151014400000001 -0.7209704318222027 -0.11657859883389045 0.10338654112732314 0.6752201787904157
0.10168594900000001 -0.7207550521336168 -0.11698456191083102 0.1038527258954987 0.6753083580279989
0.101875879 -0.7208514961256695 -0.11699264268743724 0.10387060868405085 0.6752012579535064
0.10207648400000001 -0.7203373035428701 -0.11790376454003111 0.10492845936030902 0.6754279309061383
0.102248613 -0.7202585947042253 -0.11813652078128598 0.10512321118301048 0.6754409150199289
0.10242150000000001 -0.7203377317229047 -0.11818726536336241 0.1050293415384203 0.6753622435243444
0.10258557300000001 -0.7205728516229583 -0.11808315167705188 0.10485764679468779 0.6751562846501928
0.10275158200000001 -0.7199300162497126 -0.11914487122029327 0.10605372217809458 0.6754686368564858
0.10298046300000001 -0.7199741997538605 -0.11928333996068632 0.10625039935196652 0.6753661889183958
0.103175784 -0.7205471531603885 -0.11888602029908174 0.1057410407561527 0.6749049907577441
0.10333982000000001 -0.7205678748318182 -0.11908079115942995 0.1058986361046951 0.6748238153832199
0.10352514900000001 -0.7207241834668935 -0.11914418492162267 0.10584542360356478 0.6746540304982419
0.10368598300000001 -0.7208451053237336 -0.11933205276351769 0.10607483576542774 0.6744555763958047
0.103871351 -0.7208038655188483 -0.1194681020940713 0.10622520533148096 0.6744519002771142
0.104071935 -0.7207552548055289 -0.11947459807163477 0.10629718479009147 0.67449135768484
0.104266152 -0.720669142247253 -0.11964154117452276 0.10663561009249335 0.6745003600430429
0.104425321 -0.7208933212832778 -0.1195482300644244 0.10638967785472625 0.6743161546808701
0.104606798 -0.7210233724691831 -0.11956825539731895 0.10638193823595565 0.6741747635973685
0.104780993 -0.7208805722854384 -0.11989825392056408 0.10677845914823948 0.674206177567475
0.104975915 -0.7208139395155791 -0.12028048370465691 0.10713023375004235 0.6741535306267151
0.10515896400000001 -0.7208436715150764 -0.12045840964825476 0.1070882070032533 0.6740966464109619
0.10535208800000001 -0.7215203307950886 -0.11997952478106846 0.10630969782173398 0.6735811562326443
0.10551913 -0.7221486135092017 -0.11953382284347569 0.10589601673677315 0.6730520625051574
0.105667227 -0.7221184406977574 -0.11975943902368835 0.10612675537968154 0.673007983727943
0.10584370500000001 -0.7221730561559607 -0.11987546059475047 0.10598962537465932 0.6729503326565004
0.10603873500000001 -0.722230095205842 -0.1199490459740042 0.10586726095173006 0.6728952660016744
0.10623515400000001 -0.7226086557032896 -0.11989512555004928 0.10567166748823793 0.6725290984502286
0.106424402 -0.7226114580800987 -0.12006706668234418 0.10598882080590906 0.6724454996606218
0.106604324 -0.7223447589207569 -0.12059780587324287 0.10652366021972932 0.6725525468628187
0.106782494 -0.7225513492855041 -0.12059919188969573 0.10653739310071399 0.6723281687037611
0.106973828 -0.7226862797993374 -0.12055168080748953 0.10637990843423674 0.6722165933133497
0.107168073 -0.7227840787799068 -0.12065929152804934 0.1063852379712239 0.6720912824699008
0.107352688 -0.7228190213298267 -0.12086778518644806 0.10661384246186743 0.6719800067735867
0.107520082 -0.7228711956501345 -0.12094438881553565 0.10674432591669798 0.6718893794353133
0.107696251 -0.7224831607153885 -0.1213845984024315 0.10720698073807397 0.6721536468951187
0.10788583700000001 -0.7223149528515395 -0.12167274870537516 0.1076571301599747 0.6722103788512003
0.108077686 -0.7221468747043429 -0.12194561517393548 0.10798978978280452 0.672288155181441
0.108265989 -0.7219927420960299 -0.12236657251324441 0.10853000779825886 0.6722902198450648
0.108448788 -0.7216475207954101 -0.12295305553851277 0.10907900444829342 0.6724649973434677
0.108629394 -0.7215356717374508 -0.12335554749951066 0.10933856307405906 0.6724691531485892
0.10879334500000001 -0.7217052796822925 -0.12342904836881595 0.1093858467298009 0.6722659413005215
0.109001596 -0.7215352047177281 -0.12396832366070407 0.1098558307335766 0.6722726378007184
0.10917781500000001 -0.7213137155586923 -0.12451223469220782 0.11038502876612613 0.6723231162046767
0.109342087 -0.7212437487854992 -0.12486842366028598 0.1107087144469042 0.6722788946233162
0.10952105100000001 -0.7211655598333873 -0.12510546631663733 0.11122034458596791 0.6722342542284435
0.109697476 -0.7212584470292864 -0.12535650030750667 0.11134728746698698 0.6720667987583521
0.109893955 -0.7207937484023847 -0.1259701163788254 0.11217211125782175 0.6723134086863856
0.11007536000000001 -0.7210920199905756 -0.12590617232616708 0.11207706995913512 0.6720213276864502
0.11026783300000001 -0.7213109181814522 -0.12605818165350252 0.11211553336329043 0.6717514431165048
0.110454668 -0.72182847940607 -0.1258170848341399 0.11171232764683052 0.6713077262581488
0.11063924600000001 -0.7215002385475442 -0.12630966619703338 0.1123568537433402 0.6714605062235065
0.110812639 -0.7217987553121389 -0.12618915544393033 0.11216758476261053 0.6711939263780001
0.11101292900000001 -0.7222534801622883 -0.12589851637840693 0.11181592298512842 0.670817913695037
0.11121550000000001 -0.7219589003742537 -0.1264881651943918 0.11244030657583741 0.6709197177705283
0.111399733 -0.7220085512285498 -0.12659840823966045 0.11256793015894236 0.6708240872864996
0.11158691100000001 -0.7221273759100486 -0.1265850330071857 0.11269860135049534 0.6706767534613665
0.11174732700000001 -0.721885187112737 -0.12695772021638502 0.11327343476732117 0.6707701863385694
0.11195411300000001 -0.7219403611649601 -0.12710880923922402 0.11345958821775061 0.6706507193586324
0.112157265 -0.7224577323469772 -0.12683698990303557 0.1130095024449642 0.6702209003914616
0.11234247600000001 -0.7219981226391052 -0.1275619632110515 0.11376728992012008 0.6704503413315415
0.112507877 -0.7219674201137429 -0.12772777679325625 0.11401633478751996 0.6704095276257473
0.11269350400000001 -0.7213957029689355 -0.12854086514194174 0.11490473598873 0.6707178150115559
0.112901521 -0.7211543224459034 -0.12902125553315383 0.11538857492773366 0.6708020837880458
0.113098265 -0.7211182909264734 -0.12920001686898205 0.11563120821784235 0.6707646307151399
0.113277309 -0.720871337787356 -0.12967093798745027 0.11617281137222596 0.6708456156940988
0.113472286 -0.7209520716306307 -0.12971791682653694 0.11622837381966139 0.6707401416233574
0.11364721000000001 -0.7211514186327134 -0.12960916042414877 0.11614151472637815 0.6705618878934545
0.11382473000000001 -0.7211179469875381 -0.12969515881247784 0.11624395834922985 0.670563505165906
0.11402218200000001 -0.7205750949099764 -0.13041403849828606 0.11709757860995972 0.6708590524407713
0.114210325 -0.7201222108628754 -0.13102041916908927 0.11766539817822887 0.671127786084199
0.11439466000000001 -0.7200651160195457 -0.13125593889453685 0.11789476095448874 0.6711027734528854
0.114552677 -0.7199559740989131 -0.13151564934390103 0.11829325353701658 0.6710989014329881
0.114726037 -0.719660458640191 -0.1320235887365478 0.11894418303312075 0.6712010709239781
0.114921325 -0.7191200519958055 -0.13280016976427209 0.11973385148154583 0.6714866123293334
0.115109449 -0.7187589382405135 -0.13338223308129846 0.12039515358345809 0.6716396173478977
0.11529724000000001 -0.7194255907152606 -0.13287946596221406 0.119757930088912 0.6711392591187119
0.115475855 -0.7193979525308333 -0.13311822194520764 0.1199550606654618 0.6710863642641948
0.115654931 -0.7189407576208351 -0.1336915179897389 0.12064180032232308 0.6713391997076938
0.115828465 -0.7182753862263438 -0.13461552709746685 0.12165740022723098 0.6716834123123915
0.116039922 -0.7184802168851013 -0.13462981372067906 0.12129756211745153 0.6715265390337413
0.116254113 -0.7190071668373027 -0.13436025769695834 0.12072659007552629 0.6711192931490918
0.11643953900000001 -0.7186148123595445 -0.13493666128285692 0.12142771144864646 0.6712973706127825
0.11662016100000001 -0.718813098411556 -0.13487272596926178 0.12134408877467738 0.6711130228665221
0.11681418800000001 -0.7182583973257605 -0.13560611429820843 0.12215510708977759 0.671411934841685
0.11700473300000001 -0.7177255563029805 -0.13640034340331503 0.12303127678607051 0.6716608348574621
0.11719214600000001 -0.7178393152527874 -0.1364145223575116 0.12304505745886202 0.6715338482923446
0.11736745800000001 -0.717721112701631 -0.13672706826838787 0.12346141947138706 0.6715202089938718
0.117546065 -0.7176543158468153 -0.13693801058934785 0.12364809541900844 0.6715142684273521
0.117719397 -0.7182127616849117 -0.1364730263071662 0.12300367609848331 0.6711301198052089
0.11793222 -0.7179397849646665 -0.1369249082067764 0.12343691225174404 0.6712505965518455
0.11813269400000001 -0.718419086029204 -0.13670152956997944 0.12300046897646807 0.6708633193682293
0.11831464000000001 -0.7184005204950966 -0.1368668829103165 0.12309069419519733 0.67083293711425
0.11848960900000001 -0.7182851534547722 -0.1371448628113134 0.12328695519966876 0.6708636609688395
0.118657861 -0.7182874225037738 -0.13728191281397245 0.12345633776269405 0.6708020481134837
0.11883086400000001 -0.7177702301487706 -0.13797783279177275 0.12435861788213236 0.6710461597600503
0.119029064 -0.7177994081682371 -0.13803183009106867 0.12469559911476027 0.6709413022585872
0.11923351700000001 -0.717114281861592 -0.13899932738942228 0.12578270590293658 0.6712711856106708
0.11941478400000001 -0.7176283495745948 -0.13863076273627117 0.12537388932775986 0.6708743931503366
0.119601996 -0.7184040957323876 -0.13795381374977 0.12462210865340807 0.6703235267701719
0.11977715200000001 -0.7184791187740284 -0.13805919417872028 0.12472475567812699 0.6702023202805617
0.11996695600000001 -0.7186594917245339 -0.13795024253957194 0.12448911049526296 0.6700751651162762
0.120158524 -0.7180088729205659 -0.13874324266001692 0.12529500080388195 0.6704585996145297
0.12034082800000001 -0.7177563256981604 -0.13913301346675847 0.12589592728110952 0.6705356642103115
0.12053253700000001 -0.7173617088941777 -0.13972690302072902 0.12658295477023884 0.670705096705173
0.120700687 -0.7176630266080398 -0.13960626160919892 0.12638936612101018 0.6704443303443022
0.120915347 -0.7178308661503977 -0.1395357904978573 0.12648046512502162 0.6702621149324083
0.121105685 -0.7178776267208655 -0.1396768241304646 0.12664594261085665 0.6701514030983233
0.121304351 -0.7182242866973209 -0.13939459691721104 0.12638873986852842 0.6698872343781879
0.12147622500000001 -0.7178002647118712 -0.139989462735482 0.12720818101275674 0.6700625411004731
0.121667913 -0.7183579823452678 -0.13959078813923 0.12664084997601027 0.6696553712058592
0.12185973200000001 -0.7180695535376064 -0.1399733493394288 0.12710494970494743 0.669796916622872
0.122053147 -0.7180353801656919 -0.14024843452818045 0.1275016252105378 0.669700608489626
0.12224427800000001 -0.7182505080265803 -0.14014703272174917 0.1273893575946128 0.6695124857017074
0.122433253 -0.7176872623756592 -0.14075250898055724 0.12828057078659968 0.6698192441234224
0.12260524 -0.7186459112999146 -0.1400576004155447 0.12738910566752212 0.6691068214380889
0.12281085100000001 -0.718624311583256 -0.14033363876661392 0.12752716650574494 0.6690458806651661
0.12300107800000001 -0.7185167300760008 -0.14060380079845605 0.1278773991287416 0.669037854380443
0.123189768 -0.7181486076975354 -0.14119877309412465 0.12845531470630173 0.669197068031913
0.12337901100000001 -0.7181262680059064 -0.14133826310739378 0.12847904109356126 0.669187040057839
0.123564326 -0.7178147170667071 -0.14185074012866267 0.1290152136496283 0.6693096997163073
0.123753422 -0.7175368405641129 -0.1422336276142048 0.12958096055254195 0.6694170988787587
0.12396298900000001 -0.7172209792877948 -0.14269565154492564 0.1299592669569711 0.6695839057441803
0.124146793 -0.7176971987847098 -0.14237599149319435 0.12945842684943182 0.6692386148606337
0.12433376700000001 -0.7175937250839187 -0.14261189320878237 0.12962884997182392 0.6692663557139064
0.12451350000000001 -0.7178612129366335 -0.14246931223817919 0.12941117799815646 0.6690519569066766
0.124696021 -0.7179337979188241 -0.142620711676053 0.12949281427248102 0.6689260089566413
0.124895614 -0.7177374929267174 -0.1430560056935882 0.13005484545849408 0.6689346811573101
0.12508929600000002 -0.7179433208513443 -0.14315004991579044 0.1299934614284836 0.6687055788909574
0.125270622 -0.7182599997998542 -0.14300399144858736 0.12977590086246807 0.6684389625632392
0.125451645 -0.7183688298949095 -0.14310746920347037 0.12972247820586308 0.668310223729762
0.125645425 -0.7188370634637905 -0.1428362928258902 0.12934611878551458 0.6679376102583484
0.125831366 -0.7181749251266734 -0.14367584745395579 0.13031171218914928 0.6682820403422615
0.12605238200000002 -0.7185585355688321 -0.14344807342771693 0.1301238794024215 0.6679551311280681
0.126235768 -0.7178927068550339 -0.14424254827559377 0.13103918678129955 0.668320941044802
0.12642514900000001 -0.7177972305558985 -0.14457946870129793 0.13132433371204902 0.6682947197243277
0.126596265 -0.7179849126681753 -0.14451015916577464 0.13128376977594175 0.6681160459622053
0.126773347 -0.7183879772166711 -0.14435762396839238 0.13089409169511462 0.6677921288485285
0.12697376800000001 -0.7176351545407502 -0.1451871104764074 0.13180673158982778 0.6682420769649208
0.127191307 -0.7166682209511646 -0.14634709121035722 0.13289565094811623 0.6688108371819609
0.127378915 -0.7167956803267531 -0.14635609055048626 0.13292103730819282 0.6686672156346518
0.127564424 -0.7168241845153764 -0.14641831502645206 0.13295775982957986 0.668615733900855
0.127737816 -0.715844533134652 -0.1475561618638109 0.13428743775594754 0.669149211714543
0.12795867900000002 -0.7160348615125159 -0.14753285997619517 0.13410054238475008 0.6689881739299366
0.128160361 -0.715430749895583 -0.14832986053713096 0.13480259216308257 0.6693170816010834
0.12834837200000002 -0.7151438593081384 -0.1486152743998529 0.1351964505678689 0.6694809037327104
0.12852201900000002 -0.7144874392146827 -0.14948109588938457 0.1361741464767558 0.6697907904767573
0.128690742 -0.7144949763246449 -0.14958651529303274 0.1363290927001161 0.6697276922249029
0.128888245 -0.7141584802254431 -0.1500786434189372 0.1368272738302694 0.6698748861151551
0.129089691 -0.7135737333924135 -0.15088761493255762 0.1376158338680645 0.6701547111982226
0.12927924200000002 -0.713174063457986 -0.151292014126347 0.13805491619626495 0.670398629015945
0.129468562 -0.7123471926641584 -0.1522190152586114 0.13917940312956348 0.6708352571546075
0.129650385 -0.711897319848917 -0.15282222067653595 0.1398774453080367 0.6710304576943708
0.12983824100000002 -0.7127503551121538 -0.1521897839980497 0.13918674373908338 0.6704120011615506
0.130060151 -0.712723435669795 -0.1523624209624698 0.13932210281561372 0.670373290482648
0.13025383000000001 -0.7126643746669495 -0.15257319881773104 0.13958882342545648 0.670332655073424
0.130427443 -0.7126524948309241 -0.15270325602319648 0.13982915187010486 0.6702655783332899
0.13060828000000002 -0.7123278715025355 -0.1531073792479386 0.14032381899176985 0.6704150652573813
0.130780945 -0.7127513243580593 -0.15293329057883542 0.14008432767979148 0.6700547286580862
0.130997664 -0.7121986852329117 -0.15362151339740143 0.1408183959287731 0.6703309949137439
0.131206221 -0.7123190128617063 -0.15374564882095956 0.1409055430703241 0.6701563454272459
0.131411533 -0.7129571830043093 -0.15328332737285086 0.14024160102125932 0.669722756142465
0.13159299200000002 -0.7124105426378311 -0.15401259082555252 0.1409568093635639 0.6699869539772506
0.131778223 -0.712131748413039 -0.15451068267069654 0.14150496809292 0.6700531067369538
0.13198695300000002 -0.7122090844486012 -0.15451111764761843 0.14148031816973666 0.6699760101098825
0.132177277 -0.7118040981994256 -0.15498479924694722 0.14196018297671026 0.6701954522660559
0.132364924 -0.7113425490392683 -0.1554973148242536 0.14268484975430532 0.6704128553804386
0.132556375 -0.7106798237217564 -0.15616251833175185 0.143578464662651 0.6707702143865758
0.132748475 -0.7104435131679467 -0.15661579878835769 0.1439643002641801 0.6708321596471903
0.132956919 -0.7111108409713761 -0.1559910068678236 0.1433425858877914 0.670403669963362
0.13316344000000002 -0.7101352767751435 -0.15708901947002843 0.14457965882900595 0.6709155318624855
0.13335006000000002 -0.7109600383263373 -0.15638860554564157 0.1438683829921565 0.6703583491937154
0.13352049800000002 -0.7110712853106189 -0.1564388217997875 0.14405319710937411 0.6701889275742811
0.133699429 -0.7112928683809974 -0.15634001777771114 0.14390716508577836 0.6700081955234362
0.133918274 -0.7112575533582685 -0.15646694237487915 0.14409349316676617 0.669976009989659
0.134124982 -0.7111335289062 -0.1567023503496707 0.1444372684308224 0.6699786212623092
0.134303889 -0.710554731341935 -0.15749148011977532 0.1453485671746464 0.6702105650297886
0.13448439 -0.711178104999918 -0.15705058274259295 0.14474980680693972 0.6697822861634141
0.134656094 -0.7112342754205204 -0.1571447155488213 0.14482470652443266 0.6696843646242889
0.134856881 -0.7111610073173448 -0.15740515287261733 0.14501188184516461 0.6696605062598883
0.135071141 -0.7109769534682537 -0.15793027903657433 0.14545523923622872 0.6696361489489349
0.135266845 -0.7115571303864148 -0.15740479840879207 0.1449847609308181 0.6692455444244436
0.13545863400000002 -0.7124553744406829 -0.15661002014671138 0.14421949016631633 0.6686414432836176
0.135642186 -0.7114236724098648 -0.15786153872172878 0.14564444189254383 0.6691366000101004
0.135816977 -0.710993374843456 -0.15853037914374 0.14628682286627856 0.6692956785105841
0.136029549 -0.7097851265876636 -0.15982975763088458 0.14786097517707053 0.6699228721802766
0.13622962400000002 -0.7099381448037161 -0.1598116608334907 0.14780864553864603 0.6697765805985817
0.13639399900000002 -0.709537585703017 -0.16039000696398406 0.1485225486809531 0.6699048534487111
0.136581369 -0.7093574011487839 -0.1607635403139186 0.14891151286421253 0.6699197883908701
0.136750329 -0.7092153300294631 -0.16112605305500682 0.14918527144001215 0.6699222085163942
0.136962137 -0.7093683113578331 -0.16127372374147697 0.14937306990313995 0.6696828136211979
0.13718554400000002 -0.7090658213953027 -0.16170331883054787 0.14973475094400063 0.669818782931568
0.137370606 -0.7095856059605319 -0.161322140018596 0.1492654476150444 0.6694649065497936
0.137558685 -0.7098234063406048 -0.16119019397110465 0.14907043563975153 0.6692880234971721
0.137736884 -0.7097870179516431 -0.16141886127144542 0.14922526900576497 0.6692369979785181
0.13793887800000001 -0.70831523601187 -0.1630920134282323 0.15107329640030642 0.6699756567996464
0.138147398 -0.7085117962079992 -0.1630854334826049 0.15109489211466268 0.6697645180186558
0.138313721 -0.708428247252886 -0.16330035050417452 0.1514151701717634 0.6697281987950573
0.13850594000000002 -0.7087769113436795 -0.16313737471980805 0.1511635199472611 0.6694558067212467
0.138707558 -0.7087624488963061 -0.16329719092528616 0.1514460294412136 0.669368298201305
0.13891805000000002 -0.7093609476024244 -0.1627533081298764 0.15094408506739004 0.6689800369910441
0.139108862 -0.7094887589561708 -0.16280298381512276 0.15099571425794814 0.6688207410446059
0.139333706 -0.7093523298342367 -0.16304647945707412 0.15134904822926296 0.6688262728807
0.139516191 -0.7091555138362557 -0.16344283672867616 0.15168323389444202 0.6688625366045265
0.139691075 -0.7092467474662412 -0.16355617092802724 0.1518639111502108 0.6686970783920616
0.13989230800000002 -0.7097869093263259 -0.16308270912536957 0.15131322553772325 0.6683643326140919
0.14011664100000001 -0.7102310164206149 -0.1627776142661169 0.1508769998892495 0.6680654777133669
0.14029798100000002 -0.7095948525824358 -0.16359948547935677 0.15175160974554835 0.6683425786817969
0.140496946 -0.7094278289963467 -0.1637911518282301 0.15220184047269814 0.6683705662168505
0.140684995 -0.7091015560865872 -0.16424475900883692 0.15263936423423582 0.6685056968941073
0.140877013 -0.7090303739877777 -0.1644307337250563 0.152918598315488 0.6684716634672082
0.141073405 -0.7086515272735395 -0.1650493236222962 0.1536227255610029 0.6685594901397403
0.14127108400000002 -0.7074575165256849 -0.16650110258750836 0.15515680042173466 0.6691095668359125
0.14144514700000002 -0.7076130962609988 -0.16650356429346463 0.15523090859469127 0.6689272263066882
0.14162833800000002 -0.7073320370934276 -0.16686696004455998 0.15557963004533623 0.6690529019903461
0.14181949400000002 -0.7073851226001286 -0.16699000857107432 0.1558061533766268 0.6689133485971189
0.14202809 -0.7073863784327411 -0.1670953586469938 0.15579000912133226 0.6688894720239036
0.142235738 -0.7068334525130263 -0.1677605952570447 0.1564966145064254 0.6691424831346031
0.142429987 -0.7065665689995283 -0.16804544299054872 0.15684724799926056 0.6692707624402859
0.142628962 -0.7067543367603387 -0.16808048573144554 0.15672520219404074 0.6690922722494783
0.14282455200000002 -0.7066334786896404 -0.16838692666017416 0.15699848570551742 0.669078803438796
0.143053793 -0.7058534476149546 -0.16942074977868846 0.15819118629202722 0.6693601934788389
0.143236316 -0.7054856598182232 -0.16990254177106484 0.15884372862403573 0.6694712689633437
0.143428634 -0.7056276297926322 -0.16980606639861592 0.15883803786875514 0.6693474625435305
0.143615031 -0.7056460339734517 -0.17002994575186361 0.15913252205486048 0.6692012647250556
0.143807189 -0.7060913463104722 -0.1696449761810643 0.15877167174886292 0.6689149041335979
0.144005734 -0.7068773767857056 -0.1690933255374492 0.15811716030000797 0.6683792224971582
0.144214857 -0.706880424847272 -0.16916275774335385 0.1583126972555181 0.668312139832941
0.14441336100000002 -0.708007837315082 -0.1680549634031129 0.15716191169939692 0.6676695028882088
0.14459715 -0.7088258660377884 -0.16734824477088994 0.15636094174256945 0.6671669300147125
0.144788669 -0.7091430591958438 -0.16710715451027336 0.15596327084336334 0.6669833421110886
0.145010453 -0.7093312983952921 -0.1671026709074495 0.1558976022495742 0.6667996281532237
0.145221091 -0.7088385633491479 -0.16775111499961576 0.1567021158178292 0.6669721893930177
0.145427778 -0.7087526160567503 -0.16809408029268996 0.15677484796060295 0.6669600860997569
0.14560729 -0.7092744814316909 -0.16780616451574137 0.1563266073945066 0.6665829227941891
0.145789216 -0.7089591719205868 -0.1683682178266275 0.15689445887393294 0.6666432063332043
0.146013369 -0.7081451294986884 -0.16927887767894936 0.1580535169602433 0.6670039152175476
0.146228075 -0.7089091487655206 -0.16867795661576251 0.1571961460276541 0.6665470256647513
0.14640945500000002 -0.7090870838804882 -0.1686089666849275 0.15707340623774269 0.6664041333006402
0.146602958 -0.7096191202078292 -0.168299235711658 0.15673190540495746 0.6659963823643997
0.146796813 -0.7092001087359953 -0.16894863799575263 0.15743461274841603 0.6661125326827194
0.147003616 -0.7096809929368031 -0.1686287358996665 0.1571975611697566 0.6657373088954774
0.147213924 -0.7094055557943383 -0.16888888225546828 0.15772831128705175 0.665839382041313
0.147409284 -0.7101377886763757 -0.16837689595319213 0.15702330284365354 0.6653549611801686
0.147591923 -0.7098233606563213 -0.16881554283346806 0.1575902074645629 0.6654452912717029
0.14778085500000002 -0.710422014321285 -0.16828721651914275 0.15698503844071 0.6650832068468531
0.147984738 -0.7098735950838462 -0.16895485960529597 0.15773220490290674 0.665322693100841
0.14819210100000002 -0.7099013679763442 -0.16912205812587336 0.15791556132772813 0.6652070750459066
0.148367885 -0.7099253671874799 -0.16921969657292435 0.1579129308580014 0.6651572547776377
0.148560823 -0.7095632092492836 -0.16974868491827197 0.15846356216824273 0.6652779385439773
0.14876012 -0.7096652109562557 -0.1698111295872467 0.1584044540982111 0.6651672703527753
0.148973408 -0.710149276786467 -0.16940141232622066 0.1581006619415962 0.6648273060541111
0.14916405400000002 -0.7093759602694634 -0.17039811211650657 0.15910705250950666 0.6651580084616302
0.149344273 -0.7089435354284462 -0.17093814237413227 0.1597292725305826 0.6653313268986704
0.149544607 -0.7091905082796801 -0.17068373733415135 0.15951966429292525 0.6651837050616363
0.149715024 -0.7089136938516755 -0.17109742543642206 0.15978694683184502 0.6653083325051297
0.149928091 -0.7082448430128242 -0.17196644279022785 0.16075666202578234 0.6655629801259547
0.150160443 -0.7076484788924422 -0.1726539275900584 0.1615970808295813 0.6658157666173846
0.15034676700000002 -0.7078488831040995 -0.1725706237253863 0.16150468394155126 0.6656467348227946
0.150539853 -0.707564176347747 -0.17284807503519772 0.1619376325360009 0.665772245196955
0.150730264 -0.7084669093358285 -0.17199234499385005 0.1611044384486098 0.6652357714012467
0.150942247 -0.7080406138723343 -0.17280488398817404 0.16186261865671647 0.6652950126513126
0.151156657 -0.7078814798685586 -0.17305384889497735 0.16230896612526874 0.6652908952909833
0.151357882 -0.7082218014015905 -0.17278484136924283 0.16208113207652972 0.6650541220361545
0.151544633 -0.7071867935900173 -0.17386553664308413 0.16325190645912988 0.6655872814117922
0.151717712 -0.7067072996979615 -0.17448807277684847 0.16395844415966956 0.6657599669557908
0.15191258400000002 -0.7069522732820439 -0.17429956646505293 0.1636698739114622 0.6656202496959127
0.152133353 -0.706585887734108 -0.17481719879374513 0.16434204275559366 0.6657079113573967
0.15232957 -0.706399106800826 -0.17510665504579248 0.16474217575181085 0.6657311595518318
0.15250707400000002 -0.7066997205100778 -0.17492052635494462 0.164346025786407 0.6655589367583452
0.152682422 -0.7056609980629748 -0.17626216810453205 0.16582858512878954 0.6659392496782555
0.15289111900000002 -0.7057711812035414 -0.1762747063911887 0.16594209658815218 0.6657908742609685
0.153095484 -0.706334989436641 -0.17571782290913138 0.16544344023407753 0.6654641970032097
0.153305263 -0.7069027240199972 -0.1752485476740866 0.1650287805009027 0.665087954271925
0.153488609 -0.7073945448677408 -0.17485440607816657 0.1643411881636044 0.6648389793321285
0.15367671500000002 -0.7074596652550647 -0.17496165900107769 0.16453087763212004 0.6646945390345741
0.1538784 -0.7068293733353616 -0.17603752072381573 0.16542447622448386 0.6648592113775709
0.154082496 -0.7060310049038984 -0.17708850632466178 0.16666137804280115 0.6651194374779347
0.154287492 -0.705033123407747 -0.17842871374744845 0.16814100144122104 0.6654472876514631
0.15447586500000002 -0.705004611064313 -0.17865839427798536 0.16829022018485765 0.6653781468625184
0.154668779 -0.7057634856755022 -0.1778775630372338 0.16753883604473624 0.6649723402306845
0.154849226 -0.7054827792555293 -0.17836701481408848 0.16812430721016158 0.6649913334212004
0.15505453700000002 -0.7052866359845142 -0.1787795848199149 0.1686507210087063 0.6649553033524193
0.15526012 -0.7054923677062573 -0.1787433995724755 0.16873236717855247 0.6647260371640438
0.15544454900000002 -0.7058607526555132 -0.17851313456995205 0.16850473530340357 0.6644545227680604
0.155637457 -0.7066450506998233 -0.17774713689135282 0.16754111779992711 0.6640698016735289
0.15581002700000002 -0.705638449125558 -0.17916003519204013 0.16887740512755717 0.6644219163626719
0.15602622900000002 -0.7064831512366494 -0.17836218327496972 0.1681254499792107 0.6639294553379944
0.156214121 -0.7053895772736128 -0.17963194711515496 0.169597662232316 0.6643753011775073
0.156412074 -0.7054718928893716 -0.17975295753243803 0.16969652811468716 0.6642299081999002
0.156606206 -0.7048908384492368 -0.18059934333473326 0.17057853227735167 0.6643912607669503
0.15678012500000002 -0.7056276219177212 -0.17998960582843307 0.169813459571198 0.6639704736875925
0.156986162 -0.7058485948736377 -0.17990873283583034 0.16974852647062202 0.6637740931411589
0.157186033 -0.705364460135044 -0.18053838606148856 0.17050671519482272 0.6639234365573945
0.157377591 -0.7056071414172661 -0.18042537123101873 0.17034944163312174 0.6637366308502078
0.157559649 -0.706193797596685 -0.17998556263992335 0.16969021694985378 0.6634008951973703
0.15774690800000002 -0.7068532850656918 -0.17944386349139985 0.1689527099844665 0.6630334192452313
0.15795293500000002 -0.7071919591868725 -0.1791669128589168 0.1687834046522007 0.6627902477496541
0.15815262800000002 -0.7068370230172107 -0.17960147135771687 0.1693281713683037 0.6629122903969837
0.15834213600000002 -0.707688417127878 -0.17876884550051392 0.1684353107632809 0.6624563006187859
0.15851795100000002 -0.7085522907219339 -0.17798607486889073 0.1676683425753543 0.6619380147442036
0.15869080800000002 -0.7085799527116914 -0.17813263364419427 0.1676064466048883 0.6618846534726133
0.158892412 -0.7090387802407015 -0.17772952783049953 0.16731268407254213 0.6615759131047363
0.15909220100000002 -0.7091226097518587 -0.17776631197596618 0.16715824625263884 0.6615152177954163
0.15930228100000002 -0.7087939936724005 -0.17829913018504986 0.16767445666193306 0.6615933579566134
0.159476542 -0.7097830063066414 -0.1771693436904461 0.16650339112556997 0.661132156499959
0.159662457 -0.7111673148659142 -0.1757247373572841 0.16505076638473373 0.6603939062884585
0.159864632 -0.7104536797524946 -0.17671239678126757 0.16608848140339108 0.6606382626635194
0.160072079 -0.7105540158547343 -0.17684361085756653 0.16612853524563947 0.6604851532235256
0.160260957 -0.7100938854132255 -0.17759653961593633 0.16695538831927395 0.6605694825878294
0.160449477 -0.709430501802766 -0.17851442519452093 0.16790391897052445 0.6607943985111279
0.160634055 -0.7109016714263786 -0.17709651562035275 0.16624226286283586 0.6600145057167709
0.160822772 -0.7111341755169927 -0.17694446004784525 0.16599956638783225 0.6598658851836436
0.16102812500000002 -0.7104041473425438 -0.17780861767076067 0.16703709695029004 0.6601580501387105
0.16123795700000002 -0.7101098589366841 -0.17830640846613066 0.1674770200110297 0.6602289456764642
0.161416745 -0.710647549734834 -0.17788570321168207 0.16686956286838076 0.6599176354946696
0.16160432600000002 -0.7112378830291356 -0.17729853391779088 0.16630062245291546 0.6595832067196729
0.161787328 -0.7119541753314762 -0.1765664826020509 0.16548394906428904 0.6592120994427387
0.16198733 -0.7107300724661403 -0.1782092093168131 0.16704731388134877 0.6596964731844304
0.162184759 -0.7100621297516114 -0.1791383468378945 0.16790677184085032 0.6599458618362379
0.162364232 -0.7111599714446479 -0.17804471056277063 0.16650476172216347 0.6594146953013034
0.162558428 -0.7119758365596977 -0.17717125961708077 0.16571049989339928 0.6589694857471731
0.16272597900000002 -0.7121756129919719 -0.1770570163982455 0.16547228844006318 0.6588441628807736
0.16293543400000002 -0.7107386490578519 -0.17893928248664728 0.16741595953656027 0.6593960891687443
0.16315163300000002 -0.709901971602854 -0.17996170800816688 0.16854221069430003 0.6597321407809693
0.163355133 -0.7099708037908523 -0.1799757107879327 0.16838415501139684 0.6596946093701582
0.163543572 -0.7097200522044592 -0.18054844021829047 0.16894331672512913 0.6596649634227616
0.163728545 -0.7087005995398458 -0.18183662310225218 0.1701489204235846 0.6600971501145266
0.163922972 -0.7079433648674626 -0.18288511141656932 0.17119606582358246 0.6603492524481342
0.164126811 -0.7069432538951272 -0.1841968610285356 0.17276580124110955 0.6606472054591012
0.16431073300000001 -0.7070882429555745 -0.18422810634253808 0.17261870903036075 0.6605217655763744
0.164491214 -0.7064813010337162 -0.18505805925759258 0.17347739606515467 0.6607142188934433
0.164697469 -0.7061433034100587 -0.18553868356427555 0.17408929789261074 0.6607798031943934
0.164909639 -0.7054736278902526 -0.1864054633213062 0.1750009959336452 0.6610102987227697
0.16510381300000002 -0.7048598498115703 -0.18716555897166506 0.175955118092885 0.6611969767590835
0.165288664 -0.70475682426683 -0.18736333605455138 0.1761449648549247 0.6612002346552046
0.165491202 -0.7039743481626587 -0.18835183675349124 0.17736134107134877 0.6614277416422123
0.165651603 -0.7035828243498968 -0.18895789500051455 0.17806339187807252 0.6614828430652386
0.165852887 -0.7030504684068049 -0.18968381296642134 0.1789583140845012 0.6615995856947943
0.166059926 -0.7026516821837743 -0.1903534675320668 0.17937770223013413 0.6617173194540599
0.16625151100000002 -0.7023997395529532 -0.19082250503035345 0.17974313411332618 0.6617505445324555
0.16644762400000002 -0.7018485542475125 -0.19151589543466443 0.18049205191587597 0.6619311806311364
0.16663555400000002 -0.7004064326066215 -0.19339710709220853 0.18256230352528777 0.6623438634600385
0.16683186600000002 -0.6992302980638169 -0.1949475566967811 0.18419599055091065 0.6626796190260482
0.16704506900000002 -0.6992526640930956 -0.1951811697537213 0.18436928183996232 0.6625390483934457
0.167237621 -0.6993903690851108 -0.19506673040193143 0.18423177586981732 0.6624656482272455
0.16741269 -0.700132973177507 -0.1943912370894579 0.1833406435895478 0.6621269328615347
0.167590174 -0.7005672121778633 -0.1939453603656876 0.18284958960256426 0.6619341402255456
0.16778768800000002 -0.7001613856618459 -0.19445078921331616 0.1836378698105406 0.661997022178988
0.16802470500000002 -0.6997655031954149 -0.195025305126831 0.18437682722601895 0.6620412045182078
0.168200808 -0.6996544536499616 -0.19518215542659934 0.18475891125760105 0.6620058280723101
0.168400572 -0.6995816617052543 -0.19538744227055668 0.18481242072075652 0.662007262162597
0.168580148 -0.6998108261377207 -0.19535480130608 0.18471616718154124 0.6618015161729854
0.168764293 -0.7008265135884659 -0.19433150781936132 0.18347637512285225 0.6613727259963675
0.16899719500000002 -0.7008603386098518 -0.1943549522189719 0.18374957023499938 0.6612541370381712
0.169195421 -0.7015478002485642 -0.19364344866242203 0.18279225077124048 0.6609991617351016
0.169372968 -0.7014674509267592 -0.19397749454264307 0.1831026837905034 0.6609005629366544
0.169543922 -0.7021666695155994 -0.1933224086671234 0.18229147692622794 0.6605741684084881
0.169728651 -0.7018491865747161 -0.19387430657062368 0.1828274424523425 0.6606016945501298
0.16993597500000002 -0.7029694137350895 -0.19272023275467315 0.1815435963204903 0.6601021420014864
0.170148731 -0.7026192426937382 -0.19315602638645551 0.18213610752605297 0.6601843587986079
0.17035808900000002 -0.7028910548168734 -0.19303257167645244 0.18187310225106282 0.6600036106022232
0.17053363400000002 -0.7040314287824598 -0.19190036988809828 0.18059502489425006 0.659469053335168
0.170720688 -0.7046331127818252 -0.19127584530806255 0.1799759292295372 0.6591770568451583
0.170930038 -0.705146191350687 -0.1908239313510556 0.17937697871861685 0.658922586919835
0.171147659 -0.7049776402543397 -0.19111047513802756 0.1797253186327065 0.658924975149911
0.171340823 -0.705405344103168 -0.19086447887367564 0.17943131147507216 0.6586185965164555
0.17152809900000002 -0.7053929824874419 -0.19103233328618166 0.1796270341875843 0.6585298144242823
0.171719591 -0.7058589841481301 -0.19066896367200178 0.17892081257826392 0.6583280212902584
0.171944959 -0.7069122514002308 -0.18950270892371193 0.17767176520266736 0.6578727353984192
0.17213250500000002 -0.7074830455394446 -0.18897118356608333 0.17710439195942262 0.6575649522325133
0.172329577 -0.7079763037428639 -0.18848301071905746 0.17652151892619738 0.6573308614121647
0.17252361700000002 -0.7077282835057049 -0.18888514419202573 0.17696275657585203 0.6573638732199242
0.172701182 -0.708583608824743 -0.1882378950537248 0.1760548554417276 0.6568717165824979
0.172911575 -0.7088431674529371 -0.18800817555154167 0.1760027217909262 0.6566714032172045
0.1731341 -0.7091861468412608 -0.18776989889719597 0.17560308744568306 0.6564762218665081
0.17334642800000002 -0.7091862432264708 -0.18791473004514436 0.17559916255908922 0.6564357247735155
0.173519859 -0.7090538272890259 -0.18815047739896576 0.17577741720042875 0.6564635309472037
0.17368408100000002 -0.709791108387411 -0.18745826572346802 0.1749715081883844 0.6560799893217294
0.173918768 -0.7084808403698681 -0.18911426124379854 0.17663849768561754 0.6565740903800458
0.174116279 -0.708920429640494 -0.18879596045724642 0.17626269227952596 0.6562921400289164
0.17434733900000002 -0.7094269351105753 -0.18832269465838336 0.17586940111105487 0.6559862347405302
0.17453041400000002 -0.7101254244647102 -0.18764443283384602 0.17509745425656748 0.6556312453415768
0.17471803000000002 -0.7101926429883192 -0.18763012185880185 0.17504004137944268 0.6555778604638798
0.17493302700000002 -0.7110465657450881 -0.18688046244796977 0.17416988515075085 0.6550979508469873
0.17513765 -0.711027356725263 -0.187087519068775 0.1742795648912428 0.6550305271193808
0.175319221 -0.7111224923628051 -0.1872153236543016 0.17432683882839248 0.654878138823419
0.175498074 -0.7109008684606145 -0.18764300439169496 0.17464099493424595 0.6549126514377146
0.17568171900000001 -0.7098481287165566 -0.18892530720219378 0.17608988516556037 0.6552978061908477
0.17590387700000001 -0.7089550061293242 -0.19005969781045598 0.1772632753394585 0.6556201962785265
