0 -0.7067529998956005 0.00035399999994770805 0.0003529999999478558 0.7074602089259648
0.0008119140000000001 -0.7067625824346678 0.00014547005325011835 0.0005662690563058614 0.7074505708868282
0.001107436 -0.7067639815300018 -2.2086906480623133e-05 0.0006735952158392574 0.7074490937117054
0.001353952 -0.7067403890380265 -0.00016069988147325175 0.0008073075320098203 0.7074725047183643
0.001538405 -0.7067199435683595 -0.00031879478276022454 0.000845630623003653 0.7074928300989847
0.001734436 -0.7066740616113995 -0.0004825226199019101 0.0009839193900076197 0.7075383874534323
0.0019133770000000002 -0.7066322087430956 -0.0004960797519251233 0.0011527426359180602 0.7075799224512729
0.00208733 -0.7065705739510744 -0.0006511437575323807 0.0013950442611733102 0.7076409074451292
0.0022359890000000003 -0.7064743283671846 -0.000862680558010999 0.0015758236304702332 0.7077363887213063
0.002377506 -0.7064106784274666 -0.0009790839030524997 0.001820074903888821 0.7077991820606332
0.0025128050000000003 -0.7064138589509419 -0.0011271174714030635 0.0019864065973412906 0.7077953402482067
0.002667276 -0.7063441627971093 -0.0013555937715102658 0.0022115786334934457 0.7078638251584307
0.002811769 -0.7062726552103759 -0.001579795254426817 0.0023594927223225624 0.707934229673303
0.002982081 -0.7062552662940863 -0.001861627386517432 0.002536434379790841 0.707950280511266
0.0031317750000000003 -0.7061566710889605 -0.0020329800962878603 0.002727942902755831 0.7080474427579025
0.003291618 -0.7062223423026281 -0.002164902508599421 0.002843909209354668 0.7079810933987765
0.0034424480000000003 -0.7062397442068951 -0.0023189839206275717 0.0030058693043537106 0.7079625772354643
0.0035821100000000003 -0.7061635724576533 -0.002333122886561079 0.0032400348130290925 0.7080374761591731
0.0037184590000000003 -0.7061332241190229 -0.00256990229066691 0.0032218178937798297 0.7080670062126535
0.003879477 -0.7061050157627908 -0.0028473803925163966 0.0033042044165290563 0.7080936953346664
0.004030257000000001 -0.7060944703516575 -0.0028387150017490344 0.0035289278348293964 0.7081031614844606
0.004189202 -0.7059703124694918 -0.00295990746476104 0.0036775158242601464 0.7082256933611564
0.004343889 -0.7059223307038702 -0.0032908261967934866 0.0037612376336056716 0.7082716192027053
0.004484364 -0.7059449489253113 -0.0033788311094705794 0.003985215107381981 0.7082474360332845
0.0046304530000000005 -0.7059409929734156 -0.0034665778540361155 0.004184245296951699 0.7082498071789254
0.0047888720000000004 -0.7057889924669971 -0.0036782893008859806 0.004245493893323647 0.7083998476015096
0.00497091 -0.7058366217018639 -0.003762166489485648 0.004604007532224551 0.7083497107237701
0.005137509 -0.7057836344804183 -0.004064234201079735 0.00476382003559491 0.7083997807161143
0.005274089 -0.7057610465047619 -0.004218619993063409 0.0048592911092246996 0.708420733584057
0.005422473000000001 -0.7058106769435343 -0.004435988355880163 0.005140670427685412 0.7083679720508055
0.005572906000000001 -0.705708302306466 -0.004500935590556716 0.005376309608540175 0.7084678037353064
0.0057091730000000005 -0.7056197287430668 -0.0045652167142112765 0.0053672884721381025 0.7085556784186902
0.0058913820000000006 -0.7056493685874188 -0.00478139885368637 0.0053392329021109955 0.7085249462292746
0.006052653000000001 -0.7055415895702211 -0.004840478318212995 0.005513490441359476 0.7086305360196735
0.006193141 -0.7054138778321432 -0.005065096396928007 0.00573139421400657 0.708754369919983
0.006345535 -0.7054081348303703 -0.005194710131381828 0.005840663297375076 0.7087582556514145
0.006501304 -0.7053989199828951 -0.005340431430871052 0.005827517632787883 0.7087664520258681
0.006642671 -0.7053139933649886 -0.005525128752116356 0.005682456926075531 0.7088507271627001
0.006791040000000001 -0.7054001237362295 -0.005558659825863665 0.006006267556783538 0.7087620838362397
0.006950607 -0.705258558780996 -0.005744937480926696 0.006113304202835358 0.7089005490696254
0.0071113850000000004 -0.7052992234402872 -0.005884420159937622 0.006289394702304031 0.7088574063436086
0.007252740000000001 -0.7051858423860367 -0.006129304842357083 0.006375069692259482 0.7089673601844193
0.007396482 -0.7051122335472444 -0.006337980441198503 0.006530352826556342 0.7090373210190729
0.007538896000000001 -0.7049530306198867 -0.006504273685656366 0.006676130318233927 0.7091927441307004
0.007670357000000001 -0.7049261922558413 -0.006757382379321292 0.006742416551314786 0.7092164275269637
0.007837687000000001 -0.7049834245656299 -0.007055800154872702 0.007024549845036529 0.7091538919524915
0.008014323 -0.7048915787168633 -0.007117302185630307 0.007087870940496266 0.709243941355284
0.008162945000000001 -0.7047501418382643 -0.007427940573740105 0.007282846606702397 0.7093793226638921
0.00831027 -0.704712218960819 -0.007528700673628398 0.0074550750310187226 0.709414144889829
0.008474474000000001 -0.7046026323256482 -0.007783292150231213 0.007782763339670124 0.7095167224793719
0.008634332 -0.704646860626464 -0.008019279745516356 0.008007260615464936 0.7094676713840229
0.008770539 -0.7045749170505897 -0.008192764159515115 0.00809663188424749 0.7095361227102621
0.00893477 -0.7044584830066932 -0.008228428148138331 0.008388463255753818 0.7096479214190134
0.00910297 -0.7041567818919487 -0.008489191856439007 0.008539720487954193 0.709942415489585
0.009277073 -0.7042360508733839 -0.008510522089086297 0.008831420662822512 0.7098599591983674
0.00944785 -0.7041571125141627 -0.008573484078376097 0.008987948073499766 0.7099355414795787
0.009610214 -0.7040141152047306 -0.00887017561467895 0.009067242295365168 0.7100726939505717
0.009769603 -0.7039646667646677 -0.008961002787003014 0.009261987123917945 0.7101180634024723
0.009921175 -0.7040201481192427 -0.009178993717561795 0.009285884960275118 0.7100599618743454
0.01009428 -0.7039373927367291 -0.009079020494008714 0.009403057715111428 0.710141747117779
0.010248041000000001 -0.7038882035338075 -0.008992186891576763 0.009650655634961487 0.7101882865456676
0.010411100000000001 -0.7039372026084257 -0.00911923617695317 0.009852995668374671 0.7101353200564889
0.010554597 -0.7038466817395775 -0.00916442980051178 0.009956506559547213 0.7102230141355228
0.010711724 -0.7038995817648623 -0.009420161794333418 0.010372481295567157 0.7101612851844242
0.010874328 -0.7038708616882404 -0.009664996228603565 0.010639723773694806 0.7101825076641738
0.01104269 -0.7039687442717346 -0.00971746756558633 0.010837853978844892 0.7100817691179812
0.011215826 -0.7039097331315839 -0.00986577604450869 0.011007826069463931 0.7101356080572824
0.011369738 -0.7038542776927146 -0.010114046594825496 0.011279531808300132 0.7101828173064524
0.011517237000000001 -0.7036779628329662 -0.010319957025364543 0.0114778024053721 0.7103513800663613
0.011661505 -0.7035201310255107 -0.010243093671650034 0.011735504634807473 0.71050459689213
0.011833910000000001 -0.7034618668536851 -0.010319819820681371 0.011789632918567479 0.7105602773567081
0.0120081 -0.7036106130514884 -0.010665967072083223 0.012270812384550255 0.710399725162636
0.012167805 -0.7034344307314113 -0.010640653800711474 0.012384233128535848 0.7105725922930651
0.012318448000000001 -0.7033758222790617 -0.01046053084191493 0.012340666096564906 0.7106340393536268
0.012488810000000001 -0.7033794825784544 -0.010524455275816505 0.012368710738919292 0.7106289850009425
0.012638566 -0.7033339142119738 -0.010525174624662816 0.012560574310004994 0.7106707098167102
0.012787986000000001 -0.7033711121035034 -0.010645110655412795 0.012861732733856173 0.7106267206547313
0.012956619 -0.7031419963128311 -0.010758507712611092 0.01282298965583573 0.7108524167992188
0.013114013 -0.7030692730656454 -0.010823034201851284 0.012855249772712744 0.7109227818510891
0.013281586000000001 -0.7029095517814611 -0.010749395144904842 0.01280212250716433 0.7110827787098457
0.013441452000000001 -0.7027798836977995 -0.010886615818246506 0.01288516687880605 0.7112073460955238
0.013612141000000001 -0.7028244739234734 -0.011207292198213795 0.01310808663527762 0.7111542262551342
0.013774621 -0.7025698345420629 -0.011368282438894697 0.01317893858004678 0.7114019295193336
0.013984332 -0.702448563093634 -0.011361396422062046 0.013316854127241071 0.7115192170807357
0.014146009000000001 -0.7022043131744928 -0.011509180732422105 0.013302441350199177 0.7117581656518818
0.014298044000000001 -0.7020194088194455 -0.011614597296900196 0.01353501723610348 0.7119344450712055
0.014453051000000001 -0.7019103988362296 -0.01176753585196573 0.013771894611360847 0.7120348671408944
0.014593866 -0.701494043261512 -0.011784601617170787 0.013640868399526742 0.7124473013091194
0.014738074 -0.7011556010360479 -0.011833044977899934 0.013687943087842297 0.7127786770073534
0.014898843 -0.701044294723527 -0.011912737338952645 0.013789733577874613 0.7128848622130621
0.015076491000000001 -0.7010931037459671 -0.01210424559041435 0.013935074190713112 0.7128308079943181
0.015232200000000001 -0.7010108338935841 -0.01227905088626736 0.014055452063940946 0.7129063612708421
0.015373739 -0.7010170134164357 -0.012434096221184283 0.014362835744644187 0.7128914707732413
0.015527601 -0.7010921388331848 -0.012535462603380327 0.014521997305691644 0.7128125887201228
0.015677059 -0.7010017295715929 -0.012846225269627237 0.014717851910279493 0.7128919514688773
0.015846579 -0.7010074340574742 -0.01305248727067154 0.014832324866208538 0.7128802228363949
0.016018749000000002 -0.7009588019763003 -0.013174658319537322 0.015089145554041065 0.7129204050920144
0.016202093 -0.7010637514792795 -0.013323730838889788 0.015160408955687826 0.7128129183443773
0.016336692 -0.7010949759312157 -0.013434528959655169 0.01529123215496472 0.7127773329552666
0.016483077000000002 -0.7010156897878328 -0.01350741167919137 0.015561508042110551 0.7128480847757626
0.016629701 -0.7008693440573466 -0.013737189707668369 0.015734521688035005 0.7129837845328665
0.016773820000000002 -0.7008294756107349 -0.013812914590595965 0.015919587292862584 0.7130174024847639
0.016945331 -0.7007040529776875 -0.013965576691247266 0.01612816188981207 0.7131329996588145
0.017112046000000002 -0.7007166396964629 -0.013920957825558883 0.016256907939383995 0.7131185811139452
0.017259267000000002 -0.7005560448295377 -0.014308475559399944 0.0163194956635955 0.7132672498027975
0.017392473000000002 -0.700469114532836 -0.014417837758320137 0.016550388020555307 0.7133450989502402
0.017549033000000002 -0.7003816052843249 -0.0146623155490201 0.016706223854334342 0.7134224033254224
0.017692808 -0.7003391662385797 -0.014754478492218013 0.016824085924819005 0.7134593945905174
0.017864902000000002 -0.7003308823024549 -0.014914102952981893 0.017117094924290394 0.7134572376028752
0.018051845 -0.7003985790605567 -0.0151573918312835 0.01733758670612734 0.7133803277425256
0.018208385 -0.700405474930204 -0.01520433414463051 0.017470375075369575 0.713369318730305
0.018361055 -0.7002848534725847 -0.015274894040992314 0.017498944983330572 0.7134855208996095
0.018512973000000002 -0.7001596186354458 -0.015359904633108051 0.017559468393430887 0.7136051056653594
0.018659755 -0.7001365057099017 -0.015483890240142238 0.01784363085719306 0.7136180542511463
0.018822792 -0.7000784823073272 -0.01562022893160322 0.018134628254125183 0.7136646707778648
0.018996141 -0.6998952578430695 -0.015720847703115336 0.01825326410113452 0.7138391284777912
0.019171068000000003 -0.6997303816202465 -0.015673193787146874 0.018492862129861946 0.7139956288972226
0.019340124 -0.6996383526481891 -0.015775243156740722 0.018725036064052545 0.71407750996056
0.019496746000000002 -0.6995878243107079 -0.015893818616859075 0.01882972231456056 0.7141216312110568
0.019643515 -0.6994591629770509 -0.0160291995933481 0.019136040860726587 0.7142364846659796
0.019804754 -0.6995372302389435 -0.016257923157425132 0.01932538182791188 0.7141497553464817
0.019980788000000003 -0.6995044941904927 -0.016198130475864637 0.019513177048567847 0.7141780724006167
0.020147154 -0.699451393158149 -0.016384459921109623 0.01958349714727363 0.7142239037736698
0.020294878000000002 -0.6994027115915369 -0.016642250122120627 0.019911099340714666 0.7142565580044203
0.020434605 -0.6994863256322089 -0.016751341470727623 0.020104772050446154 0.7141666968945566
0.020576913000000002 -0.6994085303064359 -0.016888791385636304 0.02021307480486441 0.7142365911006354
0.020722581 -0.6992996016277643 -0.017039124461826323 0.020235337262037207 0.7143390417208872
0.020902142000000002 -0.6992072606711128 -0.017225224542449565 0.020472949294949794 0.7144181944851535
0.021065292000000003 -0.699153521488963 -0.017659218721709197 0.02073402139094927 0.7144526616513374
0.021227428000000003 -0.6990972203043163 -0.01770113776438778 0.020922958346303405 0.714501207905671
0.021376911000000002 -0.699023982685421 -0.01787896101760786 0.02119752064770964 0.7145603400007118
0.021526103 -0.6989932620109264 -0.0182069756376975 0.02146043695674209 0.7145742616041233
0.021703738 -0.6989624570445256 -0.01823479884118983 0.021503635145358004 0.714602385546701
0.02187725 -0.6988638989543604 -0.01831140482480948 0.02145847856884407 0.7146981718803831
0.022038845 -0.6987925371302445 -0.01829592655478726 0.02152553192344256 0.7147663258702037
0.022195476000000002 -0.6986783554634284 -0.018494538254823906 0.02172094601799924 0.7148669164017475
0.022344431 -0.6986686876706806 -0.01858427801075597 0.021911078642437642 0.7148682354896408
0.02251736 -0.6985657104294408 -0.018697524411460862 0.022005057056663547 0.7149630257971569
0.022662632000000002 -0.698483934952678 -0.01857430665449616 0.02186875285483695 0.715050309694291
0.022795724 -0.6984903123516186 -0.01879859706778206 0.021908130285713336 0.7150370131165277
0.022969917000000003 -0.6984099573138388 -0.0189653890007043 0.022094401269998377 0.715105364948029
0.023118759000000003 -0.6983283956763642 -0.01907626449988878 0.02228765995011393 0.7151760679292571
0.023287702 -0.6983326769572431 -0.019074799040716715 0.022404423554382807 0.7151682781978536
0.023452348 -0.6982487272342923 -0.019243425425426817 0.022491789413267824 0.7152429831201252
0.023595925 -0.698219852489197 -0.01940324514697257 0.022710171582903494 0.7152599525867537
0.023742033000000003 -0.6980830566422681 -0.019814835241625292 0.023114894815641114 0.7153692193343216
0.023926529000000002 -0.697923311926856 -0.01984350512862094 0.0234094001913475 0.7155147000278472
0.024072153000000002 -0.6979625536069743 -0.02005266506925143 0.02351808227186045 0.7154670252305871
0.024241205000000002 -0.6979112103551554 -0.020108249552115404 0.02343033067993874 0.7155184276905664
0.024389498000000003 -0.6978353354753309 -0.020055848220597063 0.023494358848857325 0.7155917988745158
0.024540758000000003 -0.697805660130221 -0.020142282141615783 0.023783274962005888 0.7156087653127476
0.024678138000000002 -0.6977010388294271 -0.020401824774085822 0.023860073056686786 0.7157008613072608
0.024841357 -0.6977088420621317 -0.020562283426696148 0.024111594731909807 0.7156802325117576
0.024998217000000003 -0.6976217907264609 -0.020513985982543354 0.024287857944446423 0.7157605140262936
0.025152347000000002 -0.6977871835194523 -0.02049077650174962 0.024482426298002544 0.7155933100560039
0.025311473 -0.6974432509906698 -0.02068078579603223 0.0245937559110068 0.7159192439909782
0.025466062 -0.6972920752560323 -0.02068302900901682 0.024646223868366113 0.7160646184145522
0.025610839000000003 -0.6972603170759142 -0.020841127138640083 0.02475487747725599 0.7160872109539957
0.02575681 -0.6972465536310906 -0.021137197824729972 0.02484556801053514 0.7160887934243342
0.025939543000000002 -0.6971455470777894 -0.021479169889097875 0.024870058850233696 0.7161761037784425
0.026114605000000003 -0.6970741286962332 -0.021800293966003366 0.02504779426983928 0.7162297217287193
0.026272861 -0.696854092122615 -0.022041781411727662 0.025109246467468406 0.7164342676798754
0.026434337000000002 -0.696772391932378 -0.021875543487483023 0.02521104701144245 0.7165152458577184
0.026564745 -0.6966641556160839 -0.02211595747438849 0.025437376876835328 0.7166051064305541
0.026715333 -0.6966664970849112 -0.022220749534025377 0.025675726775373102 0.7165910878486712
0.026897746 -0.6965700740208846 -0.022426082665136904 0.02568631940419332 0.7166780419339648
0.027078968000000002 -0.6965831677507963 -0.022552886018149334 0.02591433417533651 0.7166531274073724
0.027234919000000003 -0.696514174463997 -0.022815620014556694 0.02627460121928343 0.7166987495348766
0.027380643000000003 -0.6964233630978963 -0.023004396437319486 0.02641031393921674 0.7167759708539357
0.027510992 -0.6963951061769428 -0.023174689945181987 0.02679461234360467 0.7167836762846272
0.027665715 -0.6963528034884553 -0.023335945491749017 0.02700084215199557 0.7168118032265219
0.027822051 -0.6961768709213318 -0.02357662676088796 0.027311149484887973 0.7169630451972927
0.027999605 -0.6961023440697477 -0.024038424155557996 0.027508517204894875 0.7170125258500775
0.028165612000000003 -0.696135588379242 -0.024215052153713855 0.027584568884155527 0.7169713839481703
0.028308157 -0.6961658184828545 -0.024415805248966967 0.027820723860413694 0.716926097275043
0.028444601000000003 -0.6961998569452578 -0.02449592499240649 0.02809069924583542 0.7168797817375303
0.028587088 -0.6960907032362199 -0.02492237326683276 0.028347444157931858 0.7169609686646592
0.028727548000000002 -0.6959611982401485 -0.025134129165492722 0.028512419136929347 0.7170727494823583
0.028898661000000003 -0.6959423236451275 -0.02511838944198154 0.028581210440200715 0.7170888808795144
0.029081631 -0.6959882902649764 -0.025398512620374188 0.02873274029498396 0.7170283432374543
0.029246766 -0.6960571259260308 -0.025464298890107026 0.02893886010370751 0.7169508974159436
0.029408052 -0.6960468137668334 -0.025228447481081648 0.02914982308503675 0.7169607006641608
0.029553313 -0.6960855999361215 -0.025468914367046337 0.02928597029003434 0.7169089927645665
0.029700007 -0.6960471569980469 -0.0256722913921811 0.029250960198045163 0.7169404926610741
0.029855498 -0.6959699294118585 -0.02561279190251943 0.029582848276059132 0.717003973024757
0.030011006000000003 -0.6960548065599618 -0.02592017513319823 0.0297450231412798 0.7169038180845205
0.030176635 -0.6958931779413637 -0.02590835103816885 0.02947325870672706 0.7170723598510536
0.030334225000000003 -0.695769204611169 -0.026047482080457866 0.029613322964696924 0.7171818414425997
0.030481386000000003 -0.6957730611706424 -0.02633663385229984 0.030041790529895453 0.7171497192973872
0.030621836000000003 -0.6956756100764255 -0.026466118976795554 0.030058860040993497 0.7172387712778328
0.030784713000000002 -0.6955615248646099 -0.026518695848551016 0.029833756390142716 0.7173568643835259
0.030954541000000002 -0.6953765226600486 -0.026697059685084363 0.029905474088795368 0.7175265997556568
0.03112213 -0.6951669588637917 -0.02669144615466031 0.02991918573257437 0.7177292723104861
0.031274397 -0.6950874742337381 -0.026868837996603848 0.02995941769960998 0.7177979534654408
0.031427898 -0.6950543385673502 -0.027176155041332046 0.030080678341394076 0.7178133990295766
0.031573757 -0.6948356435704596 -0.027124265544993347 0.030058379343138153 0.7180279914278649
0.031715318 -0.6948920655284563 -0.027095957673789348 0.03017649340359602 0.717969501851714
0.031892311 -0.6947773989759074 -0.02735216631558394 0.03022722156528396 0.7180686178538654
0.032054867 -0.6947680418441415 -0.027558580891647127 0.030529638005068922 0.718056985102558
0.032215607 -0.6946781119917896 -0.027693432267143013 0.030507961348805544 0.7181397209618249
0.032387286 -0.6946011202110681 -0.02801837409852448 0.030251531426551893 0.7182124333097784
0.032526643 -0.6947020509100834 -0.027935835245007895 0.03034834628376534 0.718113937650794
0.032681417000000004 -0.6945689280178405 -0.028213664750518543 0.03058637890045609 0.7182217392833853
0.032840965 -0.6944116833456497 -0.028584430716361353 0.03044691911097894 0.7183650391481564
0.033017888 -0.694409618443933 -0.029004661864788738 0.030694019171082505 0.7183396749378291
0.033173541 -0.6943461584825743 -0.029239130194173967 0.030885083263600566 0.7183833218399357
0.03333398 -0.6943163816647592 -0.029410489351729026 0.03117024310725826 0.7183927903401333
0.033483428 -0.6943853364639547 -0.029566944604616726 0.031372760074373916 0.7183109008054268
0.033630006000000004 -0.6942533677714726 -0.029740698560567023 0.03137828512805946 0.7184310373372799
0.033771858 -0.6942077653165223 -0.029992933638409266 0.03176029232182452 0.718447831326419
0.033946741 -0.6942362200437163 -0.03027852274824698 0.03194105575020964 0.7184003415903688
0.034106865 -0.694197910058442 -0.030321502953347616 0.03232010278805676 0.7184185960043845
0.034267338 -0.6942742992790838 -0.030561083962529965 0.03223735705661032 0.7183383397241003
0.034425679 -0.6943123421653481 -0.03030498543236439 0.03230918422088435 0.7183091924720119
0.034577372 -0.6942757887646545 -0.030377905940211707 0.03241488297538289 0.7183366810400237
0.034726316 -0.6941517258652973 -0.030592586353147613 0.03254371158513522 0.718441634355024
0.034900279 -0.6940256121406542 -0.03090209074191683 0.03267599082525201 0.7185442158309789
0.035064421000000005 -0.6939891252673177 -0.0307019130202043 0.03289092344475382 0.7185782307463499
0.035227309000000005 -0.6939003141568348 -0.030944511911168416 0.03324762192201069 0.7186371732885494
0.035375128 -0.6938448076887903 -0.03118579858281213 0.03336003703719535 0.7186751260054398
0.035528497 -0.6937765017054786 -0.03142733807839723 0.03349638084071282 0.7187242034140691
0.03567853 -0.693802735617098 -0.03153068550353986 0.0337865461497811 0.7186807700371403
0.035839259000000005 -0.6937909794396012 -0.03166801586834201 0.03379699806593889 0.7186855894902389
0.036006296 -0.6937883480412035 -0.03184303265827362 0.03408989546522622 0.7186665627539325
0.03618345 -0.6937155400279105 -0.032047625006955245 0.03430097797714039 0.7187177068675918
0.036328522 -0.6935286658249238 -0.03247304738014773 0.0342112486183342 0.7188832181522409
0.036478764000000004 -0.6935499918217976 -0.03281580302179009 0.03450531909461078 0.7188330229407931
0.03664042 -0.6935725890645098 -0.03283154544682823 0.03476819370006269 0.7187978339065585
0.036791225000000004 -0.693494719720021 -0.033085925529706205 0.03485465793232369 0.7188571124171431
0.036959918 -0.6933810476434458 -0.033096551933125946 0.03516968798573254 0.7189509260485041
0.03712987 -0.6932700076831042 -0.03337895521998057 0.0353559846438242 0.7190358100577167
0.037292625 -0.6932301874403093 -0.033569514160143976 0.03549081121689897 0.7190586883277972
0.037446323000000004 -0.69307275232052 -0.03380772814522026 0.03559281527660239 0.7191942359399188
0.037594583 -0.6929852643693787 -0.03395872702873887 0.03581203638210553 0.7192605413031197
0.03774901 -0.6928795498275713 -0.03416165758202719 0.036084035950587706 0.719339177948419
0.037915765000000004 -0.6928379465425524 -0.03425910540399753 0.03626912511350102 0.7193653064272132
0.038086025 -0.6926629590099561 -0.03461892613548449 0.036478392635167826 0.7195059986126261
0.038232765 -0.6925631344044259 -0.03496410503029558 0.03675896066755895 0.7195711188159156
0.038387719 -0.6923874877676728 -0.035247319497306404 0.03705294240724825 0.7197112425896867
0.038540181 -0.6923498039026593 -0.035338156859227844 0.03732003205918001 0.7197292400012962
0.038691764000000003 -0.6923441612555128 -0.035613681371494295 0.03745640348579361 0.7197140028598025
0.038863203000000006 -0.6924154162792581 -0.03570811962918998 0.03763712307533314 0.7196313420481223
0.039041192 -0.6923316092090145 -0.0358719545239496 0.03769458111996291 0.7197008158414708
0.039202092 -0.6924598026714619 -0.03582118759719545 0.03808079418681905 0.7195596690458879
0.039350485000000004 -0.692414743420124 -0.036025188558898046 0.0383922502283039 0.7195762947777997
0.039515488 -0.6921038851028344 -0.03637434438160656 0.038647723219523755 0.7198440614371407
0.039660581 -0.6919683972778963 -0.03661033652566021 0.0387330617238053 0.7199577559535264
0.039829627 -0.6919224708644344 -0.03678957093254325 0.03891368170961018 0.719983018660342
0.040004513000000005 -0.6919023387974034 -0.03696795411145932 0.0391273059415143 0.7199816510615081
0.040179123000000004 -0.6918697453880686 -0.03703080313818654 0.039287140855689996 0.7200010386096504
0.040335879000000005 -0.6917518266163392 -0.03718034349788093 0.03962483632181393 0.7200881229244149
0.040489265 -0.6917083940567048 -0.03753100703614893 0.03973199364062989 0.7201057490283548
0.040627125 -0.6916217432654971 -0.03771745562237905 0.03986006087666611 0.7201721553425106
0.040772806 -0.6916281025424063 -0.037886676116620034 0.04000014713264051 0.7201493982333055
0.040950864000000003 -0.6916167445398662 -0.03797376717138219 0.040125705207204626 0.7201487342629407
0.041116061 -0.6916292614039926 -0.03817996939930144 0.040364396767685225 0.7201124705072234
0.041274623 -0.6914273536003468 -0.038564609214913836 0.04041740784380001 0.7202828741213481
0.04142796 -0.6914448450173327 -0.038707554256664674 0.04064241913993883 0.7202457534125957
0.04157269 -0.6915343264298683 -0.03876021090738795 0.040818588572129576 0.7201470434894406
0.041719729000000004 -0.6914588441259025 -0.03897257030743055 0.04113792966927692 0.7201898891169112
0.04189918 -0.6915838896362857 -0.039127331312777514 0.04160653158679962 0.7200344936662426
0.042079281 -0.6915231131161578 -0.03934133303008852 0.0417345270633635 0.7200737967683246
0.042244891 -0.6913377788410627 -0.039658267445292814 0.04182585935425592 0.7202290572169532
0.042410552000000004 -0.6913292473411938 -0.03966619383520693 0.042066891581401616 0.7202227721128823
0.042563209000000005 -0.6914393320002264 -0.03958388910426472 0.042483303869735804 0.7200971703727028
0.042698230000000004 -0.6913247489730336 -0.03968324635200199 0.04274928405486822 0.7201859691282068
0.042883684000000005 -0.6910029034676617 -0.03991234396753415 0.04271934299048554 0.7204838998428346
0.043059449 -0.6908333203377818 -0.040119221879144254 0.042958100942972394 0.7206208247825348
0.043230912 -0.6907631235644031 -0.040346807127622314 0.04317870165736181 0.7206622246249208
0.043380943000000005 -0.6905694253427922 -0.040681339868077294 0.0431678990308203 0.7208296815902687
0.043525374000000006 -0.6903332503698343 -0.041028648015516186 0.04338233563294499 0.7210233189230904
0.043680133 -0.690256175343797 -0.041294831817057905 0.043572303830746596 0.7210704567542862
0.043842178 -0.6900636958069689 -0.04158348110119452 0.04371076500607828 0.7212296990912925
0.044019796 -0.6899413147004948 -0.041811858553454574 0.04392488532999672 0.7213205634129701
0.044192737 -0.6899737994807482 -0.042212156342305705 0.04422734450974521 0.7212476910775165
0.044374355000000004 -0.6900057271496013 -0.042348461686013174 0.044378754532971125 0.7211998547141283
0.044522572 -0.6897801069097129 -0.0424933791206697 0.04449969464467916 0.7213996770300508
0.044681194 -0.6897814787686432 -0.04247535312013682 0.044609888946597794 0.7213926210693004
0.044854002000000004 -0.6896927003266233 -0.04282825235034752 0.04483639107200686 0.7214425950499617
0.045025132 -0.6897679656638974 -0.04289430743124071 0.04493764227314478 0.7213604093938154
0.045188574 -0.6896390549114984 -0.04314506221217951 0.045107168424658346 0.7214581213793296
0.045339895000000005 -0.6895737265615751 -0.04343967467016796 0.045392499564311316 0.7214849903385624
0.045485564000000006 -0.6895083915156641 -0.04359482481361149 0.045431084855667124 0.7215356441699805
0.045619081000000006 -0.6894172774671962 -0.04398652302553263 0.04552627509588811 0.7215929334449834
0.045783135 -0.6893737900153893 -0.044225707012759366 0.04578472631254026 0.7216035083863745
0.045972095000000004 -0.6892007649216981 -0.044437165201379206 0.04591766882479953 0.7217473322915068
0.046159468 -0.6890917388989983 -0.04470733398769933 0.04602605797486493 0.7218278407322348
0.046328474 -0.6889721966459033 -0.04485662992045499 0.04614822421055877 0.7219248827982794
0.046466943000000004 -0.6889308162527934 -0.04514150273461472 0.04638778708289075 0.7219312629036592
0.04661523 -0.6888962763430987 -0.0453865411941424 0.046444162907699205 0.7219452348002913
0.046793737 -0.6888766344093301 -0.04546407425792777 0.04645051780754623 0.7219586898930948
0.046975222000000004 -0.6887187916563929 -0.045576603425400826 0.04660756873541079 0.7220920535334362
0.047148772000000005 -0.68860591499852 -0.04568886862517393 0.046741620780356555 0.7221839391731355
0.04731283 -0.6886348593693847 -0.04576972882760121 0.04693828076000467 0.7221384633044066
0.047469041000000003 -0.6885653310863558 -0.045693131787542404 0.04714288927406763 0.7221962825467018
0.047610673000000006 -0.6885761052358839 -0.04572653526470284 0.04726370519040574 0.7221759989383062
0.047758046000000005 -0.6885506842061245 -0.045820973913864645 0.04752208596114798 0.7221772946962284
0.047937067 -0.6884373436435574 -0.04600245978087877 0.04778303975853305 0.7222565878429525
0.048129092000000005 -0.6884386537689102 -0.045935909912812496 0.04788765008201985 0.7222526463412602
0.048292408 -0.688392553007455 -0.04641209243393386 0.04778055552633589 0.7222732371847761
0.048458783000000005 -0.6883626355552867 -0.04664356583790424 0.04792684659997303 0.7222771470234168
0.048608877 -0.6882203939560372 -0.046624755803124994 0.048167647236055294 0.7223978815369256
0.048754006 -0.688137977569549 -0.04698365709196806 0.0485484002208569 0.7224276521761538
0.048942557000000005 -0.687997217781237 -0.04724518990317298 0.048682967881027585 0.7225355970432072
0.049124433 -0.6879521816948811 -0.04751438937149796 0.0488847072783515 0.7225472053078719
0.049280153 -0.6878587267079629 -0.04769302598576445 0.049170755700098503 0.7226049987011587
0.049444468000000005 -0.6877671516173196 -0.0479452877720866 0.04946829075897488 0.7226551617099509
0.049608305000000005 -0.6876992753045106 -0.04806149162938077 0.04973664945234985 0.7226936179801666
0.049773119000000005 -0.6875498788302763 -0.04829855609451772 0.050266819211928444 0.7227832735239323
0.049958299000000005 -0.6875501386802658 -0.04837755992890039 0.05035384941392416 0.7227716847976764
0.050125417000000005 -0.6873880404581497 -0.04870042355242268 0.050586948246184524 0.7228878967364558
0.050299566000000004 -0.6873077280838219 -0.048994672110622924 0.050927354689815005 0.7229204752704992
0.050458515 -0.68723873150799 -0.04918826584281962 0.05124154207351297 0.7229507208548813
0.050610805 -0.6870713032788542 -0.04938069150430226 0.05141127041035929 0.7230846788530687
0.050775282000000005 -0.6869559928268679 -0.04948230156263943 0.05151531899763633 0.723179879186283
0.050953737000000006 -0.6868314795117978 -0.04982990338483809 0.05191495585267481 0.7232456960391167
0.051138732000000006 -0.6867919380764103 -0.04986374452913422 0.05201758306256125 0.7232735387300644
0.051313548 -0.6867817282064881 -0.04977693046707726 0.05205243675826029 0.7232867058245379
0.051463486 -0.6868088113192627 -0.049872908967158514 0.05214371782980563 0.7232478014735058
0.051632483 -0.686746972935453 -0.05016318832826926 0.05245876598709427 0.7232636639371877
0.051797302 -0.6868134656200114 -0.05028528614642552 0.052692667427089064 0.7231750384517006
0.051982234 -0.6866696722494013 -0.050539320680464746 0.052897850711689294 0.7232788920382923
0.052152176 -0.6866204267795035 -0.05062624291097615 0.052850809166107425 0.7233230018659285
0.052320507 -0.6866293103147181 -0.05083288979262737 0.053045155829149926 0.7232858487314164
0.052480154 -0.6866494399333135 -0.051087442102942845 0.05348664665740114 0.7232162875156993
0.052632899000000004 -0.6866741864394543 -0.051205423865259954 0.053753111463655634 0.7231646902694209
0.052785582000000004 -0.686642077396353 -0.05149783881525139 0.0540899242580763 0.7231493001033285
0.052946847000000005 -0.6865461678203427 -0.05175616519505044 0.05413922104539024 0.7232182267891909
0.053134193 -0.6864622565902456 -0.0519558988672006 0.05420817382655181 0.7232783895156265
0.053298990000000004 -0.6863085115158329 -0.05211520798610699 0.05422264514231441 0.7234117339878143
0.053477345 -0.6862049045385235 -0.05236001016954915 0.05455818108145792 0.723467112728286
0.053646302 -0.6861258357876447 -0.05253996199895935 0.05466200053690912 0.7235212198375082
0.053815076 -0.6861155913992406 -0.052649858995736216 0.0549615353082483 0.7235002537823734
0.053987378 -0.685945358710698 -0.05285515903974887 0.054846932543679394 0.7236553813913655
0.05415198500000001 -0.6858556235589467 -0.053051962848925834 0.054606003527978085 0.7237442485085088
0.054314743000000006 -0.6858873705239992 -0.05325711725498713 0.05504056094221184 0.7236661737766443
0.054485413 -0.6858311019249783 -0.05342766309903867 0.055316810431530736 0.7236858675777957
0.054641775000000004 -0.6858012020800015 -0.05349728408768572 0.05549392429248084 0.7236954996319142
0.054798947 -0.6856167280981665 -0.053739768458278096 0.055272823096858305 0.7238692246980237
0.054981307 -0.6857523831006496 -0.0538961577248997 0.05546174079110552 0.7237146319943324
0.055174895 -0.6857047320671469 -0.05411245527077662 0.055730068123790034 0.723723028590501
0.055337908000000005 -0.6855817806349828 -0.054250614222875526 0.05616356015748129 0.7237956530874188
0.055489781 -0.6854159680800224 -0.054413742504617814 0.05641120621439101 0.7239211774364688
0.055650716 -0.6853711574364553 -0.05443531280313127 0.05673238445033089 0.7239368824896392
0.055826484 -0.6853359912975707 -0.05464913713075201 0.057187723208449254 0.7239182378951874
0.056000397 -0.6851846904599879 -0.05482587305791756 0.05738501332003722 0.724032474305501
0.05616846700000001 -0.6851484309220008 -0.05508153736093176 0.057728433498648785 0.7240200824651672
0.056339903000000004 -0.6850726279124065 -0.05533099412876317 0.05838578042956153 0.7240200799822768
0.056515304 -0.6849858330271619 -0.05558894238014112 0.05833015456643233 0.7240869223410942
0.056677347 -0.6849659595260493 -0.05603885667126476 0.05859439745798581 0.7240497064567256
0.056869457000000005 -0.6850035808003625 -0.0562701291231733 0.059173498509291336 0.723949075511056
0.057037109 -0.6850173970727537 -0.05642287827482243 0.05976999262699015 0.7238751083551792
0.057211044 -0.6849560865314007 -0.05674736123610162 0.059918359104997945 0.7238954943626126
0.057350120000000004 -0.6848825387790819 -0.05696063016684433 0.06040935883280135 0.7239075245167191
0.057508036000000005 -0.6849429745135248 -0.057035749880744474 0.060479513643324795 0.7238385685562576
0.057670391 -0.684832456432521 -0.057276364650017994 0.060632047885459645 0.7239113754032961
0.05783908200000001 -0.6847706394002384 -0.057605058331276986 0.060778931513130775 0.723931454043931
0.058023332000000004 -0.6847412902680646 -0.057867768405504345 0.06102937283658926 0.723917193077333
0.058187967 -0.6848404099714971 -0.058060788576981215 0.06128706229868339 0.7237861933573252
0.058356519 -0.6847897502357706 -0.05825080406525902 0.06173262173816699 0.7237809925737987
0.058520999000000004 -0.6846536883227062 -0.058511477747449185 0.06206226296621029 0.723860490393996
0.058691035 -0.6846320584779835 -0.058688544348972596 0.06211356880400424 0.7238622132953391
0.058868584 -0.6846748822612733 -0.058794177502747964 0.06262025867840447 0.7237694753824147
0.059048179000000006 -0.684594174199934 -0.05917986534787412 0.06288558170214069 0.7237913814096576
0.059230409000000005 -0.6844716237692964 -0.059343964371298574 0.06310970574605088 0.7238743365999148
0.05938954900000001 -0.6843609726089931 -0.05957672743874223 0.06343722915996304 0.7239312057605117
0.059566585000000005 -0.6842603778099643 -0.05993983812557737 0.06355063425351443 0.7239863728350276
0.059721654000000006 -0.6840840097904709 -0.060240060365392666 0.0634603282270798 0.7241360296363349
0.059897818000000005 -0.6840338813652453 -0.06044702831622436 0.06388733874060876 0.7241285893132356
0.060070069000000004 -0.6840275379403968 -0.06073041884209769 0.06428973486003739 0.724075254071072
0.060235697000000005 -0.6839244885654738 -0.060875188498030225 0.06445175081416894 0.7241460330504971
0.060400655000000004 -0.6839273344327952 -0.06113110413500074 0.06468773205653774 0.7241007434357928
0.060562743 -0.6839428786708062 -0.06141584878564778 0.06493350961485489 0.7240399654456415
0.060707356000000004 -0.6837994835319523 -0.06157742069393776 0.06516132591326891 0.7241412080439428
0.060896585 -0.6837718283542403 -0.06171023754806875 0.06532083878954871 0.7241416445355763
0.061090636000000004 -0.6838559266128111 -0.06180037942942557 0.06548777918963339 0.7240394571539048
0.061266204000000005 -0.683727510969321 -0.06226885907274822 0.0656844522251146 0.7241027776975868
0.061445002000000006 -0.6837665300464851 -0.06232495137200245 0.06592788352550918 0.7240389816843515
0.06161838 -0.683853765128611 -0.06240031682208908 0.06662659534639545 0.7238861272137161
0.061771857000000006 -0.6838430631076977 -0.06260455992338197 0.06681698440600965 0.7238610534565092
0.061968955000000006 -0.6837753070343383 -0.06315345996278589 0.06711401485039813 0.7238499008741278
0.062153636000000005 -0.683838571687878 -0.06345398215586713 0.06726639531931602 0.7237497026467025
0.062331791000000004 -0.6837673192832461 -0.06351501951787339 0.06723334224690249 0.723814736701428
0.062498183000000006 -0.6837434557877461 -0.06362433505765655 0.06751492131311013 0.7238014686749296
0.062672644 -0.6836400583103455 -0.06373786757248824 0.06753660049916606 0.7238871200012847
0.062846236 -0.6836541299308252 -0.06383253679560849 0.06781448748305813 0.723839507876002
0.06301896 -0.683560354478289 -0.06400057849151086 0.06763896420231319 0.7239296500765147
0.063187907 -0.683612014310256 -0.06432952055607874 0.06828546509090673 0.7237910070821667
0.06337408500000001 -0.6836085362534385 -0.06455087152227992 0.06864490929173397 0.7237405823742882
0.06354148600000001 -0.683579448296172 -0.06476479516938988 0.06892137482175718 0.7237226701343865
0.06370031500000001 -0.6835128344273504 -0.06510551181592615 0.06919252258547348 0.7237291429274721
0.063869707 -0.6835316497473376 -0.06516737950727171 0.06919281702936642 0.7237057762056192
0.06405590600000001 -0.6833910190007904 -0.0654185845401076 0.06910855758658417 0.72382396424416
0.064241105 -0.6834016516967534 -0.06560488701361268 0.06948982568824495 0.7237605580465799
0.064401336 -0.68323828116211 -0.06596324487633244 0.06946250984192238 0.7238848397407491
0.06456753400000001 -0.683093155284067 -0.06639240426208495 0.06962342942061098 0.723967104180894
0.064734374 -0.6832715531244319 -0.0665648043420919 0.07043384293264862 0.7237044875386387
0.064916502 -0.6830654654681033 -0.06678494442027372 0.07042108224437185 0.7238799708923811
0.065094126 -0.6829722990943473 -0.06713766618602707 0.07089914967621953 0.7238885846758899
0.06527279200000001 -0.6830057050593965 -0.06749745604233881 0.07086326733957622 0.7238271186036676
0.065438232 -0.6829722734922016 -0.06802877193750603 0.07117143814463073 0.7237786859406624
0.065606565 -0.6827853264042413 -0.06816194557859975 0.07105532347037924 0.7239539268686318
0.065760438 -0.6827608274900594 -0.06809439869417198 0.07107180078382565 0.7239817707959998
0.065963187 -0.6825024769874037 -0.06819192702881706 0.07095726603397347 0.7242273789295304
0.066144282 -0.6824358451636484 -0.06869166143197851 0.07108942506561752 0.7242299817939948
0.066322438 -0.6822831261051505 -0.06880628738299316 0.07119937585880529 0.7243521792098562
0.066503404 -0.6824110383921032 -0.06896807175887469 0.0720542017366309 0.7241317364751874
0.066674042 -0.6823525009459748 -0.06915757354441569 0.07221238569341665 0.7241530679536519
0.06685287200000001 -0.682435627494516 -0.06958157786709612 0.072579563777425 0.7239973931372744
0.067029746 -0.6823704724352312 -0.0697220116865535 0.07252834617167458 0.7240504253410118
0.067211912 -0.6821212202456179 -0.07002821915713554 0.07252324695836902 0.7242562171379157
0.067368259 -0.6820000154866258 -0.07029274237441152 0.07286896875348149 0.7243100321261123
0.067532192 -0.6821739162900936 -0.07022796236997972 0.07323427949428382 0.7241156824304726
0.067710175 -0.6820130030951543 -0.07042919193862453 0.07351886020852968 0.7242188686617044
0.067909652 -0.68174550660796 -0.07057129111144789 0.07311866604728187 0.7244973552513386
0.068085029 -0.6816176187567659 -0.0708562631157247 0.07311603839404433 0.7245901301475137
0.068259631 -0.6814890047740578 -0.07094394616675194 0.07369357131802687 0.7246440163423329
0.068441785 -0.681603007323079 -0.07107568651238812 0.07425700925608962 0.7244663441259832
0.06860153100000001 -0.6815714813697614 -0.07137169116321289 0.07420013854682532 0.7244727302829023
0.068781308 -0.6815352035732254 -0.07172754049835552 0.0747270268824688 0.7244175575438276
0.06897101700000001 -0.6814725200551986 -0.07226057169348643 0.07508970577817489 0.724386050579588
0.069154674 -0.6814971165184158 -0.07206405955054114 0.07542713402412607 0.7243474297262927
0.06934053600000001 -0.6814696626462879 -0.07261292722246161 0.07597376901260179 0.7242613120379681
0.069523209 -0.6814438113507999 -0.0727399724148612 0.07627126757754893 0.7242416186100422
0.069695245 -0.6813823871638358 -0.07314483857382223 0.07640182615870422 0.7242448729625472
0.069875583 -0.6812881288465942 -0.07341161660651259 0.07648549022143149 0.7242977218143871
0.070065732 -0.681262303682683 -0.07344941900082257 0.07719123233027499 0.7242433086199265
0.070238991 -0.6812526252453636 -0.07337461931126171 0.07734088263125775 0.724244029116599
0.070427749 -0.681234910651748 -0.07336762204482082 0.07786627594658951 0.7242051032787618
0.070596042 -0.6811344180170871 -0.07317711157705474 0.07819372127909618 0.7242836163315375
0.070770287 -0.6811477732944664 -0.0732641847405571 0.07847483863779846 0.7242318481474441
0.070954641 -0.6811048179358515 -0.07331858949073451 0.07876592336989313 0.7242351418809689
0.071124221 -0.6811628549184796 -0.07314131486013181 0.07985318765478709 0.7240794028013823
0.07129673 -0.6810980071374839 -0.07321869567826671 0.0802994730714261 0.7240832285731885
0.071469742 -0.6808018428648864 -0.07321898052266211 0.07988525449100677 0.7244074666635507
0.07164820200000001 -0.6809479851830689 -0.07342395469789677 0.08055158096082672 0.7241755361487651
0.071841604 -0.680904015993562 -0.07388749717220389 0.08103566406578752 0.7241157227369692
0.072023584 -0.6808057618272862 -0.0741909710289075 0.08146962273278162 0.7241283829904296
0.072196887 -0.6805863690782323 -0.07437408574445946 0.08153201135482192 0.7243087882381526
0.072380753 -0.6804694280222024 -0.07483327095199142 0.08181114676842939 0.7243398893821855
0.07255602300000001 -0.6803473527097272 -0.0754713826488485 0.08175538059761121 0.7243946492108266
0.072757219 -0.6804753709720027 -0.07590164336049432 0.08253535846340435 0.7241409563330945
0.072959577 -0.6803962628196893 -0.07586233390308124 0.08299878437580538 0.7241664405562551
0.073136693 -0.6803201154529188 -0.07624148890590889 0.08345698569477905 0.724145501552194
0.073315816 -0.6802930953154843 -0.07652962804646758 0.08371393251439878 0.7241108326769606
0.073486303 -0.6801945211523424 -0.0767118464340982 0.0841311596151419 0.7241357980329507
0.073666148 -0.6799681650987336 -0.07692503183137879 0.08375892515792925 0.7243688814315473
0.07383703 -0.6799675693354043 -0.07713357170851481 0.08424246565440723 0.7242911871257688
0.074021284 -0.6795476334802322 -0.0777538669578557 0.08325340029609472 0.7247332070104515
0.07421673200000001 -0.6794959579032972 -0.07816889132958432 0.08301765726660021 0.7247640555403869
0.074391751 -0.6794498934441541 -0.07839819341884986 0.08336532365096976 0.7247425669711675
0.074573229 -0.6793881915825739 -0.07876893504375072 0.08363385544375512 0.7247292723726882
0.074733321 -0.679371551177702 -0.07892838923681056 0.08387349302766627 0.7246998288879496
0.074931327 -0.6792399606046264 -0.07921894030984555 0.08399250456706595 0.7247776863222002
0.07512196 -0.6789914920808133 -0.07954022191991014 0.08364752033429207 0.7250151716486534
0.07532303 -0.6788611392543917 -0.07999320094963375 0.08385687936464868 0.7250632146201346
0.07550908 -0.6788063870100753 -0.08020654352054737 0.08428017013617063 0.7250418279331421
0.075671396 -0.6787112419196777 -0.08031210059977478 0.08438623964966249 0.7251068742929483
0.075845376 -0.6785575435907268 -0.08089725569863408 0.0841319384852676 0.7252152170102744
0.07601780400000001 -0.6785407454213596 -0.08130306775909599 0.08426012508288162 0.7251706690821148
0.076198429 -0.678642759009395 -0.08123856642373554 0.08490826528628538 0.7250068189028335
0.076377339 -0.6785728652781824 -0.08151916040356846 0.08531287095625323 0.7249932462060983
0.076554761 -0.67873411045082 -0.08149370406913709 0.08621027220773711 0.7247389685076232
0.076722097 -0.6785240046272234 -0.08175817682489561 0.08615357721954524 0.7249126408052079
0.076923005 -0.678393413993242 -0.0819349007153262 0.0862337829302013 0.7250053672745533
0.077104607 -0.678413219851966 -0.08225838688739193 0.08625325982666406 0.7249478850828145
0.077282218 -0.6783138603748159 -0.08244766640122145 0.08631359627154757 0.7250121738475014
0.077448898 -0.6782871610682495 -0.0826615586698554 0.08666643442476545 0.7249707049200967
0.077614869 -0.6782206799011686 -0.08290399067058218 0.08649514361953707 0.725025673900948
0.07777834700000001 -0.6783044120776993 -0.08287544429450504 0.08728897880665297 0.7248554472912557
0.07798956900000001 -0.6783926535502902 -0.08307041214218544 0.08779570886843158 0.724689331879401
0.07817378800000001 -0.6780782851323028 -0.08378352172104771 0.08726573767437057 0.7249654141738084
0.078352879 -0.6779622162311807 -0.08404393826297332 0.0871565930384793 0.7250569481730933
0.078530548 -0.6780560111052186 -0.0840620579188077 0.08780475764775203 0.7248889161498842
0.078685902 -0.6781040036693083 -0.08423682704120795 0.08826008140520275 0.7247684286777611
0.07887645600000001 -0.6780728108907059 -0.08431749365038534 0.08824680301269563 0.7247898489585325
0.07906305300000001 -0.6781982154669906 -0.08440652917217584 0.08859835361112711 0.724619244919629
0.079236625 -0.6783214155256079 -0.08453790986189141 0.08920629343095131 0.724413995066239
0.07939552100000001 -0.6784017138071513 -0.0846937116644694 0.08961328393612134 0.724270356462419
0.079562165 -0.6783539595712179 -0.08491227025392373 0.08979776333338997 0.7242666453694353
0.07971207100000001 -0.6782543235315589 -0.08522080662511951 0.08961822438408236 0.7243459536624438
0.079892187 -0.6784114281873076 -0.08496645636478616 0.0904354880496319 0.7241271006521527
0.080091255 -0.6783563454529759 -0.08525646280452921 0.09045081274096249 0.7241427032072074
0.080264665 -0.6782883536751684 -0.08548937949203302 0.09046218837961684 0.7241775112058281
0.08044378 -0.6782174420615932 -0.08567151833669162 0.09069755989444046 0.7241929610666685
0.080599851 -0.6779085619255696 -0.08611402820566913 0.09027620408645165 0.7244822722399357
0.080758095 -0.6779737581161214 -0.08618497034567471 0.0909184178049433 0.7243325034100453
0.08095605 -0.6781568089319465 -0.08616442303703174 0.09193649036266684 0.7240350243197698
0.081141506 -0.6780922961548619 -0.08638509224616475 0.0920503107411524 0.724054689940964
0.081339037 -0.6782695388935713 -0.0862942837819485 0.09299397684045892 0.7237788677953083
0.081504481 -0.6784172659885567 -0.0863282410149658 0.0939272711256318 0.7235158020048806
0.081677804 -0.6782309934738793 -0.08656583837646457 0.09427635059486837 0.7236166421774224
0.081840018 -0.6780386629956199 -0.08687645418637951 0.09396557325000711 0.7238000581893533
0.08202345800000001 -0.6777129190139183 -0.08742179080098376 0.09359025324833718 0.7240880432597233
0.082189782 -0.6775820517956186 -0.08785130649802264 0.09342720905277352 0.7241795824515069
0.08236062400000001 -0.6776495700847984 -0.08796399913417655 0.09408558716476131 0.7240174703058428
0.082535219 -0.6774804106649555 -0.08857456419496756 0.09387282316272713 0.7241289476428724
0.082705024 -0.6778493660318714 -0.08830508969081001 0.09528114584157925 0.7236324698021803
0.08290407000000001 -0.67747026271543 -0.08865494265704502 0.09487818569298416 0.7239975650224036
0.083093595 -0.677461331548173 -0.08892579712915587 0.09508511479496624 0.7239455558302352
0.08325778 -0.6774238722117493 -0.08910631218546664 0.09540314539204028 0.7239165713917942
0.083419592 -0.6773204092018108 -0.08937282855399145 0.09548203294010921 0.7239701251989435
0.083584271 -0.6770389288788091 -0.0899243287464606 0.09500933288012224 0.7242272644327933
0.083738673 -0.6771733255178647 -0.09011159447961888 0.0956599185223106 0.7239926572388157
0.083938913 -0.6773452284065061 -0.09013536949349205 0.09619169709602256 0.7237583948604648
0.084127056 -0.6771384778067616 -0.0903069633406134 0.09599602689700394 0.7239564193138479
0.08431123500000001 -0.6772592875180455 -0.09028506841712419 0.09656534033330623 0.7237704048507212
0.084493569 -0.6771303501257103 -0.09046504427855931 0.09710277697753744 0.7237966671694209
0.084659173 -0.6768612509786087 -0.09076148419255609 0.09691784555151442 0.7240360012627063
0.08483744 -0.676857932916946 -0.09094939035155274 0.09729502923676021 0.7239649330788733
0.085025825 -0.6770269309205519 -0.0909169678932842 0.09787179516981026 0.7237332046186827
0.08521698500000001 -0.6769449260029984 -0.09100894909395049 0.09825640233796763 0.7237462385002141
0.085400523 -0.676946199238585 -0.09140792062801911 0.09886155325640716 0.7236123469583876
0.08557605800000001 -0.6769793633773089 -0.09168184154314199 0.09914032552550829 0.7235085191946309
0.085741326 -0.6773175965126328 -0.09151917453205465 0.10022368424719744 0.7230631557915529
0.08593882200000001 -0.6773525376488776 -0.09154444740844524 0.1009250461433455 0.72292965698626
0.08613037700000001 -0.6772280380468256 -0.09172672405907209 0.10131442409570714 0.7229687268802111
0.086304984 -0.6771449279406732 -0.09194336579065611 0.10155043854705381 0.7229859421055205
0.08647466100000001 -0.6771099372498961 -0.09196118654010269 0.10159304214323424 0.7230104610831444
0.086636457 -0.6771785077967563 -0.09212738789923751 0.10206778818401585 0.7228582015805346
0.086810206 -0.6775663082620578 -0.09203923737022593 0.10352369094540194 0.7222987762037771
0.08701191400000001 -0.6771609617293933 -0.09250719670836896 0.10332263712973015 0.7226478278687625
0.08720567300000001 -0.6772197361930677 -0.09270641989896816 0.103474672628697 0.7225454592926952
0.08739081600000001 -0.6771238344526596 -0.09290327926295745 0.10369553554415445 0.7225783898142313
0.087562265 -0.6769936742549206 -0.0930294539350758 0.10408777771353285 0.7226277189881539
0.087714627 -0.6771404255651072 -0.0930532520635599 0.1045874613635174 0.7224149771920817
0.087905776 -0.6769535671266697 -0.09325288587528044 0.10464992262696811 0.7225552995616177
0.088080479 -0.6767574531742104 -0.09341330192224975 0.10462269630779024 0.722722212204957
0.088270398 -0.6767638824230721 -0.09322601393573922 0.10539099377870738 0.7226287402280926
0.088443961 -0.6766397211798103 -0.09335795082348437 0.10564226864026512 0.7226912838939504
0.088607208 -0.6766111009430054 -0.09325635332968162 0.10612923714188491 0.7226598478316236
0.08877821600000001 -0.6764605133262126 -0.09341241678733847 0.10619927686802051 0.7227703700990343
0.088970927 -0.6764940018648317 -0.09360854716415357 0.10683530213909265 0.7226199025459862
0.08915982500000001 -0.6762273493894497 -0.09394744075793454 0.10716879096245036 0.7227761067968421
0.089325477 -0.6763536407026342 -0.0939670335357531 0.10794125756666154 0.722540403182902
0.08950184600000001 -0.6759264007338275 -0.09402427969070955 0.10810265174512826 0.7229085366111873
0.089655276 -0.6759071243090421 -0.09438764028454408 0.10858424885382817 0.722807023741916
0.08984525 -0.6756294633622265 -0.09443107403364351 0.10911848263657298 0.7229804680908154
0.090014382 -0.6754129023032897 -0.09449614339873995 0.10959055600918556 0.7231028974624631
0.090191082 -0.6752309867350155 -0.0945760903235143 0.10989141052363491 0.723216672640435
0.09037173000000001 -0.6752219586600009 -0.09460731089642821 0.11021237091419936 0.723172176293979
0.09055893000000001 -0.6749423965123806 -0.09468376036770682 0.11056842825860363 0.7233687645904939
0.090717584 -0.6743983843391416 -0.09510249907627548 0.11081642356750186 0.7237831540854697
0.09090012600000001 -0.674285907126432 -0.09533622627497952 0.1111615186330715 0.723804280303398
0.09108761500000001 -0.6740726237888426 -0.09564057719838263 0.11113858022089018 0.7239662933024373
0.091273039 -0.6740076498025809 -0.09592558740197532 0.11142069176293011 0.7239457156004571
0.091447573 -0.6739442866420086 -0.09609201780137887 0.11246020688070282 0.7238218872663381
0.09160655300000001 -0.6737763385710336 -0.0963061370569447 0.11260687173656125 0.7239269755884822
0.09178315000000001 -0.6737973638958566 -0.09644604392762914 0.11311790889344273 0.7238090989378895
0.091991316 -0.6735950522349516 -0.0968714899665883 0.11326578858437222 0.723917454667731
0.09217805600000001 -0.6735634334522201 -0.09716192017211428 0.1135468231981611 0.7238639245922746
0.092348836 -0.6733593449764598 -0.09738704361751366 0.11401052604011705 0.7239506586918542
0.09252188900000001 -0.6733746127030577 -0.09752868726235686 0.11424039295713392 0.7238811495990819
0.092683729 -0.6731921155047659 -0.09766138354652819 0.11461857685806517 0.723973211952644
0.092857118 -0.6731446792343092 -0.09791939899738217 0.11482274800167155 0.7239501147592113
0.09301701000000001 -0.673036309160084 -0.09814134893173142 0.11507434323744598 0.7239808683318247
0.093192324 -0.6730338878873986 -0.09830907067240093 0.11515200882485091 0.7239480141849298
0.093388233 -0.6729573126920997 -0.09851919855335851 0.11532684038710403 0.723962804774499
0.09356707800000001 -0.6727669181366062 -0.09878218277131849 0.11562474108588426 0.7240564021377958
0.093745781 -0.6726165578366775 -0.09910751613863322 0.1159222920070706 0.7241040592239473
0.093944228 -0.6725976066621271 -0.09924393829756918 0.11626115937004129 0.7240486468777503
0.094114415 -0.6726150701449141 -0.09938074447431489 0.11639977827795078 0.7239913857626536
0.094290365 -0.6725806473388811 -0.09961043970907243 0.11655178664975442 0.72396734329314
0.094451562 -0.6724478057441909 -0.09988243358693742 0.11694638042491903 0.7239896353650958
0.094609249 -0.6723954465252532 -0.09997841177267211 0.11714378573688729 0.7239931036513745
0.094811795 -0.6721665954021986 -0.10028910091490802 0.1173450796877552 0.7241300273681318
0.09499082900000001 -0.6721913269852788 -0.1005371239211911 0.117305704310338 0.7240790553355902
0.09519635400000001 -0.6721770643307792 -0.10066314234497663 0.11758564225040262 0.7240293797198087
0.095385618 -0.6719698756359217 -0.10078537734508738 0.117695957661863 0.7241867545746122
0.09555126200000001 -0.6718579458323031 -0.10098212274328631 0.11785395325494415 0.7242375005551976
0.09571842700000001 -0.6718414761575849 -0.10114568179061113 0.11799281363720324 0.7242073445495333
0.09590879000000001 -0.671870663563517 -0.10131365391154537 0.11806930042255473 0.7241443193670305
0.09610876900000001 -0.6717658521216251 -0.10146914021184472 0.1185248575092756 0.7241453663874278
0.096288204 -0.6715941016538597 -0.1018182401303627 0.11870957691986886 0.7242254103164338
0.09646616000000001 -0.6715228004723088 -0.10199538854685197 0.11890101125728852 0.7242351956947404
0.09663199600000001 -0.6716155114323414 -0.10208043956563412 0.11916558376590078 0.72409374552422
0.096818781 -0.6715875470641647 -0.10223693931127721 0.1195315985462411 0.7240372723952692
0.096993782 -0.6714198704558657 -0.10260596546027406 0.11978389736535129 0.724098882295064
0.097177593 -0.6714203654141833 -0.10286508176064639 0.11989035776251164 0.724044038700021
0.097357734 -0.6713286368688752 -0.1030395049414602 0.12013722806777488 0.7240633730367725
0.097515352 -0.6712376237783868 -0.10324339949600761 0.12039527770845199 0.7240758454681097
0.097674703 -0.671096408103394 -0.10335723452047843 0.12074350646043862 0.7241325146343313
0.097878487 -0.6710478587221083 -0.10345169831457851 0.12076857117447282 0.7241598370779614
0.098086406 -0.670922783459576 -0.10353925005773106 0.12103995535309492 0.7242179033553774
0.09829164100000001 -0.6708461883949203 -0.10375445181774114 0.12123036213672748 0.7242262108900821
0.098465644 -0.6708579654824547 -0.10386075507300828 0.12147980329007595 0.7241582638463854
0.098629406 -0.6708447978106227 -0.10418410611318975 0.12154071874365262 0.7241137914520736
0.098806609 -0.67075403682613 -0.1044024602135604 0.12186651436247083 0.7241116633917375
0.09898768200000001 -0.6706354069788559 -0.10452670223415594 0.12225864182374284 0.7241375172753933
0.099199537 -0.6704723368517697 -0.10465206771801598 0.12254467867492749 0.7242220598458252
0.099373025 -0.6704605292211878 -0.10482921005261321 0.12265198190210845 0.7241892065003972
0.099546191 -0.6703811720110662 -0.10504740059967645 0.1229874883352638 0.7241741541599673
0.099709902 -0.6702335188349241 -0.10527904827949457 0.12331259199148262 0.7242218975423637
0.099890379 -0.6701871777928907 -0.1054249086649233 0.12336661017928295 0.7242343645863997
0.10009029200000001 -0.670090047134534 -0.10554609838622452 0.12360404139629912 0.7242661049622477
0.10026604600000001 -0.6699317320909804 -0.1058155278765583 0.12401084175947606 0.7243037066893214
0.1004363 -0.6699853677010906 -0.10610584603962149 0.12425454927287088 0.7241698443650126
0.100618921 -0.6699198125885282 -0.10636534000460957 0.12453679422332797 0.7241439401331975
0.100794985 -0.6698243931316575 -0.1066312316484266 0.12494212877132976 0.7241232818112087
0.10097966300000001 -0.6698105591566043 -0.10667745494984941 0.12501349934290626 0.7241169521767749
0.101165798 -0.6697700504693096 -0.10672223292052863 0.12513950659570686 0.724126058351568
0.101347634 -0.6696121374404995 -0.10685873289538861 0.12540000077999933 0.724206901652238
0.10151014400000001 -0.669526650942368 -0.1069318709101705 0.12558519125287562 0.7242430520201947
0.10168594900000001 -0.6695477131371145 -0.10719219316756635 0.12589444211345896 0.7241313989889742
0.101875879 -0.6693733312693502 -0.10731164696740665 0.12597055290943687 0.7242616748180224
0.10207648400000001 -0.6693273884458238 -0.10745188498063116 0.12614652017771613 0.7242527148291927
0.102248613 -0.6692498118731491 -0.10758884927946688 0.1263897799694571 0.724261660132405
0.10242150000000001 -0.6691979995835406 -0.1075822472640998 0.12655048965964769 0.7242824524961913
0.10258557300000001 -0.6691968242485111 -0.10779965023497447 0.12697090990967164 0.7241776259051609
0.10275158200000001 -0.6691550486134117 -0.10771397874426505 0.12707263597406368 0.7242111328092563
0.10298046300000001 -0.66917110910298 -0.1077669941194728 0.12718901531186816 0.7241679750612693
0.103175784 -0.6690412542381723 -0.10798300256621411 0.12727541620650692 0.7242405951848179
0.10333982000000001 -0.6689576117415735 -0.10827065293062108 0.12748017864822256 0.724238899437751
0.10352514900000001 -0.6688725025595069 -0.10824286500524824 0.12761444580034548 0.7242980123666702
0.10368598300000001 -0.6687090169015711 -0.10849833072036995 0.12788834309147662 0.724362433210575
0.103871351 -0.6687969386838959 -0.1086210252922253 0.1280716042799662 0.7242304825459028
0.104071935 -0.6686866127547616 -0.10879206531989212 0.1282476295179324 0.7242755318033515
0.104266152 -0.6686116108597999 -0.10894133884136943 0.12856729959726204 0.7242656611970376
0.104425321 -0.668378943030341 -0.10900655255396513 0.1287764213985538 0.7244334291746389
0.104606798 -0.6681907811000353 -0.10897049849575813 0.12895166525926616 0.724581243572709
0.104780993 -0.6680761006487917 -0.10924240521498328 0.12924042553112278 0.7245945991057937
0.104975915 -0.6679867786383946 -0.1093501004247446 0.12939700441679608 0.7246327582640457
0.10515896400000001 -0.6680179304767625 -0.10969086402931684 0.12966141181844387 0.7245052637457464
0.10535208800000001 -0.6679084989792767 -0.11000647140539423 0.12972209018190492 0.7245474398264216
0.10551913 -0.6678538331059984 -0.11024128456254928 0.129851040427102 0.7245390424839948
0.105667227 -0.6677071447376438 -0.11041860663552379 0.1299793661713167 0.7246242229905622
0.10584370500000001 -0.6675359024187353 -0.1106508683566329 0.13028601186601926 0.7246914925856216
0.10603873500000001 -0.6673917192426092 -0.11082090601601022 0.13029628889860118 0.7247964520990964
0.10623515400000001 -0.667187286075849 -0.11105338475884713 0.1303326675035855 0.7249425265590005
0.106424402 -0.667064033448672 -0.1112062871382796 0.1303487890667624 0.7250296064085499
0.106604324 -0.6668952653715433 -0.11147419390877633 0.13059544370093953 0.7250993305761375
0.106782494 -0.666963034461367 -0.11175199829334431 0.13084362977260658 0.7249494783000119
0.106973828 -0.6669998713177854 -0.11178350891985506 0.13130297287678863 0.7248276678696395
0.107168073 -0.6667712776562693 -0.11189440535381454 0.13119079840484238 0.725041157284911
0.107352688 -0.6665700882213071 -0.11211152882297809 0.13120389149775313 0.7251902243201157
0.107520082 -0.6664604301187423 -0.11242778525472723 0.1311953057648465 0.7252436004088054
0.107696251 -0.6666052941123156 -0.11258295376569954 0.13175450664833302 0.7249849725067952
0.10788583700000001 -0.666378489725986 -0.11269413345395449 0.13179805966883307 0.72516826473799
0.108077686 -0.6663622773244731 -0.11294565581300506 0.13210288749306537 0.7250885610102449
0.108265989 -0.6663689338806454 -0.11327880325429883 0.13258474866691744 0.7249425088329259
0.108448788 -0.6662691369080841 -0.11351316209157448 0.13312563274221534 0.7248984516073366
0.108629394 -0.6661894250593269 -0.11383325117051141 0.1332429298322564 0.7248999672484416
0.10879334500000001 -0.6661419121795 -0.11398819550782915 0.1333970505702032 0.7248909373291127
0.109001596 -0.6660992282829502 -0.11397564383321589 0.13365828903383795 0.7248840131125873
0.10917781500000001 -0.6659491485636259 -0.11431340754048931 0.13388107532162305 0.724927606078421
0.109342087 -0.6658383913883984 -0.11444382999765387 0.13426371652061656 0.7249379978693696
0.10952105100000001 -0.6656714656449615 -0.11461856152991902 0.134367179967748 0.7250445132034421
0.109697476 -0.665643029337878 -0.11479113522317577 0.1345407068894049 0.7250111385060006
0.109893955 -0.66564149537031 -0.11499923298028424 0.13499136845802748 0.7248957900946547
0.11007536000000001 -0.6655240318746476 -0.11503252178548623 0.1351980074461497 0.7249598476547346
0.11026783300000001 -0.665418247089238 -0.11518976790799 0.13542128420457267 0.7249903100003297
0.110454668 -0.6654113130858267 -0.11541862294030023 0.13583912501868972 0.7248820993859056
0.11063924600000001 -0.665486160373922 -0.11564118815394885 0.13631454014876923 0.7246886449346006
0.110812639 -0.665315904129993 -0.1158070629882221 0.13658349103757 0.7247678399665113
0.11101292900000001 -0.6652285074371599 -0.11594759528571329 0.1368120764318491 0.7247824803227484
0.11121550000000001 -0.6651559254056911 -0.11627715187649242 0.1367724006907271 0.7248037867302333
0.111399733 -0.66514217794368 -0.11654559230402077 0.13690639446959935 0.7247479887437962
0.11158691100000001 -0.6649475102720825 -0.11637354249039933 0.13729649625891976 0.7248804586317794
0.11174732700000001 -0.6648096543995929 -0.11647541005227753 0.1374053780131321 0.7249699058328672
0.11195411300000001 -0.6647679486792134 -0.1166340927639514 0.13779278320159025 0.7249091058274276
0.112157265 -0.6646819854321768 -0.11664475219697798 0.13791792002869438 0.7249624178961309
