0 -0.7067529998956005 0.00035399999994770805 0.0003529999999478558 0.7074602089259648
0.0008119140000000001 -0.7067544456323255 0.00036008114135723185 0.00034272025282534456 0.7074587666170691
0.001107436 -0.7067862008615823 0.0004107503724145189 0.00028427721893869903 0.707427039872131
0.001353952 -0.7068668930259443 0.0004984632501276179 0.0001801741516242015 0.7073463894129324
0.001538405 -0.7069625922531212 0.0005551730160207574 2.3768823090153272e-05 0.7072507224264339
0.001734436 -0.7070388538274709 0.0006930124432193032 -9.281294171244673e-05 0.7071743563633002
0.0019133770000000002 -0.7071527662115354 0.0008093497184640074 -0.0002377222393778477 0.7070602899898593
0.00208733 -0.7073132398826437 0.0008554441317014149 -0.0003489616434171988 0.7068996584578514
0.0022359890000000003 -0.707435871900002 0.0009905776323909069 -0.0005739461648701836 0.7067766100337775
0.002377506 -0.7076381410826743 0.0012121986883022451 -0.0008474165116756629 0.7065734737057804
0.0025128050000000003 -0.7077271041419558 0.0011978131286476982 -0.0009168589904362857 0.7064843032057697
0.002667276 -0.7078468106918517 0.0013185665896748768 -0.001151513004068435 0.7063638071088609
0.002811769 -0.7079981472318162 0.001544776808646935 -0.001458470197550429 0.7062110945359115
0.002982081 -0.7081448787070199 0.001778681631130679 -0.0016032240452567453 0.7060630968442807
0.0031317750000000003 -0.7083111801576668 0.0018862671408287639 -0.001653026891342339 0.7058958716142372
0.003291618 -0.7084189479719902 0.001925118328802184 -0.0017623172619936245 0.7057873492147242
0.0034424480000000003 -0.7084679225041797 0.002044232461499316 -0.001859375397583206 0.7057376046516058
0.0035821100000000003 -0.7085383596267912 0.0021061202852431897 -0.0019360094862209735 0.7056664998864474
0.0037184590000000003 -0.70872634299444 0.002177774996458641 -0.0020997981236589823 0.7054770151391413
0.003879477 -0.7087711304978015 0.002170420345635405 -0.0020887643296700086 0.705432073917799
0.004030257000000001 -0.7088899927703257 0.0022240393893737066 -0.002225765218711796 0.7053120428349947
0.004189202 -0.7088698966289789 0.0022270774356701636 -0.002328738662790796 0.7053318982972179
0.004343889 -0.7089836960174049 0.0022405429908259134 -0.002245852651024492 0.7052177358053868
0.004484364 -0.7090341562615989 0.002255902800407168 -0.002374052220535918 0.7051665335458087
0.0046304530000000005 -0.709102808353313 0.002334588140493744 -0.002251231805492099 0.7050976448968025
0.0047888720000000004 -0.7092216460432644 0.002204510220648613 -0.002352847975761146 0.704978198971268
0.00497091 -0.7092140337112626 0.0024029426521551185 -0.002735354207058575 0.7049838282478349
0.005137509 -0.7092825551709446 0.0023697515980137425 -0.002735137281661663 0.7049150021325906
0.005274089 -0.7092847564766751 0.0022836152497785686 -0.0026564990798906753 0.7049133722265832
0.005422473000000001 -0.7092554702675629 0.0020059594791322797 -0.0024740378376483414 0.7049443475614827
0.005572906000000001 -0.7092548863214299 0.0020817137823754754 -0.002609620669936978 0.7049442265717645
0.0057091730000000005 -0.7092838362516624 0.0020921052614941466 -0.002614630190654113 0.7049150490922054
0.0058913820000000006 -0.7093407915137667 0.0020640683881673395 -0.0023427947131919027 0.7048587748118371
0.006052653000000001 -0.7093424496284196 0.0016998786615895884 -0.0019978569171424107 0.7048591406340899
0.006193141 -0.7094070768398373 0.0015544693508397676 -0.0017917607231936966 0.7047949861825817
0.006345535 -0.7095160487708607 0.0015563794144996003 -0.0018384167075570733 0.7046851598009662
0.006501304 -0.7094820900167196 0.0014261766397539917 -0.0018301044446139174 0.7047196468691801
0.006642671 -0.7095831148820858 0.0012117211391797181 -0.001654839559263788 0.7046187595516819
0.006791040000000001 -0.7097044084798124 0.0011351311661791158 -0.0018751499325459521 0.7044961659755757
0.006950607 -0.7096634848519484 0.0008602801693199839 -0.0016101898378003915 0.7045384343486913
0.0071113850000000004 -0.7096728319002388 0.000677034522115863 -0.0015502813195986205 0.7045293534798829
0.007252740000000001 -0.709554487875413 0.00033792810403670084 -0.0013156426695277168 0.7046492628427447
0.007396482 -0.7095085994658475 0.00014362328232237167 -0.0007800291009814058 0.704696330493473
0.007538896000000001 -0.7095602488132419 5.269110233752532e-05 -0.000504128302246479 0.7046445886987236
0.007670357000000001 -0.7095334489805842 -0.00021291837068404242 -0.00027732430917509673 0.704671670024212
0.007837687000000001 -0.7096157056452523 -0.00043808846143344847 -1.949585272408553e-05 0.7045887864563292
0.008014323 -0.7096553035093205 -0.00020061247141976664 -0.00022981938898877522 0.7045489742656499
0.008162945000000001 -0.7096093816089291 -0.0003048259794912645 -0.00020563854502673486 0.7045951960711233
0.00831027 -0.7095528829149561 -0.0004368358701693228 3.491345775529224e-05 0.7046520519395
0.008474474000000001 -0.7095651119367596 -0.00034522314772730866 -0.00021035420130988337 0.7046397579573993
0.008634332 -0.7095396596890817 -0.0001887138626392828 -0.00023525767384789383 0.7046654386084273
0.008770539 -0.7094801375230879 0.00020086318511518286 -0.0007171694659825984 0.7047250384243193
0.00893477 -0.7095935583221095 0.000305919422611588 -0.0008855343510267674 0.7046106046817542
0.00910297 -0.7095748760136547 0.0002127757546092756 -0.0006171334353687258 0.7046297390850091
0.009277073 -0.7096409352633289 0.00013073425619846503 -0.00037494663291316266 0.7045634004986101
0.00944785 -0.7097097318958017 0.00024934859331357404 -0.000575989383405297 0.704493933624626
0.009610214 -0.7096737821461122 -0.0002847890998413254 -0.0001986656443984062 0.704530341689812
0.009769603 -0.7097306238808239 -0.00036762624184179726 -0.00037046810876745705 0.7044729726043886
0.009921175 -0.7097215246700466 -0.0005974519942252091 -0.00028646956542393545 0.7044820213506711
0.01009428 -0.7096962733268638 -0.0002232769682308183 -0.0006511078292590799 0.7045074349018269
0.010248041000000001 -0.7097978396611139 -0.00031180564509202473 -0.0005817353918118144 0.7044051328415981
0.010411100000000001 -0.709833258106465 8.046107571150944e-05 -0.0006888094076830259 0.7043694092971217
0.010554597 -0.7100287235784242 7.133742296317166e-05 -0.0006573979153675668 0.704172403912953
0.010711724 -0.7101230080933117 -7.621524434162869e-06 -0.0005032850973027383 0.7040774531417191
0.010874328 -0.7100091766412356 -0.0003669774113362778 -2.6232531643663306e-05 0.7041923272264963
0.01104269 -0.7100714951846469 4.5096238621494915e-06 -0.0004343029358170055 0.7041294505180589
0.011215826 -0.7103360263139061 7.507857276505979e-05 -0.0008413882655209839 0.7038622138952797
0.011369738 -0.7104004734712618 0.0003426336608806466 -0.0008757444328310895 0.7037970467156494
0.011517237000000001 -0.710390092287213 0.0003432869615131221 -0.0006916587612510382 0.7038077298114772
0.011661505 -0.7103124658108675 -0.00022628294010838002 0.0002315264094099488 0.7038864227311379
0.011833910000000001 -0.7103341433307149 -3.867939140889193e-05 0.0007396913609807227 0.7038642313537568
0.0120081 -0.7104067879250661 -0.0001048359249478294 0.0007801048316722723 0.7037908610630511
0.012167805 -0.7104323759870018 -1.7933106890718268e-05 0.0012955951911530822 0.7037642789037873
0.012318448000000001 -0.7104875869831211 -0.0005463479217957709 0.0021156261865007066 0.7037063410064525
0.012488810000000001 -0.7105152209728676 -0.0009615135295213387 0.0027759747525534033 0.7036756996101138
0.012638566 -0.710523415335823 -0.0013646143724229288 0.003361026955042383 0.7036642079748975
0.012787986000000001 -0.7106207744696509 -0.0010625987916633764 0.003830764711918589 0.7035640063403499
0.012956619 -0.7105113169564259 -0.0008175176714699076 0.003699780766642894 0.7036755728060916
0.013114013 -0.710432851415256 -0.0009863517422632477 0.0038243111897436548 0.7037539096759274
0.013281586000000001 -0.710397415626171 -0.001051735599706559 0.004109758869526318 0.7037879763152538
0.013441452000000001 -0.7104116711346471 -0.0011299157893749016 0.004742247848078935 0.703769487752442
0.013612141000000001 -0.7104676330460743 -0.000832292037190936 0.004371678023989498 0.7037158077769238
0.013774621 -0.7104661319206197 -0.0007076857801345041 0.004296960316461643 0.7037179198419125
0.013984332 -0.7104777954899576 -0.0006596312185387535 0.004377624714611063 0.7037056937415269
0.014146009000000001 -0.7105577152055935 -0.0006126955657082125 0.00457479582447541 0.7036237838569096
0.014298044000000001 -0.7105399431906742 -0.000864384773722878 0.004478940768173422 0.70364208306436
0.014453051000000001 -0.7103864065425991 -0.0011426125335887796 0.0046828944307082026 0.7037953668047567
0.014593866 -0.7104839479575129 -0.0009280138788711361 0.004043596912561964 0.7037011779221032
0.014738074 -0.7104207664323083 -0.001607745740187141 0.004713666876499636 0.7037595691142993
0.014898843 -0.710470836808426 -0.0012230108023312657 0.004724621937782744 0.7037097215733611
0.015076491000000001 -0.7104719951519206 -0.001204752888184571 0.005296523682589542 0.7037045115047988
0.015232200000000001 -0.7102706406771226 -0.0011205495929294416 0.005501109814015386 0.7039063141864361
0.015373739 -0.7099402214303444 -0.0003075574342714222 0.005082930973626263 0.7042435311854668
0.015527601 -0.7100116240686977 -0.0004700070133091091 0.0054282410071614315 0.7041688767478338
0.015677059 -0.7099233823244211 -0.0010153060617054612 0.005856333479786801 0.7042538347363317
0.015846579 -0.709902576407273 -0.0004800885906665981 0.005430638625686706 0.7042787869085497
0.016018749000000002 -0.7099836846680792 -0.0010375681523773948 0.005733777969064348 0.704194017830078
0.016202093 -0.7100434079638624 -0.0016113528616691231 0.006280347841905042 0.7041280562369346
0.016336692 -0.7098637377520973 -0.0015146981405893991 0.006620478135085963 0.704306289041513
0.016483077000000002 -0.7097167280723522 -0.002009948574497621 0.007296448050073233 0.7044465117003954
0.016629701 -0.7096844907773078 -0.002485532029132455 0.007572316163555244 0.7044745600151965
0.016773820000000002 -0.7099056587731666 -0.0025452179116438856 0.007481146552504127 0.7042524476023342
0.016945331 -0.7099534216128298 -0.002727911835470618 0.007240846469260037 0.704206125917449
0.017112046000000002 -0.7096425880821826 -0.0032146730899375066 0.007639779575493286 0.7045130920181571
0.017259267000000002 -0.7096931958276428 -0.0030804783432036432 0.007556884698061345 0.704463605832682
0.017392473000000002 -0.7095629588715654 -0.0030355794757003346 0.007760629326132101 0.7045927655654282
0.017549033000000002 -0.7094436158158522 -0.0033576812239442195 0.00830837825814421 0.7047052240516226
0.017692808 -0.7093922035555149 -0.0035751133926432647 0.008719550016426126 0.7047509415008907
0.017864902000000002 -0.7095238444899972 -0.0036641193484140237 0.00891478775819479 0.7046155085497063
0.018051845 -0.70954920485265 -0.00374637311414598 0.008741314666590855 0.7045917115602207
0.018208385 -0.7096227955192983 -0.0035574931339940165 0.008891150085450442 0.7045166994274414
0.018361055 -0.7096136651891107 -0.0031246938090403317 0.008655192292231344 0.7045308865563389
0.018512973000000002 -0.7097721788709982 -0.0034871625963285406 0.008853177932243085 0.7043670314816294
0.018659755 -0.7097966752366446 -0.0038872059358123915 0.009196687555256362 0.704335850564934
0.018822792 -0.7097845134184538 -0.00426471396002045 0.00928544726805652 0.7043447573420278
0.018996141 -0.7096649331780314 -0.004683705667576839 0.009602005002727588 0.704458335899695
0.019171068000000003 -0.7096546621468296 -0.004394669423247116 0.009618738795089198 0.7044703167898002
0.019340124 -0.7096976607664772 -0.004895804172818142 0.010007031563317099 0.7044182853414457
0.019496746000000002 -0.7094875373090211 -0.0045412017590414095 0.010048856307267196 0.7046316998096805
0.019643515 -0.7094598379716127 -0.0044681635583672845 0.0099301408935118 0.7046617387949652
0.019804754 -0.7093948870261905 -0.00464281709092997 0.010087928915002028 0.7047237559503473
0.019980788000000003 -0.7096084274105791 -0.004393718039570431 0.009739755180684257 0.7045152320274518
0.020147154 -0.7097915427683454 -0.004267140574807292 0.009261514045267597 0.7043379740461511
0.020294878000000002 -0.7098440833981359 -0.004636014165375373 0.009881185196995594 0.704274269597024
0.020434605 -0.7098759509539393 -0.004104793700068985 0.009686282937768614 0.7042481528898532
0.020576913000000002 -0.7095857999162762 -0.0043168829898134345 0.010025371249329115 0.7045344910007912
0.020722581 -0.7092975058274444 -0.003874381042422719 0.009535341908180846 0.7048341043488168
0.020902142000000002 -0.7091176087264678 -0.004515818927954336 0.010060764329146939 0.7050039754459401
0.021065292000000003 -0.7089896107033975 -0.004331826151214275 0.01013121988205917 0.705132842505965
0.021227428000000003 -0.7091190030342004 -0.0046996434048917814 0.01065362746015163 0.7049926617416588
0.021376911000000002 -0.7090789601067035 -0.004115903636065745 0.010057614701625051 0.7050453404269602
0.021526103 -0.7092544410178817 -0.0037937818850328907 0.009664318952967618 0.704876121069934
0.021703738 -0.7090820163015353 -0.0037589142704739873 0.009949585905906489 0.7050457931663429
0.02187725 -0.7090488353646901 -0.003915675838190223 0.010211578148881434 0.7050745635905583
0.022038845 -0.7088146577641294 -0.004454870563131923 0.011278947135375817 0.7052905219967891
0.022195476000000002 -0.7087107160344869 -0.004440494784434142 0.011266540792030584 0.7053952566062065
0.022344431 -0.7084672658376366 -0.004558583497305605 0.011291871357568395 0.705638608775261
0.02251736 -0.7083434414694294 -0.005083489914036685 0.0123334285790601 0.7057418887929383
0.022662632000000002 -0.7085331363956887 -0.005682541772679493 0.01296205912157004 0.7055356039007664
0.022795724 -0.7086741673216677 -0.005787709679742861 0.013175106614884101 0.7053891433480464
0.022969917000000003 -0.7087883005404367 -0.0055065896758515614 0.01283894991635804 0.7052829105062639
0.023118759000000003 -0.7087248171096003 -0.005355240166141312 0.013022095956316678 0.7053445115917689
0.023287702 -0.7087893768136404 -0.005049583802131553 0.012854134401087361 0.7052849723681593
0.023452348 -0.7088510835375869 -0.005326483211193369 0.013421089982423888 0.7052103546374469
0.023595925 -0.7086314769359116 -0.005879225712763197 0.014240044274150912 0.7054105795490433
0.023742033000000003 -0.7086908029871529 -0.006331204760386277 0.01463594133502919 0.7053389616552769
0.023926529000000002 -0.7087889905538832 -0.006061730148811184 0.01410677986372236 0.7052534445566975
0.024072153000000002 -0.7087136109205222 -0.006051005191841351 0.014401499136763028 0.7053233300088527
0.024241205000000002 -0.7086374632881968 -0.005946280020706429 0.014477885617235994 0.7053991623233183
0.024389498000000003 -0.7086848162783124 -0.00628273973780394 0.014543355501893389 0.7053473252013559
0.024540758000000003 -0.7085224844289922 -0.0061784583394628185 0.01449495421850316 0.7055123046505423
0.024678138000000002 -0.70824244440334 -0.006161655423965418 0.014566051377096975 0.7057921111030485
0.024841357 -0.7081602391423542 -0.0065930254739894134 0.014966988997462984 0.7058623073612112
0.024998217000000003 -0.7081073308641616 -0.006870680755618527 0.01522347749295493 0.7059072513123865
0.025152347000000002 -0.7082835056501006 -0.0064275715108054274 0.015086143073747112 0.7057376072136414
0.025311473 -0.7083770354834895 -0.006193417972270645 0.015016573821077394 0.7056473054466514
0.025466062 -0.7083891174986758 -0.005905565236099723 0.015021728613457576 0.7056375345587513
0.025610839000000003 -0.7083407752575583 -0.00657373715490541 0.015871419330971904 0.7056615549509269
0.02575681 -0.7085004674984001 -0.006464908732967817 0.016123436737507466 0.7054965111872591
0.025939543000000002 -0.7085332455510684 -0.006474845313520976 0.01625183406769656 0.7054605546850026
0.026114605000000003 -0.7084611754717669 -0.006635851245875547 0.016613606474206667 0.7055230091267932
0.026272861 -0.7086041803277926 -0.0066715263099171845 0.016427917500991016 0.7053833921246332
0.026434337000000002 -0.7083050591955136 -0.0065930145232998725 0.016969319033944375 0.7056716782534636
0.026564745 -0.7083435065100245 -0.006122943133202346 0.016368795480883745 0.7056515066851167
0.026715333 -0.7082097568267658 -0.0068268797067138455 0.017320710030812075 0.7057565635917754
0.026897746 -0.7079554969230284 -0.00722155833545194 0.017896251421677025 0.7059933340030398
0.027078968000000002 -0.7078167424020083 -0.007072099167738641 0.01852576946048382 0.706117724217901
0.027234919000000003 -0.7077691468564417 -0.006697718397272468 0.01846573509089955 0.7061706535632362
0.027380643000000003 -0.7077505891418062 -0.006543586593242805 0.01865431307973796 0.7061857416058795
0.027510992 -0.7078718924205982 -0.007119510735099867 0.019248931011645275 0.7060426156703876
0.027665715 -0.7078125044412534 -0.007087651000268465 0.019350585612118918 0.7060996945165512
0.027822051 -0.7076923616081421 -0.007064819864049705 0.01923826763108313 0.7062234056588141
0.027999605 -0.7078704943322924 -0.0073184701991935615 0.019374839424406348 0.7060385392065917
0.028165612000000003 -0.70765429270142 -0.007554551295187567 0.01982087149713136 0.7062403725567348
0.028308157 -0.7075470004393375 -0.007680714355489702 0.01997992353196188 0.7063420215815723
0.028444601000000003 -0.7073349652686649 -0.007891426692879075 0.020717381673214602 0.7065307936599323
0.028587088 -0.7073350918278458 -0.008178105353719324 0.021371894154050917 0.7065079112097645
0.028727548000000002 -0.7073402601934312 -0.008195021681834752 0.02151084855467123 0.7064983236523503
0.028898661000000003 -0.7074042161518995 -0.008410703325661217 0.022298939316354408 0.7064073133436897
0.029081631 -0.7074239272642019 -0.00884193283235582 0.022632005829145957 0.7063717149419496
0.029246766 -0.707541446093509 -0.008818209009459068 0.02268337010733239 0.7062526502395197
0.029408052 -0.7076402705253427 -0.008726513428039127 0.022601882333106595 0.70615738359746
0.029553313 -0.7076223822165639 -0.00891750983028381 0.02314998527403794 0.706155167357992
0.029700007 -0.7074318873295004 -0.00913161253598866 0.023547225202071673 0.7063301399679872
0.029855498 -0.7072961109882497 -0.008857109503530176 0.02349364194633871 0.7064713807226992
0.030011006000000003 -0.707330955633267 -0.008693919254763366 0.02362957126005445 0.706433987243668
0.030176635 -0.7074015502678571 -0.009029442726194282 0.02364061178701831 0.7063587171664425
0.030334225000000003 -0.7072556803143939 -0.009382091667830167 0.024341396806166232 0.7064763799452074
0.030481386000000003 -0.7072977755877933 -0.008889336485467162 0.023376826262971304 0.7064731844445892
0.030621836000000003 -0.7074153466999107 -0.009189739047876748 0.023511996662009062 0.7063471256844207
0.030784713000000002 -0.707567170808756 -0.008232599309184022 0.02271305119544844 0.7062329930042208
0.030954541000000002 -0.7073923522513231 -0.008636144927432903 0.022876423257003255 0.706398008374952
0.03112213 -0.7070589039593174 -0.009222575451010098 0.02379160712158119 0.7066941416655945
0.031274397 -0.7071353828064832 -0.009674193753018279 0.024372745549927133 0.70659177014222
0.031427898 -0.7070639003425646 -0.009653956212603145 0.024046917653541753 0.7066747396880467
0.031573757 -0.7070488951465006 -0.009830719586506376 0.024467987627932248 0.7066728623669962
0.031715318 -0.707270287730548 -0.010159291783129949 0.02502177099299001 0.7064272360692129
0.031892311 -0.7071551251907402 -0.011153871571539289 0.026312133008124215 0.706480637896041
0.032054867 -0.7070339809740167 -0.011104697938422413 0.027066363527570077 0.7065741627013569
0.032215607 -0.7067333584515769 -0.011272354145361247 0.02763814232503312 0.7068500740415873
0.032387286 -0.706951264778438 -0.011205374992850124 0.02760908133825601 0.7066343378488581
0.032526643 -0.7067288215944046 -0.011080769307426805 0.027525416621015885 0.7068620379672254
0.032681417000000004 -0.7067226033345201 -0.011344790104943901 0.027754057896232025 0.7068551265597823
0.032840965 -0.7065467470844585 -0.011527003219717856 0.028850589384395792 0.7069840633800141
0.033017888 -0.7064926023736868 -0.01197459110292825 0.029580074848257764 0.7070005877869867
0.033173541 -0.7063429998145208 -0.012117936718697523 0.030385788793697688 0.7071134463875582
0.03333398 -0.706280073981304 -0.01217036877705864 0.030119547255569354 0.7071867872732873
0.033483428 -0.7061228030507799 -0.011805363769063978 0.03018933299668418 0.707347032630522
0.033630006000000004 -0.7061462704937022 -0.011742829332869307 0.0309766489224255 0.7072906035348066
0.033771858 -0.706046180874357 -0.011871225671999691 0.031952307092534 0.7073449756273409
0.033946741 -0.7061651638737824 -0.01162028580198188 0.03243493491436758 0.7072083888685816
0.034106865 -0.705950569497662 -0.011880133409184429 0.032418041656115296 0.707419059985868
0.034267338 -0.7059098045577732 -0.012489602590717878 0.03278914089832947 0.7074321380142987
0.034425679 -0.7058504024291159 -0.01296820350664411 0.03304643425939832 0.7074708250318203
0.034577372 -0.7058423283335998 -0.013029971279604351 0.033514002357349415 0.7074557505788238
0.034726316 -0.705935787048751 -0.012558078918311986 0.032838352286048283 0.7074027154576656
0.034900279 -0.7057254797847928 -0.012176283316203098 0.03319952500344301 0.7076023437261024
0.035064421000000005 -0.7054079558576519 -0.012252621739219195 0.033642288876485134 0.7078966629900129
0.035227309000000005 -0.7055602411448366 -0.012430504043263896 0.03406685809344093 0.7077214691278708
0.035375128 -0.7056259148340065 -0.012351915648450174 0.034621165813553026 0.7076304638525643
0.035528497 -0.7056223490184781 -0.012322547559056414 0.034358873606155034 0.7076473155405991
0.03567853 -0.7055738305426088 -0.012435848998369525 0.03471880187604996 0.7076761435214637
0.035839259000000005 -0.7055075917674654 -0.012317124225089689 0.03509225122888782 0.7077258369686554
0.036006296 -0.7053173595092604 -0.012368927217549442 0.03524925150031427 0.7079067186310913
0.03618345 -0.7053205350307408 -0.012192884876885612 0.0351010234280683 0.7079139739944612
0.036328522 -0.7051515671808634 -0.012204419508485168 0.03521937164701503 0.7080762072740636
0.036478764000000004 -0.7050023730212229 -0.011942963016426953 0.0356516464026983 0.7082075824061824
0.03664042 -0.7049958425991626 -0.011856981036468569 0.03516778158316164 0.7082397200504336
0.036791225000000004 -0.7048067780040859 -0.011660528200568046 0.03551242947360766 0.7084139362791115
0.036959918 -0.7048901446542596 -0.011237646483274931 0.03473883494765255 0.7083761801594501
0.03712987 -0.7049906467867333 -0.010867725429290936 0.03451015862228757 0.7082931098345384
0.037292625 -0.7048585550547154 -0.011457962275754041 0.035557976384981836 0.7083634397553781
0.037446323000000004 -0.7047941132593084 -0.01115145578819791 0.03468567698399038 0.708475692427758
0.037594583 -0.7047877692051719 -0.01119326911327604 0.035328365597430744 0.7084495872604976
0.03774901 -0.7049825550814083 -0.010730492264293418 0.03556169206381056 0.7082512404678257
0.037915765000000004 -0.705089020333107 -0.011108183860770834 0.03545069114759724 0.7081449923244337
0.038086025 -0.705198835974117 -0.011106051927877466 0.03597672397094586 0.7080091331922519
0.038232765 -0.7051006069047718 -0.011429796430525923 0.03702470343003946 0.7080477845682428
0.038387719 -0.7049405221038216 -0.01138087258754287 0.03756269664299287 0.7081796240051276
0.038540181 -0.7049081369922643 -0.011451577543290658 0.03792324744773775 0.7081915045218227
0.038691764000000003 -0.704659815659272 -0.011782981789913391 0.0388790574536376 0.7083813411056901
0.038863203000000006 -0.7047878169163764 -0.01196376625301781 0.03883258549160737 0.7082535080939085
0.039041192 -0.7048054421533789 -0.012009287831718127 0.03922328080587989 0.7082136682948006
0.039202092 -0.7048127157778057 -0.01196375882449905 0.039435943128692426 0.7081953900882535
0.039350485000000004 -0.7048457092803168 -0.012141577923319729 0.0400740650833968 0.7081237021187403
0.039515488 -0.7049125848560801 -0.012425784181406874 0.0408608549663232 0.7080072302811727
0.039660581 -0.7047295563699428 -0.01218369819194379 0.04056152576019441 0.708210824899617
0.039829627 -0.7048337056827586 -0.012432822950335463 0.04048366002342064 0.7081072980262976
0.040004513000000005 -0.7048448245883505 -0.012409304838407261 0.040570171751478284 0.7080916914980009
0.040179123000000004 -0.7048702752422138 -0.012172953392048654 0.04028215515535906 0.7080869030434896
0.040335879000000005 -0.7048972501801437 -0.0120612614200115 0.04021706242873053 0.7080656611861881
0.040489265 -0.7048699391302741 -0.011900943147219673 0.04052248547441473 0.7080781486768717
0.040627125 -0.7049427826428989 -0.01191019598597333 0.039813678239327736 0.7080456845827939
0.040772806 -0.7048933587020795 -0.012047455826703435 0.04109318181177829 0.7080194644742396
0.040950864000000003 -0.704846970471484 -0.011789904235050472 0.04099095306347956 0.7080759056360035
0.041116061 -0.7045337707525385 -0.011712443237099059 0.04150486088134707 0.7083588998988062
0.041274623 -0.7043853815725937 -0.011986344996826472 0.04202748669537874 0.7084710665387248
0.04142796 -0.704624606408755 -0.011884872238233342 0.04193285320642071 0.7082404603502659
0.04157269 -0.7042690453217861 -0.012302850252070402 0.04257452400656392 0.7085486303584456
0.041719729000000004 -0.7042441256809749 -0.012482359815717419 0.043364756127509556 0.708522335613544
0.04189918 -0.704039633552071 -0.013065851874935197 0.044176974771134074 0.7086648522416772
0.042079281 -0.7037139888743011 -0.013350556413107107 0.044868677082109586 0.7089394800143249
0.042244891 -0.7037301325224243 -0.013547637674870664 0.04479166023702929 0.7089245864452803
0.042410552000000004 -0.7036780743653568 -0.01365121771320057 0.045982010807542696 0.7088980650238121
0.042563209000000005 -0.704014578283251 -0.013994274771414088 0.0464035008375153 0.7085297092912202
0.042698230000000004 -0.7039804092944097 -0.014030708914374374 0.04685267254240195 0.7085333793214471
0.042883684000000005 -0.7040889652329929 -0.014072389885666364 0.0477285683299796 0.7083662051828908
0.043059449 -0.7037911742068758 -0.014251444927361242 0.048170865369321525 0.7086285678375943
0.043230912 -0.7036509034181134 -0.014595822071691921 0.048689783397612846 0.7087253862319436
0.043380943000000005 -0.7035076806513644 -0.014889029001334906 0.0495883651071369 0.7087991634630619
0.043525374000000006 -0.7032191227142582 -0.015427785970376365 0.049927055753429816 0.7090501660480977
0.043680133 -0.7033821781724773 -0.015307582069168973 0.0503187244485616 0.7088633262698857
0.043842178 -0.7032612100223966 -0.01528266829361211 0.05051121914741044 0.708970187855529
0.044019796 -0.7032774965775 -0.015258273144189378 0.050758407347347836 0.7089369026873281
0.044192737 -0.7032877255755831 -0.015428467151217115 0.050869897625725254 0.7089150802258583
0.044374355000000004 -0.7035855742367243 -0.015072181608175797 0.050909579898175 0.7086242895513393
0.044522572 -0.7033022181478521 -0.015321856243953717 0.05033290581516845 0.7089413440206122
0.044681194 -0.7034814330172326 -0.01495524943992933 0.050829620069048266 0.7087358913148439
0.044854002000000004 -0.7034426244692183 -0.014966260315100397 0.050396316249833234 0.7088051188024007
0.045025132 -0.7034754544403039 -0.015151135855136525 0.05111595177172058 0.7087170715855361
0.045188574 -0.7034533312202308 -0.015092776547928741 0.051423202921751586 0.7087180490805229
0.045339895000000005 -0.7030781379052139 -0.014976020074843515 0.05134143800806287 0.7090986585558592
0.045485564000000006 -0.7031549025030062 -0.014693608155524148 0.051818368812504054 0.7089937500563533
0.045619081000000006 -0.7028605989098923 -0.014918409389623277 0.052279803491955434 0.7092469539646634
0.045783135 -0.7026573657873997 -0.014945211730200194 0.052416224269241335 0.7094376691326787
0.045972095000000004 -0.7024993443623074 -0.015186553464104245 0.05274911826649704 0.7095643524631976
0.046159468 -0.7025296087247639 -0.01575768858221044 0.05269296837921402 0.7095261060728937
0.046328474 -0.7023486502940293 -0.015924845465558862 0.05246144906319721 0.709718654883217
0.046466943000000004 -0.70228032149672 -0.016395886839483752 0.052981333570245245 0.7097369253648343
0.04661523 -0.7022508092853622 -0.016430009457105127 0.053046414154414724 0.7097604762119762
0.046793737 -0.7020202480705717 -0.016332592415299562 0.053076767802572845 0.7099885030361831
0.046975222000000004 -0.7015505517003424 -0.016327310812754736 0.05300399118034296 0.7104581755807464
0.047148772000000005 -0.7013911568802335 -0.01604719181726896 0.05338228663393797 0.7105935998576959
0.04731283 -0.7013806855404483 -0.016249780117040955 0.05347640008931106 0.710592255256449
0.047469041000000003 -0.7012053361182612 -0.01638350233704596 0.05347280879676153 0.7107624892816398
0.047610673000000006 -0.701188504583054 -0.01609010901664839 0.053962820822330525 0.7107487625042407
0.047758046000000005 -0.701025083105045 -0.016287068887517284 0.05416885853622531 0.7108897938566149
0.047937067 -0.7010983709521282 -0.015989089399207037 0.054176057098338455 0.7108237320923756
0.048129092000000005 -0.7011480252098367 -0.015899806861542683 0.054141326508903055 0.7107794029443791
0.048292408 -0.7011141998132776 -0.0159358680269092 0.054192627805052095 0.7108080514611517
0.048458783000000005 -0.7011040426826546 -0.0158628761299952 0.054384072124314384 0.7108050810131425
0.048608877 -0.7009179078052625 -0.015878604073758077 0.05447049151303169 0.7109816608077109
0.048754006 -0.7007470349663992 -0.01582464721121482 0.054063427725756355 0.7111823390024407
0.048942557000000005 -0.7007375427119132 -0.015826941449389634 0.05467010985813636 0.7111452617057406
0.049124433 -0.7008837777917813 -0.015948820811836992 0.05492014950795012 0.7109791433797878
0.049280153 -0.7009624515548197 -0.016085139842601858 0.0548001669202422 0.7109077658121441
0.049444468000000005 -0.7006772139649629 -0.01637260833459513 0.05458707544373157 0.7111987280086486
0.049608305000000005 -0.7004768410842357 -0.0164485237863176 0.05451917836976187 0.7113995363786704
0.049773119000000005 -0.7005797102062706 -0.016454120355488166 0.05444154643374898 0.7113040486265537
0.049958299000000005 -0.7003375218962733 -0.016502029075963685 0.05447415261036421 0.7115388992584633
0.050125417000000005 -0.7004234535543871 -0.016309609536521018 0.05468821960544306 0.7114423244255982
0.050299566000000004 -0.7004075263071448 -0.01597728716798927 0.05513936659155621 0.7114307230074758
0.050458515 -0.7003271774358256 -0.016104371909508457 0.05474057035570511 0.7115377458064341
0.050610805 -0.7005938990825413 -0.0158754035485037 0.054787531225081496 0.7112766596428949
0.050775282000000005 -0.7007152030832432 -0.015913376587860652 0.05528892229230245 0.7111175034305777
0.050953737000000006 -0.700418134770561 -0.016064878154284833 0.055460691255246775 0.7113933285461048
0.051138732000000006 -0.7002307103615542 -0.016051494262879943 0.05549993966664201 0.7115750547169855
0.051313548 -0.7004551903794126 -0.01603671409718704 0.05540822625958335 0.7113615666693502
0.051463486 -0.7001110325501677 -0.01576851183391939 0.05496667061792416 0.7117405153967715
0.051632483 -0.7003317072704935 -0.01570855364553082 0.055224992826563776 0.7115047022341223
0.051797302 -0.700241855361282 -0.015604159495614476 0.055036427664014786 0.7116100377570628
0.051982234 -0.6999923111252795 -0.015671832422470444 0.055135095766223566 0.7118463873960879
0.052152176 -0.7000384126920074 -0.015568521411660789 0.0552867925229442 0.711791551276941
0.052320507 -0.7000724610504078 -0.015207647134614746 0.05533337937775533 0.7117622453278142
0.052480154 -0.7001851293258229 -0.015013100061953302 0.0555077142840169 0.7116419641592774
0.052632899000000004 -0.700417359127545 -0.014957271706978248 0.05581522489246421 0.7113905142227318
0.052785582000000004 -0.7005064018989442 -0.015177449275823068 0.05568138867761553 0.7113086593645593
0.052946847000000005 -0.7006689829039862 -0.015058983431731027 0.05603050846839413 0.7111236077750965
0.053134193 -0.7009487765953997 -0.014723029016458925 0.055902503752646625 0.7108649344848696
0.053298990000000004 -0.700841478627202 -0.014793034229668198 0.056110471730717947 0.7109528837666199
0.053477345 -0.7004869322695301 -0.015026483235355922 0.055663133539052695 0.7113324666327369
0.053646302 -0.7007857487789516 -0.015231803567860495 0.055895110108655645 0.7110155153963487
0.053815076 -0.7006392510655768 -0.015039537089233047 0.05588706824451167 0.7111645996486624
0.053987378 -0.7007964677134725 -0.015144222127339534 0.05621836497681783 0.710981335068517
0.05415198500000001 -0.7009944169610575 -0.015278272450092743 0.05659101450922305 0.7107537258834347
0.054314743000000006 -0.7012350537406485 -0.014968233806132665 0.056795544236025196 0.7105065921840614
0.054485413 -0.7013880507311807 -0.014836789118055183 0.056787422991000515 0.7103589659955185
0.054641775000000004 -0.7013947550890048 -0.014727475771138775 0.05723943410056047 0.7103183414321306
0.054798947 -0.7014786808725567 -0.014626452045541043 0.05751096985217336 0.7102156119999894
0.054981307 -0.70118758634383 -0.014746183365085345 0.057613429881831144 0.7104922318581169
0.055174895 -0.7007527023141289 -0.0150453766715436 0.057612732140321664 0.7109149456408865
0.055337908000000005 -0.7001731535087106 -0.015444064393866176 0.05797446290521915 0.7114478179258945
0.055489781 -0.7006369431532923 -0.015375306266688475 0.05722325377462801 0.7110534249080445
0.055650716 -0.7007802138503273 -0.015547645796372876 0.05744193906359291 0.710890839878173
0.055826484 -0.7011215351597081 -0.01508132055445816 0.056754283633088584 0.7106195170377201
0.056000397 -0.7011291453098203 -0.01527317377521288 0.056643875259548795 0.7106167202898714
0.05616846700000001 -0.7006397506266481 -0.015453851088211163 0.05641772993839103 0.7111133229499854
0.056339903000000004 -0.7007811143839227 -0.015355809507616416 0.05676022788001448 0.7109488767613336
0.056515304 -0.7005566860626405 -0.015462058080178797 0.056901022967765384 0.7111564722043087
0.056677347 -0.7003864621246065 -0.015519875274940668 0.05711165878445275 0.7113059788690909
0.056869457000000005 -0.7008606129225861 -0.015789765030076362 0.05764837036792065 0.7107895257866387
0.057037109 -0.7000630697849357 -0.01613828772521242 0.05779250291550706 0.711555535850401
0.057211044 -0.7000320113929867 -0.016360363832554292 0.058116434783378794 0.7115546370648039
0.057350120000000004 -0.6997267599158221 -0.01661548292432449 0.05846671557671031 0.7118202233391299
0.057508036000000005 -0.6996864995425485 -0.016569500324038894 0.05884049510949698 0.7118300711210339
0.057670391 -0.6992835188542333 -0.01674405154302662 0.05919383854231501 0.7121925908596576
0.05783908200000001 -0.6993704587030922 -0.016665226242326733 0.05913000503869433 0.7121143687862521
0.058023332000000004 -0.6990354754324337 -0.016674085788509835 0.05795956101945099 0.7125391696156086
0.058187967 -0.6987595827926796 -0.016644144230456584 0.05779027419706511 0.7128241733600679
0.058356519 -0.6988200936218066 -0.016958979649538068 0.05787810025199531 0.712750303592272
0.058520999000000004 -0.6988261698549015 -0.016548477906577815 0.0576483807379421 0.7127726119901051
0.058691035 -0.6984235017463271 -0.01642544422669596 0.05792515903422266 0.7131475954816183
0.058868584 -0.6982898188556201 -0.016310260680726673 0.057773108293573794 0.7132934685227469
0.059048179000000006 -0.698122022241638 -0.016486203490030236 0.0575541012851068 0.7134713537213634
0.059230409000000005 -0.6977791668534001 -0.01680403794043945 0.05714070448460671 0.7138324722967384
0.05938954900000001 -0.6975182096536883 -0.017281551294076408 0.056678591733632114 0.7141128989350883
0.059566585000000005 -0.697309542081285 -0.01802154288692357 0.057168981734316886 0.7142592904833823
0.059721654000000006 -0.6974184850794987 -0.017966223401404153 0.05724871188552972 0.7141479233839132
0.059897818000000005 -0.6970795411770503 -0.01814112808664542 0.05678020485853569 0.7145117361389942
0.060070069000000004 -0.6967659412640232 -0.01819766315877985 0.056719194411270046 0.7148209573979737
0.060235697000000005 -0.6964275414773548 -0.01842681681292315 0.05633316802951166 0.715175297443717
0.060400655000000004 -0.696341960565442 -0.018754874538764937 0.05636922836881746 0.7152472570587152
0.060562743 -0.6962392513503485 -0.01856922177966617 0.05643117964882072 0.715347196013968
0.060707356000000004 -0.6961491462518179 -0.01833551790726039 0.05594980597587895 0.7154787167814282
0.060896585 -0.6961647261061495 -0.018118821537137283 0.05586757434668266 0.7154755038212509
0.061090636000000004 -0.6963616654929178 -0.018144844175747615 0.056015931822559685 0.7152715644032118
0.061266204000000005 -0.6961598935554506 -0.017694241145107526 0.056309962091839035 0.7154561514197625
0.061445002000000006 -0.6959999345572949 -0.017501809447661738 0.05621033379657021 0.7156243261214483
0.06161838 -0.6956587810800482 -0.0171877811439822 0.05568570882747965 0.71600456864321
0.061771857000000006 -0.6958398998128902 -0.01702849971056454 0.055422368501943396 0.7158527956889105
0.061968955000000006 -0.6958017526887847 -0.01714492840741454 0.055772624510065406 0.7158598932335706
0.062153636000000005 -0.6959040411791679 -0.01684841116682482 0.05566958841643583 0.7157755188864741
0.062331791000000004 -0.6959735927366452 -0.016748292222144155 0.05513659653388463 0.7157514992254977
0.062498183000000006 -0.6959142210742665 -0.016927416671162602 0.055250174745048244 0.7157962542945299
0.062672644 -0.6955422663689689 -0.017157564923916627 0.05483477514384624 0.716184139097707
0.062846236 -0.6955615544200783 -0.017442299612521306 0.054825330672978866 0.7161592513635149
0.06301896 -0.695413342205538 -0.0176846459251161 0.054950439321289526 0.7162876419424139
0.063187907 -0.6953810283769489 -0.01784122966276628 0.05514329031604687 0.7163003095285226
0.06337408500000001 -0.6955078572680505 -0.01754190860192776 0.05499191166501258 0.7161961962845333
0.06354148600000001 -0.695102224025262 -0.017834129262725314 0.05509163233267051 0.7165750163349938
0.06370031500000001 -0.6948340496846952 -0.017726482465469838 0.05544000403071915 0.7168108684801324
0.063869707 -0.6948399475530989 -0.017690889432728694 0.055616364309106006 0.7167923686371965
0.06405590600000001 -0.6948193808703276 -0.018113591730881833 0.05614540929118791 0.7167605030811244
0.064241105 -0.6946107693095737 -0.017867025136740083 0.05612722066909046 0.716970280884702
0.064401336 -0.6946640160975788 -0.018019315762541177 0.05663420841036852 0.716875006843148
0.06456753400000001 -0.6946384542456376 -0.018066949069178218 0.056376413333348196 0.7169188958691425
0.064734374 -0.6943536493837004 -0.0184784828743565 0.056457521135757305 0.7171778744254488
0.064916502 -0.6944686178705802 -0.018473803001073732 0.05614333123336031 0.7170913357122819
0.065094126 -0.6945785743678604 -0.01827219998680416 0.05676607907507818 0.7169409620067714
0.06527279200000001 -0.6943486599584465 -0.018249938026084232 0.056036727587640035 0.717221558053871
0.065438232 -0.6944521196544953 -0.017929624905913037 0.056634522293213925 0.7170825007924341
0.065606565 -0.6946228752760107 -0.017659955305081406 0.05686119187831442 0.7169058459659035
0.065760438 -0.6945797632361388 -0.017994075667604904 0.056886904678726466 0.7169372677018341
0.065963187 -0.6947070354582539 -0.01825225995890892 0.057395152616208554 0.7167668981944959
0.066144282 -0.6950573373592064 -0.018046964789690836 0.057833202131132064 0.7163971842325105
0.066322438 -0.6953722097559256 -0.017808881962852283 0.058250811996656826 0.7160636679263402
0.066503404 -0.6952272609649098 -0.017569215638296318 0.05774181734661831 0.7162515345900446
0.066674042 -0.6952979759042576 -0.017497611210647974 0.057970335081161325 0.716166180823935
0.06685287200000001 -0.6952137876120498 -0.017497136410674737 0.05783406512986825 0.7162589340748832
0.067029746 -0.6950419035470918 -0.018052531518493533 0.05853465255561454 0.7163550466560574
0.067211912 -0.6949957611394709 -0.01833536766075359 0.059387807308308886 0.7163224096969348
0.067368259 -0.6949757669152764 -0.017840661104738295 0.05905443901241872 0.7163818586792923
0.067532192 -0.6952362526863333 -0.01803473173547378 0.05938183850563744 0.716097129346002
0.067710175 -0.6954130190090382 -0.018401858592082553 0.05949767817028306 0.7159065098778172
0.067909652 -0.695016690535738 -0.01876016329044746 0.0594510871146967 0.7162858538257938
0.068085029 -0.6951340308885275 -0.018816250411302606 0.05976505209936947 0.7161443753662289
0.068259631 -0.6950060071399319 -0.018976644034307828 0.05955451048096182 0.7162819258518093
0.068441785 -0.6949312592017277 -0.019133994639131936 0.06086161746420932 0.7162403917352684
0.06860153100000001 -0.6949443394731272 -0.019197871620068786 0.06064897715369196 0.7162440284775358
0.068781308 -0.6950058041521401 -0.019626334987008907 0.061054165832230924 0.716138344179632
0.06897101700000001 -0.6950962158366796 -0.019853261290856454 0.061470785508257964 0.7160086879882414
0.069154674 -0.6948691561582696 -0.019607063044038163 0.06157027313732669 0.7162272826166818
0.06934053600000001 -0.6946315804469712 -0.01974558519430368 0.061612522927265365 0.7164502608901852
0.069523209 -0.6945569126718799 -0.020332592819280734 0.06197245060975157 0.7164751887500178
0.069695245 -0.6943358861314031 -0.020646533896884183 0.06267745450402439 0.7166191000559919
0.069875583 -0.6944854944215004 -0.020656904844559874 0.06263810792749056 0.7164772555745442
0.070065732 -0.6945837877616812 -0.020567068762182544 0.06298519015960499 0.7163541186324859
0.070238991 -0.6945810200677539 -0.02051054396463791 0.06282932924537808 0.7163721096849657
0.070427749 -0.6947792994180654 -0.021018155375344547 0.06398605288673946 0.7160626699393952
0.070596042 -0.6947934052231552 -0.021377977570584503 0.06477311685838812 0.7159675617413496
0.070770287 -0.6947251801912557 -0.02202388253709208 0.06500662974568025 0.7159930241945988
0.070954641 -0.6943865561333781 -0.022491668821118704 0.06517167512852114 0.7162919015707284
0.071124221 -0.6944734405286486 -0.021687938700392276 0.06463952100609274 0.716280675461325
0.07129673 -0.6943241818706858 -0.021636890741174943 0.06449533882570155 0.7164398974780891
0.071469742 -0.6942043470728695 -0.021974278957013156 0.06570337395425584 0.7164359861288914
0.07164820200000001 -0.6939166296351995 -0.022029791555974534 0.0657887892433937 0.7167051238896047
0.071841604 -0.6938293377989895 -0.022144892116924646 0.06535874131286903 0.7168254241421287
0.072023584 -0.6938823600327839 -0.02193001394646391 0.06563153775246047 0.7167557786135308
0.072196887 -0.6938338147595974 -0.021514298104890174 0.06481300606276513 0.7168898428059266
0.072380753 -0.693843759802972 -0.021741247436051384 0.06560792793167436 0.7168010567339531
0.07255602300000001 -0.6935636035941544 -0.0216619220856583 0.06513845687482354 0.7171173337306886
0.072757219 -0.693261917951417 -0.021857062596747856 0.06526411593809123 0.7173916483370737
0.072959577 -0.6931789569653005 -0.021864869560707 0.06546756071790803 0.7174530365070859
0.073136693 -0.6931230054069825 -0.021808577137668858 0.066138968273377 0.7174472260832538
0.073315816 -0.693090491987902 -0.021979614363254255 0.06748749920685297 0.7173478263152508
0.073486303 -0.6930898810447987 -0.02186148702479459 0.0682696326995245 0.7172780140429812
0.073666148 -0.6928840169576924 -0.021544477575507925 0.06849262384077998 0.7174652151916326
0.07383703 -0.692779141079069 -0.021304491102410457 0.06735208038471693 0.7176815990482583
0.074021284 -0.6928619085498109 -0.0213852534846138 0.06718692652064845 0.7176147737601427
0.07421673200000001 -0.6927658783807892 -0.021643679167376938 0.06741385200988564 0.7176784526935319
0.074391751 -0.692575995214127 -0.02127421167903955 0.06607891496829497 0.7179968494131498
0.074573229 -0.6923928570151183 -0.021254133696658753 0.0649908296053349 0.71827333614889
0.074733321 -0.6920006953002112 -0.021191049258020792 0.06467126443305303 0.7186818522072184
0.074931327 -0.6919838871712718 -0.02120496603202659 0.06442107779385282 0.7187200943669204
0.07512196 -0.6920442466845301 -0.020891071599218356 0.06462288631414265 0.7186530500336769
0.07532303 -0.6919899033593722 -0.020449112901601927 0.06253675835854038 0.7189026090397985
0.07550908 -0.692155030393366 -0.02051333041564558 0.06232762262253841 0.7187599631550433
0.075671396 -0.6921744840763202 -0.02042631305270692 0.062381429169786465 0.7187390393066786
0.075845376 -0.6921677543320703 -0.020456140196908848 0.06273078085439722 0.7187142654244039
0.07601780400000001 -0.6921664963499998 -0.020657856445745974 0.06406971896299662 0.7185915845663897
0.076198429 -0.6923143271016925 -0.02066805908213685 0.06377304235455276 0.7184752625472586
0.076377339 -0.6922778060467929 -0.021119770757962262 0.06459014962700417 0.7184243224650255
0.076554761 -0.6923948721864265 -0.020986149155409042 0.0635818600159654 0.7184053657862524
0.076722097 -0.6924151697142658 -0.02081212162009753 0.0631419742745399 0.7184296621298064
0.076923005 -0.6924487436488691 -0.02070639642197252 0.0625602268586929 0.7184512513606665
0.077104607 -0.6923524027243354 -0.02057499301078824 0.062044312800715526 0.7185925990111033
0.077282218 -0.6922953136815292 -0.020804353431737935 0.06343673940817085 0.7185194204933782
0.077448898 -0.6920761163868681 -0.021127007589555973 0.06398971658862451 0.7186721191531561
0.077614869 -0.6919450694743274 -0.020921706859174168 0.0637720582325942 0.7188236415151115
0.07777834700000001 -0.6920264000556042 -0.021307117986224682 0.06516082058208823 0.718609445951186
0.07798956900000001 -0.6918732502150626 -0.021037342250395486 0.06468989329780687 0.7188073828036292
0.07817378800000001 -0.6918223703649039 -0.021045104814339147 0.06507763661665227 0.7188211270117414
0.078352879 -0.691713095159768 -0.021401645184765693 0.06613856036287658 0.7188189301910496
0.078530548 -0.6918634510746607 -0.02107620589408235 0.0651845688598844 0.7187709861942965
0.078685902 -0.6917115626489192 -0.02136060775743951 0.06497355511777854 0.7189278654144517
0.07887645600000001 -0.6919753876270475 -0.021366791110701007 0.06534609488003129 0.7186399731715171
0.07906305300000001 -0.69157321335995 -0.02204345763166664 0.0663047761135065 0.7189188084917318
0.079236625 -0.6913753551563557 -0.021788703755438878 0.06599263234958523 0.7191455646436631
0.07939552100000001 -0.6911920034372382 -0.021811749674099882 0.06650303866146952 0.7192740839272345
0.079562165 -0.6907972244173969 -0.021828254494287026 0.06727335978571544 0.7195811400433553
0.07971207100000001 -0.6906837377693088 -0.021472100674818227 0.06674502880435068 0.7197499735349308
0.079892187 -0.6907989036640003 -0.02184083587332672 0.06727658520722728 0.7195788446499968
0.080091255 -0.6910145309435917 -0.02222341079813942 0.06833185701941506 0.7192605893232183
0.080264665 -0.6910212874913534 -0.022588740838894488 0.0703247975512638 0.7190505906196581
0.08044378 -0.6908365298278386 -0.02280083148733454 0.0711212621271042 0.7191430853539258
0.080599851 -0.690779146364932 -0.023571232223462073 0.07224523644138545 0.7190613282400409
0.080758095 -0.6904214885212792 -0.023773032715380255 0.0727860873991682 0.7193435872965682
0.08095605 -0.690543918460923 -0.024200360143813805 0.07251071298032787 0.7192396233166165
0.081141506 -0.6905792328860982 -0.024169460638247774 0.07235097015746014 0.7192228426546106
0.081339037 -0.6906017894241795 -0.024299005448594674 0.072214536478421 0.7192105307206905
0.081504481 -0.690425727145323 -0.024481717781537102 0.07313191587851475 0.7192806709972505
0.081677804 -0.6904322382393547 -0.024499644989996214 0.0735489412824957 0.7192312875781914
0.081840018 -0.6903216974836224 -0.0248238818347283 0.074242136141762 0.7192550549666604
0.08202345800000001 -0.6900090018085043 -0.025087184461086764 0.07504482007731583 0.7194626366800504
0.082189782 -0.6899604682491732 -0.02501527287137569 0.07541887060778658 0.7194725723283676
0.08236062400000001 -0.6897804705709752 -0.02524954837874342 0.07642388125614245 0.7195309257421117
0.082535219 -0.6896280927507669 -0.025252848918193446 0.07600625519937541 0.7197210824208375
0.082705024 -0.689611258581097 -0.024860265794389654 0.07576921738804308 0.7197758713094177
0.08290407000000001 -0.6898651578929695 -0.024559512491990163 0.07574540957002182 0.7195453614613423
0.083093595 -0.6897675054171017 -0.02500515070799053 0.07616748319225448 0.7195790751633185
0.08325778 -0.6898142974842216 -0.025156057090548904 0.07704557508435547 0.7194354641925347
0.083419592 -0.6896383588799759 -0.025491416976984795 0.07774686325754922 0.7195168843574493
0.083584271 -0.68945387332985 -0.02586338793939082 0.07880567094849256 0.7195652214644076
0.083738673 -0.6893352836913511 -0.025714087856682884 0.07798487355745831 0.7197735837331701
0.083938913 -0.6895179866787252 -0.025859297192368555 0.0782056024450669 0.719569403561212
0.084127056 -0.6892546081640617 -0.02615556966562413 0.07873603503379478 0.7197531577473139
0.08431123500000001 -0.689463953043178 -0.026511487487456117 0.0795307880776488 0.7194521889834136
0.084493569 -0.6893885809146163 -0.02669791354335944 0.07947916195531354 0.7195232232053695
0.084659173 -0.6893100100922755 -0.026479637167776942 0.07925858427769564 0.7196308884562596
0.08483744 -0.6891793031807464 -0.026242894199506095 0.07834125154069296 0.7198651588168249
0.085025825 -0.6887387080013504 -0.02685238067529081 0.07913308024305482 0.720177684577873
0.08521698500000001 -0.6887841249371027 -0.026818860495203545 0.07948095398879658 0.7200971850447685
0.085400523 -0.6887862712888345 -0.027163099477676266 0.07952008988491543 0.7200779081568085
0.08557605800000001 -0.6887539376093215 -0.02715514702777557 0.07981402848599324 0.7200766155586446
0.085741326 -0.688686775762117 -0.02693532386896003 0.07925486311910772 0.7202108579370528
0.08593882200000001 -0.6885577904404684 -0.027102687226108514 0.0798582233159368 0.7202612565851964
0.08613037700000001 -0.6885683749115886 -0.02735635255484691 0.08015103868193182 0.720209021079795
0.086304984 -0.6887569156158666 -0.027224733710630458 0.07993947581250317 0.7200572236097112
0.08647466100000001 -0.6888081399836948 -0.027614205908661506 0.0804494945985375 0.7199365810563294
0.086636457 -0.6887450845743778 -0.028021832777576177 0.08101248523130004 0.7199180249160786
0.086810206 -0.6885681166496946 -0.028647098181835192 0.08174391873760747 0.719980016562038
0.08701191400000001 -0.6886213093576261 -0.028668935683716718 0.08202867777918323 0.7198958816711974
0.08720567300000001 -0.6884719752231712 -0.02953556967631503 0.08265577507995661 0.7199319497717355
0.08739081600000001 -0.6884186574526016 -0.0296084099218908 0.08285545415699445 0.7199569902775398
0.087562265 -0.6882343543009684 -0.02951279058112366 0.0819389053108167 0.720241962501845
0.087714627 -0.6880577496855388 -0.029699627997692032 0.08268231713170361 0.7203180544927386
0.087905776 -0.6880573287723791 -0.030104041489599397 0.08320103309529824 0.7202419365050095
0.088080479 -0.6881994712813588 -0.030543991995866583 0.08366715514416881 0.7200335821550939
0.088270398 -0.688058351865339 -0.030135463691135154 0.08292816511737076 0.720271114016618
0.088443961 -0.688036070942231 -0.030155030830303263 0.08254567793921502 0.7203355122799074
0.088607208 -0.687848992914039 -0.02985455396991711 0.08111973667963471 0.7206885991018774
0.08877821600000001 -0.6878890608701137 -0.029731762234409632 0.0808350229731182 0.7206874227503941
0.088970927 -0.6877712859982583 -0.029593751763614277 0.07980472723644544 0.7209202962350084
0.08915982500000001 -0.6877988112973895 -0.02917446941883034 0.0791418265612959 0.7209842001046691
0.089325477 -0.6877909996409562 -0.029385628150425648 0.08005957446976902 0.7208817449532335
0.08950184600000001 -0.6877601692108144 -0.029152445119762387 0.07969859327834648 0.7209606222395951
0.089655276 -0.6876391150734814 -0.02920238811593255 0.07959391319883334 0.7210856238554355
0.08984525 -0.6877640141748335 -0.02900258430946669 0.07892869629965753 0.7210476903852675
0.090014382 -0.6880163412875839 -0.028746963140869868 0.07775110629618992 0.7209451377886829
0.090191082 -0.6880636496822524 -0.028820264482332277 0.07773740573538039 0.7208985380000712
0.09037173000000001 -0.6881877301014521 -0.02851779604953673 0.07710356274672722 0.7208601973046157
0.09055893000000001 -0.6880224913251772 -0.028831227451893 0.0770881683195691 0.7210070915458789
0.090717584 -0.688017182583129 -0.028854558824353616 0.07661787991713495 0.7210613506369821
0.09090012600000001 -0.6879580806793548 -0.029388828197082266 0.07693200724497283 0.7210627172905558
0.09108761500000001 -0.6879248479619069 -0.02911599475370866 0.07702870627466303 0.7210951676552416
0.091273039 -0.6878293349725467 -0.028427108826415887 0.0760894511153268 0.721313455346539
0.091447573 -0.687653065789623 -0.02874662848988839 0.07677393585871488 0.7213963232740784
0.09160655300000001 -0.6877049759079236 -0.02869843595105306 0.07718203433138886 0.7213052054864946
0.09178315000000001 -0.6874951878661242 -0.029331318994190295 0.07827178789378153 0.7213622998236703
0.091991316 -0.6871887195172139 -0.029875208840872813 0.08002874501476287 0.7214392113243971
0.09217805600000001 -0.6873720720123204 -0.02951610683149659 0.07931669693381603 0.7213579525052111
0.092348836 -0.6874166298329375 -0.02871619289668264 0.07826169874716897 0.7214630023804784
0.09252188900000001 -0.6872175085678992 -0.02943940178767582 0.0793099090534647 0.7215090823170867
0.092683729 -0.6870863775049381 -0.029791646280059588 0.07969959036434189 0.7215765676314759
0.092857118 -0.6870215856290964 -0.03040723161151643 0.0811873066944232 0.7214467148564138
0.09301701000000001 -0.6869152323595104 -0.030783515902864128 0.08178403074142461 0.7214646290822746
0.093192324 -0.6868199690558665 -0.030450804306957294 0.08108915153682662 0.7216478560393538
0.093388233 -0.6866598289165988 -0.030269090347755802 0.08122630931730526 0.7217924550703175
0.09356707800000001 -0.6868408792452408 -0.030097793207574212 0.08068317564594531 0.7216882669195506
0.093745781 -0.6868637376190027 -0.030060673350287097 0.08114823517098195 0.7216159129276575
0.093944228 -0.686911885293206 -0.02993969989749224 0.08116628951979746 0.721573079915382
0.094114415 -0.6869215335580613 -0.029613106447149408 0.08081452043877699 0.7216168539793412
0.094290365 -0.6870672795943533 -0.029827518021758988 0.08137243084083874 0.7214065427888282
0.094451562 -0.6870991773997248 -0.029645961090540976 0.0809385655468743 0.7214324542289834
0.094609249 -0.6868891495063773 -0.030198232147658294 0.08182436713052972 0.7215096229498609
0.094811795 -0.6868019618613536 -0.030217149076018423 0.08237117896116203 0.7215296098994566
0.09499082900000001 -0.6865860548559634 -0.0307639591668493 0.08383960529720387 0.721542852973622
0.09519635400000001 -0.6866995313646919 -0.030248346490709756 0.08209371493834124 0.7216574070330832
0.095385618 -0.6867306343970644 -0.030067814912130123 0.08204691632192752 0.7216406763820055
0.09555126200000001 -0.6865860813340231 -0.03071494072259833 0.08350259445424539 0.721583995148318
0.09571842700000001 -0.6866767688885176 -0.030148862118325806 0.08237419197431357 0.7216512687429952
0.09590879000000001 -0.686425061298141 -0.030332972960696602 0.08280583987567275 0.721833594989658
0.09610876900000001 -0.6864501242741384 -0.03126276813358219 0.08445171603791886 0.7215793607572882
0.096288204 -0.6861321956162082 -0.03238724656138746 0.08691659505708181 0.7215394527693803
0.09646616000000001 -0.6860609813489414 -0.032247071974060446 0.0862249658126273 0.721696412274745
0.09663199600000001 -0.6860811166718697 -0.032941917262061894 0.08735620761875622 0.721509822818684
0.096818781 -0.6859141933676093 -0.033013022309247936 0.08787647921718289 0.7216020954066467
0.096993782 -0.6861822688788505 -0.03267489632668826 0.08719650078951831 0.7214450881920098
0.097177593 -0.6863154620351518 -0.03215577006366086 0.08648944572801501 0.7214268284453731
0.097357734 -0.686405893112109 -0.03293610251316965 0.08789104755417744 0.7211361361158095
0.097515352 -0.6862246292852541 -0.034091138777677735 0.09047812203673618 0.720934991418687
0.097674703 -0.6862555604309231 -0.0344307689934691 0.09100447552695158 0.7208231498489922
0.097878487 -0.6862293881335092 -0.034104144762405 0.09090275279157489 0.7208764274872972
0.098086406 -0.6862740423096323 -0.034274126000163406 0.09123066468694402 0.7207844261356514
0.09829164100000001 -0.6862372991121811 -0.034207372963652276 0.09209794985254773 0.7207122814099273
0.098465644 -0.6862765958075402 -0.0347575042837072 0.09237161991003817 0.7206135120700816
0.098629406 -0.6863043471984284 -0.03415315329209517 0.09062103294906862 0.7208382159153256
0.098806609 -0.6863379101489121 -0.033621549120894406 0.09004137797266254 0.7209038873386099
0.09898768200000001 -0.6860392675441048 -0.03468147177524386 0.0908222159805791 0.7210399739178323
0.099199537 -0.6860240266160671 -0.03331975788907706 0.08916653535330354 0.7213252786453412
0.099373025 -0.6860004484301108 -0.03338480112340748 0.08888433126660375 0.7213795224865523
0.099546191 -0.6859328000324785 -0.03309219766858502 0.08830441254176298 0.7215285379101242
0.099709902 -0.6861803574112115 -0.032823617855321736 0.08766105475996631 0.7213838553033192
0.099890379 -0.6862362513326088 -0.03302170711566586 0.08734634940015505 0.7213598196895928
0.10009029200000001 -0.6861661641298291 -0.03323357762635682 0.08786781298708723 0.7213534306859403
0.10026604600000001 -0.6863036386006247 -0.032516612347291945 0.0868745168100076 0.721375633005459
0.1004363 -0.6861843690241537 -0.03255377179355789 0.08648826209878667 0.7215338135999371
0.100618921 -0.6862740241866755 -0.032621185437736136 0.08750176732860693 0.7213232719811787
0.100794985 -0.6862490290564333 -0.03189568449368929 0.08667974323727405 0.7214787297918781
0.10097966300000001 -0.6863010549368136 -0.03272554381698144 0.0883714442210811 0.7211867917681105
0.101165798 -0.6864188816941948 -0.031285431787155 0.08620603807813568 0.7214006235168176
0.101347634 -0.6864722941943427 -0.0316118944823889 0.08598862110398432 0.721361514409679
0.10151014400000001 -0.6864956612714641 -0.031087341088194314 0.08476090809482671 0.7215073615275606
0.10168594900000001 -0.6864746939469349 -0.031513776897516305 0.08594466926179763 0.7213687616341561
0.101875879 -0.6865053479641091 -0.03077242983135495 0.08463376231551384 0.7215265698886445
0.10207648400000001 -0.686570449381371 -0.030486378634105873 0.084547152513905 0.7214869214031747
0.102248613 -0.6865268604782435 -0.031137261248371368 0.08515815946266365 0.7214287412355904
0.10242150000000001 -0.6865442969141747 -0.03220594738662295 0.086437924115873 0.7212129994683195
0.10258557300000001 -0.686619417072073 -0.03242215831244976 0.08783888917043925 0.7209624881360143
0.10275158200000001 -0.6864136725443444 -0.032602710781102585 0.08775237368732605 0.721160768695961
0.10298046300000001 -0.6865046882659723 -0.03292976276736728 0.08874179068033958 0.7209381653788152
0.103175784 -0.6863985568144662 -0.034092229835534976 0.09064996001068067 0.7207477546395279
0.10333982000000001 -0.6862471292437524 -0.03437113321281774 0.09096948865442105 0.7208384388615305
0.10352514900000001 -0.6861622380607216 -0.035217297536766654 0.09224269899724352 0.7207165944359909
0.10368598300000001 -0.6859557066400076 -0.03601979026956532 0.09347708194273464 0.720714491590405
0.103871351 -0.6858328652096551 -0.03586259341548308 0.09330270029080442 0.7208618185965153
0.104071935 -0.6857018840761065 -0.036432707666207376 0.09353989723299294 0.7209270917452248
0.104266152 -0.685861096989531 -0.0351534811747529 0.09158630239281229 0.721089964991627
0.104425321 -0.6859959591199934 -0.03471758539661443 0.09144271798755758 0.7210010143282166
0.104606798 -0.6858055555487583 -0.03453716165244487 0.09034379079230002 0.7213292756492898
0.104780993 -0.6857284848390329 -0.03455539158397173 0.09031917464647121 0.721404752329802
0.104975915 -0.685632342330293 -0.0354044354699964 0.09188706220804038 0.7212569479031052
0.10515896400000001 -0.6857524565109305 -0.03527684193619166 0.09144516936113785 0.7212051676275941
0.10535208800000001 -0.6857617599509702 -0.035428867100041485 0.09179509659562086 0.7211444128646884
0.10551913 -0.6856041615078311 -0.0356649251972208 0.09261750568040344 0.7211774708595388
0.105667227 -0.685546904588102 -0.03609571593448002 0.09276404023334113 0.7211916345469047
0.10584370500000001 -0.6855673699879549 -0.03649123924443361 0.09352779928168911 0.7210536189686092
0.10603873500000001 -0.6855591643544487 -0.036738056321423164 0.09332480712718645 0.7210751887022789
0.10623515400000001 -0.6853729057704032 -0.03679330358132491 0.0928783817015125 0.7213070352214198
0.106424402 -0.685245995332178 -0.03683853098635616 0.09336488496122287 0.7213624933222947
0.106604324 -0.6852695547736631 -0.037675633994531804 0.09521853427235888 0.7210545157160027
0.106782494 -0.6852744202146666 -0.03728436810945002 0.09453558820900605 0.7211600844861763
0.106973828 -0.6852485960920053 -0.03795458453231043 0.09536222573778272 0.7210408150508899
0.107168073 -0.6852781166274278 -0.038312634467654386 0.09546428419632765 0.720980315511177
0.107352688 -0.6851866447062573 -0.037818386131703755 0.09473641092973945 0.7211893260654417
0.107520082 -0.6849922977694828 -0.0378926647727279 0.09551676040191391 0.7212671117105155
0.107696251 -0.6850148715653915 -0.03766121513963571 0.09511914033640503 0.7213103408035404
0.10788583700000001 -0.6851534344451058 -0.03766096059526805 0.09630103286950654 0.7210218681727927
0.108077686 -0.6853927827362473 -0.03774733905499455 0.09731108698427528 0.7206541640185461
0.108265989 -0.6851954437442004 -0.038366470806371455 0.09834110549938178 0.7206693033279631
0.108448788 -0.6853309139084522 -0.0380536796483869 0.09837293678997874 0.7205527192467867
0.108629394 -0.685687781844267 -0.037760235441183176 0.09869719939966555 0.7201842078798854
0.10879334500000001 -0.6857080367769905 -0.037411125871131226 0.09782275123704133 0.720302440160323
0.109001596 -0.6859056509599031 -0.03698182995704037 0.0969885776193765 0.7202492610518044
0.10917781500000001 -0.6857949915063899 -0.037500307805067114 0.09808097511716812 0.7201798934011844
0.109342087 -0.6859543567774877 -0.03658325210643648 0.09688376642887693 0.7202373371923
0.10952105100000001 -0.6862088116218502 -0.036031204824770714 0.09654554511299272 0.7200681751405477
0.109697476 -0.6862308347804095 -0.03653057899631717 0.09800146020527971 0.7198253065795959
0.109893955 -0.6861622926455131 -0.03727355402316984 0.0995848759219232 0.7196352150982818
0.11007536000000001 -0.6864131017653811 -0.03681298967638523 0.09793678056323503 0.7196459160787504
0.11026783300000001 -0.6862043298604346 -0.036821588366069684 0.09766795716800851 0.719881072437399
0.110454668 -0.6860229220919292 -0.03664290056387753 0.09691543335612011 0.7201647360015014
0.11063924600000001 -0.6858977437645124 -0.036825995613864 0.09758266953809432 0.7201845275702735
0.110812639 -0.6860372205788449 -0.03641187320459518 0.09725098624786778 0.7201175967465334
0.11101292900000001 -0.6859877813796481 -0.03575332657757972 0.09567275272458953 0.7204090420188829
0.11121550000000001 -0.6859483227229807 -0.03501960751497207 0.09403355341195532 0.7206984226954766
0.111399733 -0.6858304369785514 -0.03436845222682708 0.09226775563319434 0.7210700953969418
0.11158691100000001 -0.6856915152022287 -0.03487422527989992 0.09235380958131513 0.7211669073429652
0.11174732700000001 -0.6857464320226169 -0.03476462870708601 0.09230254112502212 0.7211265439997149
0.11195411300000001 -0.6857031850694258 -0.03553733260038892 0.09350848509224438 0.7209746203529274
0.112157265 -0.6854081485875924 -0.035078517598634895 0.09267495717397542 0.7213851396900363
