0 -0.7067529998956005 0.00035399999994770805 0.0003529999999478558 0.7074602089259648
0.0008119140000000001 -0.7067556277737314 0.00016609645717634075 0.0005517471397185205 0.7074575256488689
0.001107436 -0.7067732271325373 -1.7349227513087576e-05 0.000763687773890213 0.7074397655550946
0.001353952 -0.7067834689039044 -0.0002161953485804373 0.0009598907108230105 0.7074292614484916
0.001538405 -0.7067932122325187 -0.00038907208244553203 0.0011701105088498859 0.707419136443417
0.001734436 -0.7068035217228892 -0.0005653737630713481 0.0013345019120936908 0.707408425972773
0.0019133770000000002 -0.7068156534421877 -0.0008226083766487583 0.0015559761180398892 0.7073955995783917
0.00208733 -0.7068279823652774 -0.0010513702722240836 0.001727449365580938 0.7073825795739327
0.0022359890000000003 -0.706825395512482 -0.0013091440115109985 0.001950268877946583 0.7073841550755038
0.002377506 -0.7067969491693836 -0.0015196358255333215 0.0021906773180717736 0.7074114533174437
0.0025128050000000003 -0.7068007715277561 -0.0017275208079565907 0.0023814902844964225 0.7074065405010415
0.002667276 -0.7068107383929721 -0.0019944729323265976 0.00261599897644185 0.7073950513817998
0.002811769 -0.706783048137772 -0.002192521544017958 0.0027879150502258597 0.7074214749666791
0.002982081 -0.7068253104712835 -0.0023985235076175023 0.0030150759064651008 0.7073776479925242
0.0031317750000000003 -0.7068758928626065 -0.002699172480982231 0.0032739511018377047 0.7073248672298985
0.003291618 -0.7067829984075478 -0.002957916876455088 0.003582489707365609 0.7074151607488244
0.0034424480000000003 -0.7068110278474159 -0.003218754116116436 0.003967248057606842 0.7073839632604553
0.0035821100000000003 -0.7068468457844005 -0.0034486789251760575 0.00424122270153964 0.7073454992069371
0.0037184590000000003 -0.7068376413561214 -0.003610209537059562 0.004476831698271065 0.7073524391186894
0.003879477 -0.7068192030311704 -0.003893150204357734 0.0047262358859447955 0.7073677405015145
0.004030257000000001 -0.706761608226811 -0.00411283889390981 0.005003950066142136 0.7074221329422908
0.004189202 -0.7067796436667185 -0.00427369316676238 0.005261713438121076 0.7074012900870044
0.004343889 -0.7068093073848337 -0.0045007654775146965 0.005548448167127675 0.707368051884749
0.004484364 -0.7068336755909126 -0.0046385102688010936 0.005671435606534287 0.7073418368026084
0.0046304530000000005 -0.7068307562178624 -0.004845930837105107 0.005866122627739836 0.7073417756814053
0.0047888720000000004 -0.7068389671372157 -0.0049795658392533275 0.006099321794765491 0.707330670008088
0.00497091 -0.7068076681956295 -0.0051285802217074785 0.006229471280311428 0.7073597468985173
0.005137509 -0.7067856924401807 -0.005368959847767278 0.0064582729009758835 0.7073778692771948
0.005274089 -0.7068020191153582 -0.005547931643750439 0.006795315905169084 0.7073570172908998
0.005422473000000001 -0.7068606893421691 -0.005885422921636622 0.007115767783822352 0.7072925091562854
0.005572906000000001 -0.7068570622640526 -0.006065168029308147 0.007236050284856281 0.7072933951624917
0.0057091730000000005 -0.7069034682783096 -0.006385847219142986 0.0075835769946848985 0.7072405509099126
0.0058913820000000006 -0.7069586457716611 -0.006682042497948904 0.0077371816862245296 0.7071809948636271
0.006052653000000001 -0.7069843709634627 -0.006882574862671201 0.008145103995833106 0.7071487726479868
0.006193141 -0.7069692220104234 -0.007232006709360257 0.008434655743057221 0.7071570361605892
0.006345535 -0.7069598433910586 -0.007435337162229922 0.008468671207736195 0.7071638969869358
0.006501304 -0.7069555618907784 -0.0075650943936495995 0.008794674650072335 0.7071628218142613
0.006642671 -0.7069352047112041 -0.007800114488590845 0.009041266893473447 0.7071775095736955
0.006791040000000001 -0.7069099547921576 -0.008112388667168567 0.009239670732770756 0.7071966723978649
0.006950607 -0.7069227893027524 -0.008299173619752282 0.00952545142885905 0.7071778838854635
0.0071113850000000004 -0.7069872717751736 -0.008407970004185581 0.009795573372519729 0.7071084431193064
0.007252740000000001 -0.7070308672166289 -0.008715298421305407 0.010189026741079837 0.7070555707371233
0.007396482 -0.7071278454361787 -0.008856150563760873 0.01047409647143146 0.7069526661022556
0.007538896000000001 -0.7070673641799632 -0.008785166565831892 0.010688964231669583 0.7070108269352487
0.007670357000000001 -0.7070633674400714 -0.009000356134642023 0.010841169258688523 0.7070097998350952
0.007837687000000001 -0.7071165483122787 -0.009229297076679903 0.011068312575956961 0.7069501394264807
0.008014323 -0.7071926248712286 -0.00940762824528138 0.011333710049855825 0.7068674804198071
0.008162945000000001 -0.7071718682282118 -0.009559943052491998 0.011669613030705153 0.7068807370463335
0.00831027 -0.7071936900478757 -0.009852688981218369 0.011892844353414736 0.706851165047844
0.008474474000000001 -0.7072380664503894 -0.010426619650779078 0.012166330079847382 0.706793876160908
0.008634332 -0.7072341268570368 -0.010630740894822471 0.012328321315535164 0.7067919705615884
0.008770539 -0.7072487349739195 -0.010858260185424464 0.012479014803541336 0.7067712495942867
0.00893477 -0.7072383571386603 -0.011106377303335743 0.012744762949102314 0.7067730368317515
0.00910297 -0.7072078888618394 -0.011586466776897914 0.013018834173029483 0.7067908217259076
0.009277073 -0.7072326413004454 -0.01178386009611558 0.013198812008948313 0.706759452064126
0.00944785 -0.7072551641058945 -0.01210731319309517 0.013576996504388742 0.7067242821487802
0.009610214 -0.7073988977123487 -0.01243948955552521 0.013455781795217257 0.7065769601050066
0.009769603 -0.7072829671401794 -0.012391866086533605 0.013827137832515178 0.7066866747771875
0.009921175 -0.7072788580723299 -0.012585077111697379 0.014216526476912034 0.7066796467515711
0.01009428 -0.707248698607056 -0.012837158377034487 0.014331887609812645 0.7067029663734041
0.010248041000000001 -0.7072574835429722 -0.013058377821757042 0.014426978444425644 0.706688186567521
0.010411100000000001 -0.7073691487107432 -0.013420693751548137 0.01451241883319278 0.7065678751054821
0.010554597 -0.7072707850251019 -0.013658730780245995 0.014844902132466076 0.7066548695113669
0.010711724 -0.7073254356539606 -0.013826392409173546 0.015014677686735239 0.7065933189634942
0.010874328 -0.7074243041520221 -0.014122614165834138 0.015245052734672544 0.706483541231689
0.01104269 -0.7073926970450568 -0.014267830193831823 0.015444462056760628 0.7065079403521648
0.011215826 -0.7074438362309851 -0.014424971263042938 0.01559432557836243 0.7064502500478036
0.011369738 -0.7075135597878071 -0.01461321265859191 0.01575220600502025 0.7063730492722353
0.011517237000000001 -0.7073870715261124 -0.014824406434407213 0.016055262865247298 0.7064884971079902
0.011661505 -0.7073678243893957 -0.014968045964544888 0.016148971361476888 0.7065026039177654
0.011833910000000001 -0.7074186468121336 -0.01516086718213276 0.01630435411895865 0.7064440347865778
0.0120081 -0.707675725632195 -0.015295157807930867 0.016451868124186423 0.706180190556066
0.012167805 -0.7075986012222025 -0.015268537691747413 0.016698590394511045 0.706252255489478
0.012318448000000001 -0.7076216553644888 -0.015565419163728876 0.017067812544891654 0.7062138488874393
0.012488810000000001 -0.7077279609057535 -0.015905099690998008 0.01723340258002096 0.7060957236745732
0.012638566 -0.7077191701889973 -0.016050625851695286 0.017545800675862276 0.706093547934981
0.012787986000000001 -0.7078885923777418 -0.01630973571954168 0.017824930446060722 0.7059107628849497
0.012956619 -0.7080938998496529 -0.01656692141964741 0.017845980063514462 0.7056982975081902
0.013114013 -0.7082546593218357 -0.01653683829707672 0.017873552357637695 0.7055369633507278
0.013281586000000001 -0.7081316120732708 -0.016791189063416572 0.018188135185876118 0.7056464183221001
0.013441452000000001 -0.7082840174261896 -0.016925267032165316 0.018608079073820068 0.7054792877099157
0.013612141000000001 -0.7082755570697071 -0.017032229701590906 0.01870186523525798 0.7054827273900552
0.013774621 -0.7083286847456914 -0.017202551300561808 0.018995068876257244 0.7054174182380082
0.013984332 -0.7084609029947326 -0.01751510693150014 0.018991240513465395 0.7052770397090965
0.014146009000000001 -0.7085663034276218 -0.017742874980341897 0.018943740185362278 0.705166731165146
0.014298044000000001 -0.7087036330872094 -0.01795261642099223 0.01924974723551802 0.7050151141954333
0.014453051000000001 -0.7087023389789988 -0.018411008509093538 0.019582952146653995 0.7049954166351697
0.014593866 -0.7086478882843297 -0.0186945084054306 0.01972210231226722 0.7050388106097596
0.014738074 -0.7085717437846705 -0.019003579463400845 0.01984636348756851 0.7051035879456643
0.014898843 -0.7085100463729275 -0.019361846981231955 0.020029334653598074 0.7051506639176072
0.015076491000000001 -0.7085579136175878 -0.019776122026786885 0.020437084503425004 0.7050793668974243
0.015232200000000001 -0.7086726717498317 -0.020158630718484616 0.020582518924570473 0.7049489583205517
0.015373739 -0.7088860176301145 -0.020392736198355403 0.020882955413145783 0.7047188464147061
0.015527601 -0.7088908916444908 -0.020518219662854203 0.021209595448840195 0.7047005459528484
0.015677059 -0.709047128878205 -0.020645884933368653 0.02127398085704708 0.7045376740837828
0.015846579 -0.7091375200713911 -0.020989156313723417 0.02139272343515985 0.7044329523299305
0.016018749000000002 -0.7092492201134712 -0.021236517545177136 0.02161175112420854 0.7043063866701278
0.016202093 -0.7091862232180699 -0.02127935071210815 0.02175054523242606 0.7043642550648446
0.016336692 -0.7091938019526646 -0.021348595627584434 0.021964462006684667 0.704347890708428
0.016483077000000002 -0.709317748596107 -0.021574018374197118 0.022236488213135126 0.7042076624474396
0.016629701 -0.7093647141416863 -0.021738586506259174 0.022370638256819775 0.7041510425550587
0.016773820000000002 -0.7093607862511556 -0.022038809717228658 0.02260771744645481 0.7041380950546926
0.016945331 -0.7094141242954501 -0.022281823418139148 0.022834413063688358 0.7040693930113135
0.017112046000000002 -0.7094344036233023 -0.02249142344281384 0.023029220336151363 0.7040359492510837
0.017259267000000002 -0.7094238718821229 -0.02259394289845402 0.023264210279954674 0.7040355532699532
0.017392473000000002 -0.7094166849366441 -0.02289749180807815 0.02343440635777658 0.70402734364587
0.017549033000000002 -0.7094363800855651 -0.0230320661098921 0.02355423542315359 0.7039991083342577
0.017692808 -0.7093813841138271 -0.023178766302681574 0.023584791679902708 0.704048687426411
0.017864902000000002 -0.7093199612543858 -0.023210516047908372 0.024034141553994005 0.7040943292987305
0.018051845 -0.7094019072475853 -0.02344562721302848 0.02434557232207045 0.7039932738786548
0.018208385 -0.7094086975719438 -0.02369801877163314 0.02466821099900668 0.7039667485625201
0.018361055 -0.7094871147667525 -0.023899549289910768 0.024681571124222933 0.7038804341438452
0.018512973000000002 -0.7094936835329199 -0.02417294842840397 0.024715779136520927 0.7038632763916876
0.018659755 -0.7095122445919164 -0.024392295346341505 0.024851596712923404 0.7038322164001131
0.018822792 -0.7096420186434027 -0.02452722559178692 0.025131571661220722 0.7036867376086627
0.018996141 -0.7096862532259716 -0.024624767849781338 0.025292687130703748 0.703632946050805
0.019171068000000003 -0.7096035141305946 -0.02479456001593222 0.02546407308248105 0.7037042443450069
0.019340124 -0.7096521134312951 -0.024955321767331288 0.02553661324318215 0.7036469222572165
0.019496746000000002 -0.7099044524549291 -0.02516589360762934 0.02567682017104392 0.7033797317875321
0.019643515 -0.709937306169459 -0.02532636423931874 0.025948281539257965 0.7033308490805933
0.019804754 -0.7099160536077758 -0.025630220247182114 0.026247109767001058 0.7033302054290868
0.019980788000000003 -0.7099147115715266 -0.025867131611663825 0.026338200011299072 0.7033194814710207
0.020147154 -0.7099982743619713 -0.026086127126398104 0.026392867790642188 0.7032249859784233
0.020294878000000002 -0.7097772884136606 -0.02626453642226793 0.0266071451390466 0.7034333193744977
0.020434605 -0.7097564923656672 -0.02657573824145879 0.026845949046008562 0.7034335410694639
0.020576913000000002 -0.7098948042981762 -0.026660411381406953 0.027076510351422143 0.703281914940671
0.020722581 -0.709818495645459 -0.026660513045557794 0.027213748602204026 0.703353632371925
0.020902142000000002 -0.7097260828159616 -0.0267921947556048 0.027437932820761138 0.703433170609271
0.021065292000000003 -0.7096056541788345 -0.026929767509642034 0.027611691080935405 0.7035426054582308
0.021227428000000003 -0.7097047437245153 -0.027236315747601707 0.027918281680425098 0.7034187439835744
0.021376911000000002 -0.7097030291631181 -0.02768521715573578 0.028151015854044722 0.7033936731689583
0.021526103 -0.7098877249299999 -0.028067196497044016 0.028307072646585472 0.7031858645569362
0.021703738 -0.709784978167069 -0.0282454192655931 0.028425316120316554 0.7032776709539015
0.02187725 -0.7097948837827777 -0.02832059487858686 0.028623528534713928 0.7032566106875486
0.022038845 -0.7097377687597936 -0.028728457517767408 0.028790321629975635 0.7032909019068583
0.022195476000000002 -0.7097066383098084 -0.029382011583881394 0.029299297971318788 0.703274296468073
0.022344431 -0.7097393127023152 -0.02961590669291446 0.02941149605673914 0.703226826831362
0.02251736 -0.7097127394572555 -0.02994736967199823 0.029689743220316277 0.7032279158632128
0.022662632000000002 -0.7097570498788205 -0.030500175671188914 0.02994625809540047 0.7031485554684896
0.022795724 -0.7099099068517019 -0.030582156469975978 0.03009632872249408 0.7029842579011861
0.022969917000000003 -0.7098268190301811 -0.030803967677823205 0.030491983547885952 0.7030414223216961
0.023118759000000003 -0.7099172601647223 -0.0308457935501165 0.03054013007673925 0.7029461723314048
0.023287702 -0.709781232569758 -0.031168387150585054 0.030829701454363662 0.7030566570642944
0.023452348 -0.7096699441287464 -0.03127876190996858 0.03092378732866929 0.7031599596328936
0.023595925 -0.7096219325054121 -0.03138403578340419 0.031052359743737924 0.7031980561403564
0.023742033000000003 -0.7095164466300787 -0.031667728012434775 0.0312699037833457 0.7032821340552717
0.023926529000000002 -0.7095603517058301 -0.031858235240005424 0.03147189199471194 0.7032202216580267
0.024072153000000002 -0.7095476370798264 -0.03204152485205265 0.03150313821617302 0.7032233241880724
0.024241205000000002 -0.7095156914524693 -0.032368712249869654 0.03215369666672876 0.7032111275006058
0.024389498000000003 -0.7094462531456803 -0.03237780662575291 0.032581632301272596 0.7032610672945325
0.024540758000000003 -0.709624262576867 -0.03310254448181017 0.03311488179037427 0.703022782074007
0.024678138000000002 -0.7096658853808183 -0.03360392050198908 0.03361054198365259 0.7029334528396839
0.024841357 -0.7097384023668599 -0.033981328324575566 0.03388465391884239 0.7028289263823984
0.024998217000000003 -0.7097623123057052 -0.0338844096620543 0.034061135862562826 0.7028009290233364
0.025152347000000002 -0.709912761640745 -0.03405401002007433 0.03428124536893118 0.7026300530699767
0.025311473 -0.7099568452919782 -0.03430587963498925 0.03456935397634794 0.7025591392980305
0.025466062 -0.7098565771527773 -0.035029818944482136 0.03513900361951098 0.70259647172633
0.025610839000000003 -0.709918804317009 -0.03497678788478152 0.03520526762600915 0.7025329207359269
0.02575681 -0.7099049582351971 -0.0356590099425411 0.03569853960156756 0.7024877219947093
0.025939543000000002 -0.7099941037753094 -0.03559932254143916 0.03577761558492035 0.7023966280257495
0.026114605000000003 -0.7098556285389953 -0.03614128027013255 0.03602456966241773 0.7024962810382566
0.026272861 -0.7098139498387531 -0.03679576832681454 0.03670164182994647 0.7024693712429984
0.026434337000000002 -0.7096903968108517 -0.037063403331200125 0.03709952463340022 0.7025592288767832
0.026564745 -0.7097016209187598 -0.03718482780804638 0.037415506316119417 0.7025247168130664
0.026715333 -0.7096904707815542 -0.03756975965756571 0.03782822085242096 0.7024933982239754
0.026897746 -0.7095324540529488 -0.03800831950682941 0.03822394100317528 0.7026079949929778
0.027078968000000002 -0.709570907913935 -0.03815583365345617 0.038483488089676915 0.7025469949724753
0.027234919000000003 -0.7093887917736172 -0.03848363353859875 0.03887383484435405 0.7026915233729009
0.027380643000000003 -0.7095056015616562 -0.038626731734477136 0.03907028875793913 0.7025548302335669
0.027510992 -0.709548698091034 -0.03881463969179324 0.03923030418076142 0.7024920298599833
0.027665715 -0.7095314898776789 -0.039009213482609106 0.03946568040927245 0.7024854491057181
0.027822051 -0.709638986504217 -0.03902326230558157 0.03955031453070509 0.7023713166501175
0.027999605 -0.709680858262549 -0.039203571180920195 0.039679779994264475 0.7023116647771137
0.028165612000000003 -0.7095362497797002 -0.03979734792654165 0.04013346797380489 0.7023985948839648
0.028308157 -0.7094930706894781 -0.03997424949637281 0.040338714498074704 0.7024204083976059
0.028444601000000003 -0.7093795062011619 -0.04052476859949699 0.04078294670819833 0.7024779075312967
0.028587088 -0.7092564742001762 -0.04071716379031026 0.04096819086104028 0.7025802258216359
0.028727548000000002 -0.709363866526195 -0.04088278457664986 0.0411942354843269 0.7024489574019792
0.028898661000000003 -0.7093420735594145 -0.041313762628802854 0.04161381944522862 0.7024210174297613
0.029081631 -0.709364757021392 -0.041599403558793484 0.04179733245602607 0.7023703539580058
0.029246766 -0.7091820797873494 -0.041970374354773646 0.0420820926443961 0.7025157385167097
0.029408052 -0.7091657098306393 -0.042322877626426336 0.04240772639165779 0.702491533594615
0.029553313 -0.7091049266285162 -0.0426447379958097 0.04261064654780868 0.7025211471217168
0.029700007 -0.7090934064259622 -0.04310712756546624 0.042893444538190544 0.7024873443215391
0.029855498 -0.7090714822561799 -0.04327978601313826 0.04300018278681264 0.7024923326656181
0.030011006000000003 -0.7090541100162263 -0.04364168959098911 0.04324148761557885 0.7024726654806808
0.030176635 -0.7091273823647992 -0.04391413722565426 0.043498055030404686 0.7023658756949585
0.030334225000000003 -0.7090681349749623 -0.0439974886299903 0.04365662755992157 0.7024106347625132
0.030481386000000003 -0.7090084670412029 -0.044430958148360365 0.04397144153324267 0.7024239431791818
0.030621836000000003 -0.7089575889376364 -0.04458267885834052 0.04425729632726595 0.7024477301232795
0.030784713000000002 -0.7089619377663096 -0.044833363903420805 0.04441261461496192 0.7024175823132601
0.030954541000000002 -0.7090116047647074 -0.04509832446201697 0.044612043798881965 0.7023378467573704
0.03112213 -0.7089687523296699 -0.04548254764365299 0.04497398804339401 0.702333244606452
0.031274397 -0.7088793230875075 -0.04553165604017917 0.045264879609109104 0.7024016402822594
0.031427898 -0.7088680640477285 -0.04564627260625247 0.04549389190894355 0.7023907682831249
0.031573757 -0.7087776325151212 -0.04588148193360705 0.045897193178664364 0.7024404636125086
0.031715318 -0.7088262687219911 -0.04588854794031381 0.046061772842383115 0.7023801499332151
0.031892311 -0.7087835556974129 -0.046131109036652275 0.0462367994047006 0.7023958644046747
0.032054867 -0.7087497640657344 -0.04610054347919262 0.04653438087605749 0.7024123171073886
0.032215607 -0.7086862195491481 -0.0462383304187578 0.046777054439528315 0.70245125539014
0.032387286 -0.7087484604219353 -0.04636989612813848 0.046987246294097146 0.7023657532000687
0.032526643 -0.7087857927467855 -0.046495717557364154 0.047111968191193836 0.7023114057896883
0.032681417000000004 -0.7087630883349977 -0.0466352819222026 0.04744619561790311 0.7023025655764475
0.032840965 -0.708775986339894 -0.04681839184236554 0.04769619594907959 0.7022604305136321
0.033017888 -0.7087761935272052 -0.04699713702148627 0.04793481468367678 0.7022320344032381
0.033173541 -0.7088398774120483 -0.04727287151056583 0.04805239909290761 0.7021412042823248
0.03333398 -0.7087749616106344 -0.04755387651359481 0.048235047191200114 0.7021752365648023
0.033483428 -0.7086981419501048 -0.04790839396456482 0.04854164603067391 0.702207546231766
0.033630006000000004 -0.7087688404689094 -0.04808961027332442 0.04883398207436263 0.7021035268098844
0.033771858 -0.7086956023245571 -0.04838760081925856 0.04893068576665905 0.702150248396448
0.033946741 -0.7088546460860629 -0.0483381477299702 0.04909335314829909 0.7019817354268517
0.034106865 -0.708944204181495 -0.048369995612330394 0.04929152810089725 0.7018752055311601
0.034267338 -0.7089574359083022 -0.04846754333493379 0.049543071918494316 0.7018373995009675
0.034425679 -0.7087360430164051 -0.048991084359783735 0.04999888879353661 0.7019923119964436
0.034577372 -0.7085597564162163 -0.04921281017034336 0.05026316982313563 0.7021358733620299
0.034726316 -0.708581871436286 -0.049331310910201376 0.05040142440189362 0.7020953280388582
0.034900279 -0.7084910659774128 -0.04953243818301927 0.050648592184386484 0.7021550164369504
0.035064421000000005 -0.7083040330043122 -0.04994497133551009 0.05097762595854906 0.702290665123602
0.035227309000000005 -0.7084487152930289 -0.05018074214718734 0.051004493225806274 0.7021259520826679
0.035375128 -0.7085638331692796 -0.050161817060667094 0.05140947423369531 0.7019815897818436
0.035528497 -0.7087962900108307 -0.05003296493004014 0.051598214301341136 0.7017422218793056
0.03567853 -0.7087338685201697 -0.05021380847772884 0.05181398203531828 0.70177645181086
0.035839259000000005 -0.7087776744842436 -0.050354293697020804 0.05216229948761561 0.7016963358684055
0.036006296 -0.7087181896102293 -0.05045300398249689 0.05220117950965641 0.701746434948224
0.03618345 -0.7088287637831894 -0.05066659272967943 0.052556494577044845 0.7015928269962095
0.036328522 -0.7085972633245428 -0.05099833826694198 0.0529215293398212 0.7017751774146145
0.036478764000000004 -0.7084512024316694 -0.05123898069813903 0.05338236187511758 0.701870204575441
0.03664042 -0.7084442980687121 -0.051386742455963016 0.05347481688612452 0.7018593329098713
0.036791225000000004 -0.7084186943374934 -0.05163341762774559 0.053710207487777564 0.7018490986735396
0.036959918 -0.7082763639444529 -0.05213093327902515 0.054120768157305967 0.7019244265069752
0.03712987 -0.7082874798133173 -0.05237587002430049 0.05430614869105893 0.7018806568023098
0.037292625 -0.7083255313277408 -0.0524829255246772 0.054513772352383985 0.7018181622197855
0.037446323000000004 -0.70818902368216 -0.05277410940842677 0.05497281552590875 0.7018982758672447
0.037594583 -0.7081816723152522 -0.052975327096335526 0.05542996750476827 0.7018545806776708
0.03774901 -0.7084115497856301 -0.052994552983178615 0.05550140083470763 0.7016154559228437
0.037915765000000004 -0.7082105251283142 -0.05345331692268946 0.055941078283827585 0.7017486663812641
0.038086025 -0.7083061314257004 -0.053476981695998814 0.056221046827069396 0.7016279858351665
0.038232765 -0.7082769985653843 -0.05360011143136923 0.056403032309772866 0.7016333938062086
0.038387719 -0.7084310024843081 -0.05373767514942326 0.056503060948020274 0.7014593224785866
0.038540181 -0.7083520009853981 -0.053961502101021956 0.056894091699523947 0.7014903144881405
0.038691764000000003 -0.7084349430428699 -0.05395747448783938 0.05677780484879871 0.7014162838851772
0.038863203000000006 -0.7086855125147234 -0.05391210798375124 0.05684967794467665 0.7011607826184224
0.039041192 -0.7085419198202156 -0.05417959357753174 0.05734734149130099 0.7012447517957883
0.039202092 -0.7085841687566515 -0.05431859594351753 0.05762646081960584 0.7011684226600456
0.039350485000000004 -0.7087870740227689 -0.05438412175857973 0.0578447715102106 0.7009402495275339
0.039515488 -0.7088017423089628 -0.05457979878362785 0.0580850084477234 0.7008903391102959
0.039660581 -0.7088754740689729 -0.05471677135662856 0.05841346157978171 0.7007777855369438
0.039829627 -0.7091988742002824 -0.05442273145444767 0.058377256789729666 0.7004764228893041
0.040004513000000005 -0.7090472353399555 -0.05474136568776964 0.05890928059117987 0.700560559551873
0.040179123000000004 -0.7088422698957182 -0.05526182181191727 0.059352380506037146 0.7006897047819245
0.040335879000000005 -0.7088574301059887 -0.05541717293148754 0.0594842996997119 0.7006509108086922
0.040489265 -0.709210758801035 -0.055353744365373284 0.05944692278185289 0.7003014536307643
0.040627125 -0.7093839507020291 -0.05534793885309772 0.059482266545513265 0.7001234720516828
0.040772806 -0.7096817029405714 -0.055144050266605064 0.05954150822291618 0.6998327107460076
0.040950864000000003 -0.7099834499728015 -0.05504650481336478 0.059618895534583854 0.6995276766274421
0.041116061 -0.7102669913370279 -0.05505235788126537 0.05953200772979873 0.6992467225267622
0.041274623 -0.710251840728824 -0.055300841640836575 0.05966336400594616 0.6992313084027535
0.04142796 -0.7104489271395728 -0.05534135406649399 0.0597052719296584 0.6990242749433834
0.04157269 -0.7103049001957665 -0.055492059105880204 0.060153860839938664 0.6991202279723575
0.041719729000000004 -0.7101178091743776 -0.05582241624164601 0.060549989217825305 0.6992497792234532
0.04189918 -0.7098755409820282 -0.05627464755789539 0.061083218866137864 0.6994131259353511
0.042079281 -0.7100005026596211 -0.05624246322152546 0.06119754932813527 0.6992788653392088
0.042244891 -0.7097402967557489 -0.056623565017394066 0.06162911268725689 0.6994743279886433
0.042410552000000004 -0.7099717090377919 -0.056791266563125505 0.06140233984998696 0.6992457915991057
0.042563209000000005 -0.7104455964787835 -0.05666748466343784 0.061032627975274846 0.6988067464959512
0.042698230000000004 -0.7108744833157071 -0.056400509201259066 0.06099534416858269 0.6983953175116665
0.042883684000000005 -0.711080834509193 -0.056425951754739134 0.06093936578794887 0.6981880494964406
0.043059449 -0.7105178119559972 -0.05717809204053959 0.061743607316643426 0.6986292519207838
0.043230912 -0.7107039772054633 -0.057118753951380274 0.06163697229667565 0.6984541419287863
0.043380943000000005 -0.7105770707215255 -0.057405007647238486 0.06189815298843569 0.6985366921776244
0.043525374000000006 -0.7105234345495002 -0.057709415496579104 0.06216720417794632 0.6985422757741461
0.043680133 -0.71066921080651 -0.05770202481032634 0.06216312252083378 0.6983949422374855
0.043842178 -0.7110568475653688 -0.05749378219658727 0.06192249961470362 0.6980388446072314
0.044019796 -0.711298732329189 -0.05754552697991509 0.061812668410968996 0.6977978358632307
0.044192737 -0.7113191002654841 -0.057589130085434856 0.06200561923250408 0.6977563563860232
0.044374355000000004 -0.7111441862395478 -0.05803794642979599 0.06261392004142015 0.6978431343568198
0.044522572 -0.7115281584284286 -0.05782850117785173 0.06236003358779882 0.6974917708660807
0.044681194 -0.7115481589083572 -0.05803284878826873 0.062423664419376454 0.6974487021538592
0.044854002000000004 -0.7113912360856477 -0.05835808291523459 0.06286948545807587 0.6975415910017336
0.045025132 -0.7117669797593239 -0.05815489657605101 0.06267025099162671 0.697193096759546
0.045188574 -0.711970244054308 -0.058036369481151415 0.06263721073034734 0.6969983724734361
0.045339895000000005 -0.7116156530713352 -0.05854669842420033 0.06314217719837596 0.6972721935271275
0.045485564000000006 -0.7115096332966956 -0.058806659820444286 0.06350197631357624 0.6973258330873989
0.045619081000000006 -0.7114143815020967 -0.05903685473185574 0.06379305039678368 0.6973769958182107
0.045783135 -0.711336418071026 -0.05935952552865868 0.06402467455160187 0.6974079065392482
0.045972095000000004 -0.7116477021661514 -0.05956585173885751 0.06382313102384014 0.6970911455861244
0.046159468 -0.7117975727996382 -0.05970933271912892 0.06376199646148448 0.6969314304506764
0.046328474 -0.7120059271104858 -0.05951281772486512 0.0636213093922066 0.6967482423926206
0.046466943000000004 -0.7119929490439822 -0.05928618549680279 0.06381282866835526 0.6967633110448881
0.04661523 -0.7115961973099569 -0.05993509998895155 0.06457427834363114 0.6970428956238797
0.046793737 -0.7117241353038057 -0.06025521778836019 0.06472604879319806 0.6968705780580409
0.046975222000000004 -0.7116300031057385 -0.060553108200242546 0.06492620136736002 0.6969222683650033
0.047148772000000005 -0.7119940013389929 -0.06064433900661641 0.06471774253290447 0.6965618565534476
0.04731283 -0.7123325107960007 -0.06075346070921893 0.06460526647739168 0.6962166118517314
0.047469041000000003 -0.712566839605886 -0.06064198130460496 0.06466442726351218 0.6959810062381113
0.047610673000000006 -0.7124957557917811 -0.06062659219416842 0.06493961385051279 0.6960294971124192
0.047758046000000005 -0.71246971133787 -0.06097004150916219 0.06514320870112127 0.696007131302996
0.047937067 -0.712216033693493 -0.06142080389019637 0.0656804602814739 0.6961766179186181
0.048129092000000005 -0.7122930370644798 -0.06162591869392265 0.06579455774773521 0.6960689273810244
0.048292408 -0.7127310755177276 -0.06168574342025642 0.06582996910824561 0.6956117438753039
0.048458783000000005 -0.7126199276115761 -0.06200098783404613 0.06624463878256298 0.695658223635028
0.048608877 -0.71242120497959 -0.06251861126920641 0.0666390898565406 0.695777753053007
0.048754006 -0.7123384039247874 -0.0628335073923833 0.06698218403458214 0.6958012184989443
0.048942557000000005 -0.712234558230306 -0.06321877569619051 0.06727139892934468 0.6958447235900012
0.049124433 -0.7122370617291012 -0.06335858617585352 0.06747232170382654 0.6958099907741979
0.049280153 -0.7120437949392694 -0.06385001714858352 0.06783372701146326 0.6959277224528019
0.049444468000000005 -0.712072637620988 -0.06399973403296551 0.06811418353617862 0.6958570620439223
0.049608305000000005 -0.7120529413004072 -0.06436776604860829 0.06839717315486676 0.6958155116004343
0.049773119000000005 -0.7120685662105287 -0.06468203112155006 0.06860390808110668 0.6957500238310254
0.049958299000000005 -0.712368562456768 -0.06502247645617557 0.06878466814213266 0.6953932543585399
0.050125417000000005 -0.7122184849454084 -0.06531385644991261 0.06915548603399356 0.6954828887967769
0.050299566000000004 -0.712478122839237 -0.06526263686984254 0.06925254834268309 0.6952120520045069
0.050458515 -0.7128027050049581 -0.06518304705827084 0.0689831589719936 0.6949135182827134
0.050610805 -0.7127255293611845 -0.06539207760527156 0.06929439642378808 0.6949420714041918
0.050775282000000005 -0.7129410294163775 -0.0654292933292409 0.06911595365670295 0.6947352597207638
0.050953737000000006 -0.7128721221877636 -0.06563893446403055 0.06924174379602434 0.694773667179483
0.051138732000000006 -0.7127369655174899 -0.06601842497122017 0.06967666656230982 0.6948328919143112
0.051313548 -0.7126262890694943 -0.06644934755334723 0.07000187521304975 0.69487264574412
0.051463486 -0.712391729510453 -0.06685458821021119 0.0705788905243095 0.6950159048343475
0.051632483 -0.7128885809185059 -0.06678939404245884 0.07043083696542594 0.6945275698226747
0.051797302 -0.712816454614024 -0.06682041515310054 0.07051149833648926 0.6945904280600217
0.051982234 -0.7130908733939114 -0.06689869606589695 0.07068759643545769 0.6942832523236967
0.052152176 -0.7135095397636848 -0.0669089794834865 0.07057225953893517 0.693863733966737
0.052320507 -0.7136989489714781 -0.06707212519388515 0.0705136425571646 0.6936591140266984
0.052480154 -0.7137282874845056 -0.06738269624857524 0.07069654630571659 0.6935802060548955
0.052632899000000004 -0.713585470998348 -0.0675379300981668 0.07109626698235125 0.6936711932892236
0.052785582000000004 -0.7137683303725452 -0.06785738353377638 0.07116427733811048 0.693444872854421
0.052946847000000005 -0.7136783286469492 -0.06780422402957044 0.07112824529902005 0.6935463958122251
0.053134193 -0.7138163123313588 -0.06809911017855702 0.07127230095639411 0.6933606872032264
0.053298990000000004 -0.7138374779177011 -0.06809960182316524 0.07126646256403918 0.6933394483694338
0.053477345 -0.7136647889805396 -0.06847183270430468 0.0717808326281154 0.6934274938035629
