0 -0.7067529998956005 0.00035399999994770805 0.0003529999999478558 0.7074602089259648
0.000467482 -0.7067528850961663 0.0003583309880324991 0.00035247733557270875 0.7074603216908183
0.0006543320000000001 -0.7067521971447385 0.00037011405215556557 0.00034306400658311965 0.7074610075147327
0.0008119140000000001 -0.7067507839112007 0.0003689388128963131 0.00034672020792192893 0.7074624181609601
0.0009188270000000001 -0.7067644662992679 0.00036710177098330123 0.0003291647538023579 0.7074487586133471
0.001010927 -0.7067634532792667 0.000370905820217652 0.000312962329338659 0.7074497760210394
0.001107436 -0.7067783832636334 0.00040575786911705266 0.0002771913555789455 0.7074348559950582
0.0011888340000000002 -0.7068187293995717 0.00045401823828334633 0.00019164167716535872 0.707394544021144
0.00127618 -0.7068447390891933 0.0005060024972046522 0.0001093335753772462 0.7073685367823285
0.001353952 -0.7069013341872326 0.0005404077224520815 5.805930999121029e-05 0.7073119596846364
0.0014276 -0.7069339863104521 0.0005546973364866913 3.404246114781101e-05 0.7072793155120467
0.001475442 -0.7070061397890381 0.0006418903853618494 -7.493953969485999e-05 0.70720711298841
0.001538405 -0.7070763119622773 0.0007112998614612656 -0.00024290253148618113 0.7071368496356925
0.0016073160000000001 -0.7071274931803659 0.0007200070014864907 -0.0002676624033029103 0.7070856513430375
0.0016695380000000001 -0.7071648806094961 0.0008642566000557395 -0.0003950606968928479 0.7070480384104976
0.001734436 -0.7071748495542911 0.0009782223742436163 -0.0006066667197230367 0.707037769284176
0.001785209 -0.7072009135856492 0.0011543510555717864 -0.0006770642720759517 0.7070113696972881
0.0018551560000000002 -0.7072963237843416 0.0013228474215674277 -0.0008069992505430112 0.7069154894243476
0.0019133770000000002 -0.707339008846464 0.0014708423093483935 -0.0009230841869577813 0.7068723442762399
0.0019675450000000002 -0.7074057451345702 0.0015059243363955003 -0.0009379000873243826 0.7068054642445282
0.002027292 -0.7074310995486955 0.001565335810624799 -0.000993734913566579 0.7067798820043234
0.00208733 -0.7074958038996194 0.0016518451832335745 -0.0010874667075752033 0.7067147771824798
0.002134309 -0.7075189051865677 0.0018309782622604144 -0.0012168849151381468 0.706690997192767
0.002186041 -0.7075672054023822 0.0019218815890084788 -0.0012745992902869182 0.7066422939556268
0.0022359890000000003 -0.7076357558493861 0.002059568584086579 -0.0013766181002819629 0.7065730678021359
0.002285896 -0.7076385593623717 0.002144066489165236 -0.0014557278514928148 0.7065698501484902
0.0023331370000000003 -0.7076953392433867 0.002172445526019938 -0.0015113052539848792 0.7065127764237912
0.002377506 -0.7077104682458026 0.002346513470321663 -0.0016949085028635472 0.7064966484669319
0.002414803 -0.707761177288528 0.0023195353395317996 -0.0016990381785945744 0.7064459278304557
0.002462119 -0.7077964914627694 0.0023684706738176056 -0.001663709555979483 0.7064104678514997
0.0025128050000000003 -0.7078218951708802 0.0023954304426748326 -0.0017019450336209763 0.7063848313864055
0.00256866 -0.7078259567736451 0.0024466394057740186 -0.0018231010747697507 0.7063802836826375
0.0026185690000000003 -0.7078563921467249 0.0025813865347260496 -0.0019148061904706204 0.7063490624739538
0.002667276 -0.7079117808071702 0.0025765546286100564 -0.0019678800485446717 0.7062934230252902
0.002720053 -0.7079383432582282 0.0026632981503345965 -0.0021670190378504078 0.7062658939919493
0.002762179 -0.707940924180363 0.0028781589751067076 -0.002301399746677944 0.706262038928027
0.002811769 -0.7079311793383913 0.0029924056932868264 -0.002375709969384633 0.7062710859371654
0.0028797690000000003 -0.7079760977847226 0.0031464321436415936 -0.0025253761718704152 0.706224870282457
0.0029249500000000004 -0.7080411125189466 0.0031943622264030917 -0.0025024723950177095 0.7061595546792604
0.002982081 -0.7079948870602286 0.0033096257291155176 -0.0026354397017800575 0.7062048858027576
0.0030294140000000002 -0.7079889132006832 0.0031583124933225993 -0.0025238080520209945 0.7062119754294929
0.0030777480000000004 -0.707950100404394 0.0032238734677762873 -0.002560868354985447 0.7062504541099716
0.0031317750000000003 -0.70790913077625 0.0033238742068997344 -0.00266190493564282 0.7062906828537276
0.0031880980000000003 -0.7078749560271578 0.003310120525051634 -0.0027516334217176754 0.7063246549888881
0.0032362510000000003 -0.7079266914170901 0.003498455815365378 -0.002826421907465362 0.7062715991213021
0.003291618 -0.7079093875565773 0.0036531395823866672 -0.002857083405527789 0.7062880366075002
0.003338057 -0.7078920362101762 0.003730368742158772 -0.0028893101907605536 0.7063048925965896
0.003387011 -0.7078967605208072 0.0038689102236964036 -0.0029360506126008706 0.70629921958376
0.0034424480000000003 -0.707889610528359 0.003915680248477631 -0.0029557227785989106 0.7063060458873732
0.0034883830000000003 -0.7080742554302342 0.003977633397269179 -0.0029513676901694813 0.7061206105604297
0.0035355570000000004 -0.7079766721733938 0.004104707790251868 -0.003246361213772987 0.7062164287037745
0.0035821100000000003 -0.707985121358104 0.0042281413036121115 -0.0033770201893872894 0.7062066174224851
0.0036223960000000004 -0.7079087107669715 0.004313113738149822 -0.00355321219442506 0.7062818339397012
0.0036716950000000004 -0.7078812583498627 0.004292527301859595 -0.0035298098244394504 0.7063095912763618
0.0037184590000000003 -0.7079289183260362 0.004331213363282549 -0.003596981386869056 0.7062612469288067
0.003762693 -0.7080113089615686 0.004382773759784823 -0.0036066350242909655 0.7061782847556973
0.003816241 -0.7079872384677898 0.004296579931547838 -0.0037547651264123647 0.7062021745268776
0.003879477 -0.7080094933187049 0.004284363908649675 -0.003738105460037817 0.7061800253221971
0.003935681 -0.7080571579168441 0.00427716133710375 -0.0038361349123542782 0.7061317519291653
0.003981577 -0.7080825337044195 0.004325385501907905 -0.003762790424694479 0.7061064069325597
0.004030257000000001 -0.7080133366922607 0.0044308507382087884 -0.0039221296337444795 0.7061742699410419
0.004082343 -0.7080998330586163 0.004372247860636885 -0.0038757288554144465 0.7060881592243595
0.004137633 -0.7081126547454085 0.00458891287473881 -0.004161670196087929 0.7060722984009622
0.004189202 -0.7080907209771103 0.004498306167809751 -0.004290588325884516 0.706094106305636
0.004242816 -0.7080529215761338 0.004488213003976877 -0.004240025881502159 0.7061323802036391
0.004289184000000001 -0.7080888735672985 0.004449565917708566 -0.004166228313602386 0.7060970124812719
0.004343889 -0.7081600703066506 0.004570421834399924 -0.004157147952205008 0.7060248892131489
0.004392797 -0.708033812890596 0.004582948375487697 -0.004442478906878448 0.7061496872257003
0.004444925000000001 -0.7080939712643383 0.004514737094099862 -0.004434017203544158 0.7060898558253819
0.004484364 -0.7082458023756868 0.004415669569539609 -0.004333793543009664 0.7059388100345518
0.0045331370000000005 -0.7083804255907489 0.0044661541354135284 -0.004174387888671083 0.7058043642489491
0.004577587 -0.7083886787687397 0.004612561517018908 -0.004317873672793812 0.7057942760007885
0.0046304530000000005 -0.7084796438631255 0.0046676416941196786 -0.004123873242108232 0.7057037629360335
0.004679113 -0.7083829964808526 0.004843757206909669 -0.004462178856441686 0.7057975327760662
0.0047303150000000006 -0.7085595278055564 0.004822860592974832 -0.004407390830880281 0.705620797934508
0.0047888720000000004 -0.7085553217460626 0.0048533205604753904 -0.00462452093533367 0.7056234230175397
0.004852306000000001 -0.7085986593407215 0.004840324987708773 -0.004683222025817912 0.7055796047690172
0.004916147 -0.7085863870358701 0.004859972387020627 -0.00478039549145011 0.7055911426561384
0.00497091 -0.7085206536491003 0.004922405521637229 -0.005054579653516574 0.7056548054828641
0.005027035 -0.708588328366948 0.0048900374966592995 -0.00501578490795597 0.7055873513160317
0.0050818 -0.7085646256125135 0.00491433333807036 -0.005168552018301187 0.7056098828166136
0.005137509 -0.708535014967393 0.00484107587407696 -0.004996334504998185 0.7056413630103128
0.005181675 -0.708430280739105 0.004900655049349478 -0.005214327464379919 0.7057445229692504
0.005232749 -0.7084859928347381 0.004987026703012405 -0.005378019746452957 0.7056867608402795
0.005274089 -0.7085009822294593 0.005003638188845856 -0.005186557035072584 0.7056730272660906
0.005326204 -0.7084491994304967 0.005206080287558035 -0.005240503067649589 0.7057231508757
0.005374764000000001 -0.7085323375233654 0.004801808921218947 -0.004967696003121291 0.7056445219167939
0.005422473000000001 -0.708629065991125 0.004711610979499494 -0.004950166305689334 0.7055481155867896
0.005474978 -0.7087011135228865 0.004560127054980128 -0.004847239901091039 0.7054774561940338
0.005521266 -0.7087086543991634 0.004486419135078873 -0.004708071207821294 0.7054712958643844
0.005572906000000001 -0.7087408242718755 0.004589632295945632 -0.004765241172804534 0.7054379290641919
0.00561997 -0.7089486480696675 0.004249525731787357 -0.004477433958239527 0.7052330880754217
0.005665315000000001 -0.7089990703867167 0.003987309015106973 -0.004234416533821824 0.7051854290002083
0.0057091730000000005 -0.7090694398200569 0.0036919582677717353 -0.003959428984377762 0.7051178780030596
0.005770441 -0.7091411236260152 0.0035849106293882166 -0.003805777381340064 0.7050471837095271
0.005826958 -0.7091853196850484 0.003441567240662542 -0.003637653204572819 0.7050043300840834
0.0058913820000000006 -0.7091629821460184 0.0033860718758294633 -0.0034318202921388478 0.7050281000644586
0.0059492830000000005 -0.7092112044856782 0.0030953849708212407 -0.0031841690573506873 0.7049820899081553
0.006000831000000001 -0.7092728048309749 0.0027399133148023956 -0.0028092153215599673 0.7049231798653712
0.006052653000000001 -0.7092321259966541 0.002633337644481325 -0.002780450878839521 0.7049646275381671
0.006099509 -0.7091848570435849 0.0023686819833832144 -0.0026421053603884626 0.7050136503394783
0.006141327 -0.7091745399995603 0.0016499132756654057 -0.0018936117955512912 0.7050284844153198
0.006193141 -0.7091123232950509 0.0017555458953302783 -0.00200690322462993 0.7050904930213935
0.0062397170000000005 -0.7091892060007599 0.0017593996661594427 -0.0018557974883290167 0.7050135676854092
0.006291120000000001 -0.7092056109085592 0.0017933325842692106 -0.0019334759313562524 0.7049967709747915
0.006345535 -0.7091525996432508 0.0019592595414403436 -0.002035259394579107 0.7050493666690761
0.006394812000000001 -0.7090730994888198 0.0019447681157053998 -0.0021311998490557223 0.7051290771521891
0.006444474 -0.7091349770192221 0.001690398699155627 -0.0017262539918374436 0.7050686115317721
0.006501304 -0.709044872788259 0.0019292596497259527 -0.0020851459599354515 0.7051576408833782
0.0065592390000000006 -0.7090072557401064 0.001466152782520607 -0.0015109140842269417 0.7051980422849542
0.006602263000000001 -0.7089660724674547 0.001750668700991636 -0.0019008683393413044 0.7052378534570645
0.006642671 -0.709059670340285 0.0015594215086848202 -0.0014167865199210766 0.7051453359538316
0.006693265 -0.7089203656734339 0.0015926980661416202 -0.001493267546716324 0.7052851541031818
0.006739684 -0.7088311374645969 0.0014973792490825936 -0.0012936978732406626 0.705375433908669
0.006791040000000001 -0.7089266755530522 0.0016333614413713623 -0.0013541815468441072 0.7052789994123159
0.006847536 -0.7090258165372095 0.0013927051909285884 -0.0009737008461269385 0.70518047602203
0.0069058750000000006 -0.7089500451560712 0.001610863284842132 -0.0012251084252947475 0.7052557959365018
0.006950607 -0.7089468397764555 0.0015597691913071764 -0.0011872455049623735 0.7052591976990855
0.007004935 -0.7089637464285389 0.001732353858175256 -0.0013309953084591083 0.7052415427721269
0.007045875 -0.70899351804734 0.0016257909225363598 -0.0011586040869775438 0.705212170773663
0.0071113850000000004 -0.7089989579747208 0.0014553641519700676 -0.0009597177633364707 0.7052073726555615
0.007166469000000001 -0.7088636452185029 0.0011013185094191239 -0.0006377428039327738 0.7053443930940357
0.007214131 -0.7087617408817964 0.0011113337571197687 -0.0007459571925102976 0.7054466692439284
0.007252740000000001 -0.7087457093875016 0.00102499755600924 -0.0005803049015075639 0.7054630621450274
0.007307181 -0.708794265201838 0.0012502213450894118 -0.0004963282270093125 0.7054139779036607
0.007352474 -0.7087366131723154 0.0008324477068415567 -0.00021073166200313986 0.7054726612506101
0.007396482 -0.7087441602586593 0.0006480463006742751 -0.00016984522401345295 0.7054652836871849
0.007448448000000001 -0.7087650865141888 0.0004709438467657465 -0.0001431794298106534 0.7054444059244348
0.007499922000000001 -0.708717891814505 0.00022276549520442915 0.00019567342300427134 0.7054919290179368
0.007538896000000001 -0.7087427506268084 2.1860523499606992e-06 0.0003981231568391491 0.705466905621461
0.007582694 -0.7087404778260487 -0.0002629959304862613 0.0005935889061017184 0.7054690025623065
0.007627179 -0.708628861489872 -0.0002446849901737722 0.00047510533598605574 0.7055812150757298
0.007670357000000001 -0.7086670919050814 -0.0003572190322174257 0.0007995250950294353 0.7055424764002381
0.007720323 -0.7085720632596787 -0.000543983256310344 0.0012730099762482084 0.7056370984406499
0.007778091000000001 -0.7084937939144289 -0.0008656176195611269 0.0018426564148199445 0.7057141059297402
0.007837687000000001 -0.7084347583143542 -0.0010862006356524199 0.002405760260118789 0.7057713692817476
0.007897855 -0.708429532500619 -0.0009675245976173165 0.002423907912367248 0.7057767253512545
0.007966735 -0.7084750724463796 -0.0009664098822040678 0.0026555483418020213 0.7057301792023927
0.008014323 -0.7085295189526409 -0.0011324576874729233 0.0027157728705994614 0.7056750405746549
0.008066611000000001 -0.7084221117067406 -0.001388063104876489 0.0027331469375777052 0.7057823423928917
0.008117938 -0.7083590891673833 -0.0014016810104014795 0.002836023813006615 0.7058451622368977
0.008162945000000001 -0.7083723455879039 -0.0013423564185768306 0.003050763212026056 0.7058310781832728
0.008214994 -0.7083403815785527 -0.001522622341173226 0.003169827217095723 0.7058622653476885
0.00826237 -0.708339147023104 -0.001576728401829724 0.0034439636729822628 0.7058621011474888
0.00831027 -0.7082556153525339 -0.0014517806449405488 0.0034699077596183057 0.7059460570006059
0.008363873 -0.708281654539941 -0.0015846300600995814 0.0037423898010713356 0.7059182539843503
0.008418548000000001 -0.7082529837103632 -0.0019692229586820314 0.004111979744916647 0.7059439955470156
0.008474474000000001 -0.7081056749753651 -0.001996833912594437 0.003953816934456557 0.7060925810781878
0.008529043 -0.7081015817549666 -0.0023402203625365503 0.004255285578256001 0.7060938789066343
0.008584348 -0.7079957212858613 -0.0026844484417473734 0.0045409543442921025 0.7061970207464203
0.008634332 -0.708065173265771 -0.002358453385016755 0.004523395446723935 0.7061286617886129
0.008674869 -0.7080982009781827 -0.0024560901291231256 0.0047206957679887035 0.706093917566357
0.008725567 -0.7080137200248395 -0.002330048486644273 0.004510025714799676 0.7061804321833692
0.008770539 -0.7079459502137493 -0.0025179709969714585 0.004664459474041618 0.7062467233310363
0.008826034 -0.7079309757428284 -0.002731842951497011 0.005166880506462694 0.7062574417050255
0.008877630000000001 -0.7078987414951005 -0.0026148892773849752 0.005140424592518401 0.7062903865824091
0.00893477 -0.7079373194321787 -0.002731722722399387 0.005351894483630418 0.7062497056081408
0.008999096 -0.7079064789878416 -0.002769398687002455 0.0052346361275176796 0.7062813504705909
0.009049890000000001 -0.707924025404207 -0.0029869560689960157 0.0054422330471794456 0.7062613074835731
0.00910297 -0.707867302962725 -0.0031668469767191674 0.005571992822961841 0.706316363517429
0.009156698000000001 -0.707685051367569 -0.003090472359540699 0.005668393069648325 0.7064985395395268
0.00921425 -0.7076921415866696 -0.003163529409628557 0.005794128874149545 0.7064900939777836
0.009277073 -0.7077656710334345 -0.0031746847317320214 0.005959476361366098 0.7064150061578145
0.009335394 -0.7077761094515764 -0.003108476569919818 0.005804235412016173 0.7064061346805296
0.009396399 -0.7077943420673419 -0.0032161360669078717 0.005930938430339271 0.7063863318153839
0.00944785 -0.7078412078771424 -0.0031334643520886207 0.005763104806733162 0.7063411303719818
0.00949836 -0.7077841077387482 -0.003013620670314597 0.005456021585699199 0.7064013071557669
0.009556471 -0.707715269032137 -0.0033669781277579146 0.006024975446045927 0.7064640550714042
0.009610214 -0.707604006060475 -0.0035127236658707307 0.006192011845475057 0.7065733439416748
0.009661188000000001 -0.7076309887816781 -0.0037865030006789535 0.006503030863079089 0.7065421124748931
0.009711635000000001 -0.7075937436986965 -0.0038874532191709795 0.0065728596368725 0.7065782186723041
0.009769603 -0.7075848540242387 -0.004037015401839083 0.006578149177250879 0.7065862331064371
0.009823756000000001 -0.7075875823910003 -0.0040865137379342605 0.006713501784276902 0.706581943263003
0.009867628 -0.7075336362117114 -0.00444348886572646 0.006979433687486431 0.7066312309409597
0.009921175 -0.7074586229703431 -0.004714624076436289 0.007152179411308051 0.7067028480446306
0.009982314 -0.7074911265113556 -0.004481869501164779 0.00705088372028439 0.7066728407065257
0.0100341 -0.7075315241995563 -0.0044275329236634796 0.007026130043690982 0.7066329830348083
0.01009428 -0.7075477531161715 -0.004461433094334952 0.006918241483576617 0.7066175844187413
0.010153257 -0.7074836164347565 -0.004349418347052484 0.006797877865465286 0.7066836660720035
0.010203140000000001 -0.7074440609558648 -0.004559050336335789 0.00703664272869592 0.7067196058815789
0.010248041000000001 -0.7074271832179748 -0.004606175631780289 0.0071074141662266915 0.7067354867658768
0.010293492000000001 -0.7074612333601027 -0.004467338831531013 0.006988332099695752 0.7067034805283124
0.01034406 -0.7074039063567741 -0.004473689679362562 0.007071671540441366 0.7067599952129814
0.010411100000000001 -0.7073469624335622 -0.00451593609476338 0.007127862335534287 0.7068161533494595
0.010457496 -0.7072868278354705 -0.004651088796963865 0.007260578854232295 0.7068741009105807
0.010508177 -0.7073127925722954 -0.004472759229487008 0.007133591731402015 0.7068505639507304
0.010554597 -0.7072602729800834 -0.004194748816891829 0.006913562164597674 0.7069070044954269
0.010607582 -0.7072237670914363 -0.004204818595610822 0.006883993208262931 0.7069437554707478
0.010662568 -0.7073198079429246 -0.004345876669696735 0.007042946735113997 0.706845244412695
0.010711724 -0.7073109541264421 -0.004324359885945887 0.007066143521000879 0.7068540045158261
0.010760210000000001 -0.7074182473521267 -0.004367400146697179 0.007058379682233057 0.7067464385516671
0.010819553 -0.7074142205389341 -0.00448569878592467 0.007345454588234723 0.7067468028810505
0.010874328 -0.707412028209903 -0.00450228327585045 0.00725247400659214 0.7067498520764183
0.010931476 -0.7073894666992089 -0.004514213835368915 0.0073279181089196226 0.7067715797148655
0.010984905000000001 -0.7074207933113003 -0.004588046713848648 0.0074845044494856 0.706738107937663
0.01104269 -0.7074949042298654 -0.004535800161687026 0.007457449231601471 0.7066645409645407
0.011116013000000001 -0.707494984889318 -0.004599152256402799 0.007326438716224596 0.706665421151144
0.011168413 -0.7076217145163995 -0.004781831357182546 0.007485494965960895 0.7065356400061197
0.011215826 -0.7076808638012195 -0.0046076798501406505 0.007411678098161256 0.7064783303992611
0.011270450000000001 -0.7075893806416645 -0.004390065836351535 0.007193730323954928 0.7065735955787793
0.011313413000000001 -0.7075145886722776 -0.004499052036226565 0.007197581843655186 0.706647762440579
0.011369738 -0.7076376935093373 -0.003896423614758733 0.006592250959944522 0.7065339728810504
0.011418641 -0.7075005870110631 -0.00377530401032004 0.006390522997209633 0.7066737774068406
0.011462037000000001 -0.7073552612815127 -0.0035988551989383282 0.006162667811937708 0.7068221870485247
0.011517237000000001 -0.7073057404778335 -0.0036823363785427666 0.005996952462361806 0.7068727370942122
0.011567329000000001 -0.707464897709978 -0.0035530048139245482 0.005859634391034781 0.7067152604478029
0.011619322000000001 -0.7074376500484192 -0.00414588861338244 0.006694702757165728 0.7067318896558785
0.011661505 -0.707543511268742 -0.004031884219352958 0.0065271328579401214 0.7066281342458677
0.011718031 -0.7075148592232776 -0.003747413592637047 0.00627926416423016 0.7066606340466316
0.011765931 -0.7074582343835518 -0.004118825821399925 0.006877095279821283 0.7067096910593998
0.011833910000000001 -0.7074816382937318 -0.0040812906671025785 0.006929688424522016 0.7066859655901246
0.011894804 -0.70750151458632 -0.004125667729687366 0.006672990133076821 0.7066682792700767
0.011953178 -0.7075814904387268 -0.0033509097392528547 0.005689430468847804 0.706600903037471
0.0120081 -0.7074502926919811 -0.00392999797998418 0.006079475005500118 0.7067260278704647
0.012069098 -0.7074823967005607 -0.004101720247996555 0.0062293807171349665 0.7066916081755311
0.012118743000000001 -0.7075443379142 -0.004275032356273955 0.006192735730045797 0.7066288870461542
0.012167805 -0.7074445566138721 -0.004239205278145802 0.006022572003584766 0.7067304698981594
0.01221752 -0.7074922595977962 -0.004135828810655831 0.00596492937274725 0.706683816955526
0.01226782 -0.7074048297193849 -0.004069680247390161 0.005739389037082386 0.7067735875128984
0.012318448000000001 -0.70735352055 -0.0045732541532537965 0.006556180490761533 0.7068147556533766
0.012370743 -0.7073190920582607 -0.004313015282161214 0.006173559566394837 0.7068542898443309
0.012424908 -0.7072934919623939 -0.004251162231668793 0.006088657675448081 0.706881016929323
0.012488810000000001 -0.7073967308646328 -0.004607669969596983 0.006614106863627779 0.7067707465153588
0.012540075000000001 -0.7073663200471088 -0.0043677653393164205 0.006498220736043233 0.706803781127561
0.012588373 -0.7072891239127929 -0.004630430550583071 0.006772385297830069 0.7068767849526304
0.012638566 -0.7072351165358307 -0.004527333219843109 0.006761650943695115 0.7069315902327336
0.012686245 -0.7070797262595592 -0.004535780904184117 0.006913994247449652 0.7070854857001675
0.012735322 -0.7069995626642019 -0.004438616235858253 0.006932588260149566 0.7071660740579631
0.012787986000000001 -0.7069334469464306 -0.00454101614979396 0.006982342677855105 0.707231028484677
0.012841929 -0.7069058409546277 -0.004521371711266519 0.0069855561965889565 0.707258715907201
0.012900997 -0.7068149189069246 -0.0046938960873775925 0.007029505051128133 0.7073480217042061
0.012956619 -0.7068264751868516 -0.004615952039467804 0.00691186385633395 0.7073381462212619
0.013008732 -0.7067550679922568 -0.004862015600190739 0.007393728040669776 0.7074029738820892
0.013061501000000001 -0.7066993274888921 -0.005232267076276212 0.007981266940413432 0.707449633038293
0.013114013 -0.7067801633073246 -0.005559663032319199 0.008224874578386205 0.707363585676
0.013175541 -0.706724683333596 -0.005550836836557108 0.008093290258607335 0.7074206024920618
0.013234773 -0.706592173860837 -0.005925296494608789 0.008473541302524208 0.70754546836077
0.013281586000000001 -0.7064902757917376 -0.0061974781925841025 0.008931078478108702 0.707639256481001
0.013330591000000001 -0.7065528236707792 -0.006224661498328588 0.008846122968912504 0.707577633239278
0.013379395 -0.7065350228800561 -0.006289078325497202 0.008914013396519097 0.7075939861974946
0.013441452000000001 -0.7065312748065321 -0.006236730829411127 0.008964318782460755 0.7075975564525245
0.013502034000000001 -0.7066243425283478 -0.006169168789210915 0.008805933785290326 0.7075071981492478
0.013557274000000001 -0.7065967808549684 -0.005881508429276975 0.008496006012934487 0.7075409634966866
0.013612141000000001 -0.706495372398265 -0.005885370030999615 0.008321676396192714 0.7076442615477013
0.013666298 -0.7064795336416358 -0.006132164674156857 0.008910825015337473 0.7076508053407776
0.013717794 -0.7065832679591191 -0.005750459066180329 0.00839124116508369 0.7075567855179179
0.013774621 -0.706665639267683 -0.005871303745270281 0.00879604879466034 0.7074686082055719
0.013847756000000001 -0.7066108189688275 -0.005972156002752766 0.008760526123738625 0.7075229586740747
0.013927229000000001 -0.7065366223666254 -0.006455754486780191 0.009420129760004208 0.707584331118257
0.013984332 -0.7065195807243541 -0.006654102943750465 0.009667552793174905 0.70759617253776
0.014040618000000001 -0.706406814632043 -0.006391862372772039 0.009523964661307205 0.7077131130860496
0.014093684 -0.7063124810649993 -0.00639988017150165 0.009786506700754151 0.7078036061734858
0.014146009000000001 -0.7062524987076413 -0.006689557121100668 0.010432100853144744 0.7078515587088341
0.014195697 -0.7062274182183637 -0.0065234764410487135 0.010514477931969095 0.7078769128637867
0.014249334 -0.7062876015274157 -0.006988017744052181 0.010866584517205327 0.7078071127627845
0.014298044000000001 -0.7062392801617499 -0.006834285613680584 0.010668692277638973 0.7078598383167733
0.014346151000000001 -0.7062085478852174 -0.006870251594171152 0.01091572102102426 0.7078863846490311
0.014400551000000001 -0.7060664164029452 -0.0068812807906614695 0.01095043122584608 0.7080275076990655
0.014453051000000001 -0.7060320698584694 -0.0066931518025322495 0.010915563574936603 0.7080640991620424
0.014497723 -0.706178791122232 -0.0066929199010666 0.011059515407017993 0.7079155365658407
0.014552203000000001 -0.7060348983856777 -0.006699303261036379 0.01111261504191176 0.7080581553688031
0.014593866 -0.7060437522145081 -0.006557823208410092 0.010898703905941925 0.7080539761676333
0.014645623000000002 -0.7059622119060991 -0.006841211264285588 0.011328260576583704 0.7081258530101792
0.014693808000000001 -0.7058967260579592 -0.006822456472188308 0.011561704428843122 0.7081875409939368
0.014738074 -0.7058061358830795 -0.007065052988423941 0.011969252245561729 0.7082686782406434
0.014789293 -0.7057903975436332 -0.0070790815938343125 0.012271452170245379 0.7082790500929846
0.014847246000000001 -0.7056985076379472 -0.007232073932502528 0.012373833449393518 0.7083672787967941
0.014898843 -0.7056491125273757 -0.007288072682890482 0.012419883812974252 0.708415104632847
0.014961832000000001 -0.7056758576479142 -0.007271076392871367 0.012258173724092457 0.7083914543230451
0.01502265 -0.7056180043577328 -0.0073339206731820854 0.012197188939422017 0.7084494859308921
0.015076491000000001 -0.7056443710278422 -0.007430386642510781 0.012337599888028303 0.7084197870048987
0.015128996 -0.7056715545416911 -0.007481680707871882 0.012500173973929787 0.7083893189589461
0.015180646 -0.7056580904970876 -0.0075842290250677635 0.012684104957536232 0.7083983711637999
0.015232200000000001 -0.705667199439976 -0.0076786904102759445 0.012811581082905706 0.7083859857014957
0.015280529000000001 -0.7057232022391565 -0.0077138145889577465 0.012942908665127756 0.7083274242898431
0.015329507000000001 -0.7056477255100662 -0.007693385592780841 0.013021214175580591 0.7084014026538795
0.015373739 -0.7055287220382652 -0.007631823418248626 0.0131905204663599 0.7085174576679045
0.015429172000000001 -0.7053964089610636 -0.007599507007184068 0.013126464154525576 0.7086507247275508
0.015471834 -0.7054056313327018 -0.007595583466389345 0.013138355509484147 0.7086413662851071
0.015527601 -0.705289517466511 -0.0075632692739253824 0.013081829058868306 0.7087583221791616
0.015576781000000001 -0.7052193251198206 -0.0074416796071422675 0.013057697288830442 0.7088298959720041
0.015617766000000002 -0.7051716182542686 -0.007327727541217825 0.012987882527363562 0.7088798262929991
0.015677059 -0.7050705097087541 -0.0074477642680051285 0.012951163213331446 0.7089798124896554
0.015727415 -0.705104056297549 -0.007571753310490765 0.012833871089971152 0.7089472689117245
0.015784942 -0.7051410565539544 -0.007382990238992623 0.012701532964282244 0.7089148417669505
0.015846579 -0.7051445953270264 -0.0072130183782160955 0.012500508234598116 0.7089166448467941
0.015911795 -0.7050578467118517 -0.007102392127058741 0.012446424652723064 0.7090049896365216
0.015958643 -0.7050327982681642 -0.0070599873561730175 0.012630436511259467 0.7090270671971748
0.016018749000000002 -0.704970385255051 -0.006898717636509289 0.012410161190879789 0.7090945998296224
0.016084208000000003 -0.704952008766293 -0.006672732770077549 0.012432800007245469 0.7091146349200014
0.0161436 -0.7049382870038555 -0.006715077047835347 0.012296671076915625 0.7091302497685014
0.016202093 -0.704974831767569 -0.007157510255376173 0.012845803139489886 0.7090798558434253
0.016242128 -0.7048693910240468 -0.007175928661045976 0.012740206880550924 0.7091863893038846
0.016289476 -0.7049629656075915 -0.007239100365446715 0.012841456124515203 0.7090909035887079
0.016336692 -0.7049788415797973 -0.007172566874533766 0.0127806313986067 0.7090768947514011
0.01638633 -0.7049238589482578 -0.007063179303192316 0.012811877460538919 0.7091320895147555
0.016436497 -0.7050826764251034 -0.007255563370949845 0.01263085952861045 0.7089754844795064
0.016483077000000002 -0.7050984270055347 -0.007248010890217596 0.012706547784641987 0.7089585447794897
0.016534633 -0.70494119157613 -0.0076253240941301466 0.013200392786574384 0.7091019112102046
0.016581508000000002 -0.70491485416937 -0.0074502614872908254 0.013152193288590845 0.7091308495523556
0.016629701 -0.704883079674108 -0.007585711030351549 0.01310167223742577 0.7091619329616413
0.016675105000000003 -0.7048668576108604 -0.00775187675561628 0.01301171918404167 0.7091779160495847
0.016714889 -0.704939501289191 -0.007698251260989566 0.012749576371090995 0.709111052481927
0.016773820000000002 -0.7049825309583359 -0.007991454198282764 0.01303905087948475 0.7090597653622275
0.01683378 -0.7050484788699898 -0.008248346461311779 0.013463626544091488 0.7089833129094423
0.016885888 -0.7049249351586095 -0.00784486175814914 0.013325080940794798 0.7091133450680125
0.016945331 -0.7047673052663216 -0.008137317018639649 0.013612355342058808 0.7092612588330385
0.0170049 -0.7047702076591857 -0.007937514191366382 0.013394525481372734 0.7092647862058415
0.017059373000000003 -0.7047789772997941 -0.007991475900647464 0.013596859270159394 0.7092516160624328
0.017112046000000002 -0.7048218796656659 -0.007787854142543945 0.013572051640158149 0.7092117220454609
0.017157613000000002 -0.7047990687608283 -0.007903297866333618 0.013685843799301009 0.7092309272981583
0.017211275 -0.7047720666590471 -0.008011953568121547 0.013783162372239302 0.7092546560243207
0.017259267000000002 -0.7048095543086462 -0.008263560817605708 0.013990899303861274 0.7092104486360374
0.017298214000000003 -0.7048395856008222 -0.007881601490477686 0.013796561798562293 0.7091887575325375
0.017341231000000002 -0.7048033710038308 -0.007733680271219833 0.01391968101417668 0.7092239708946404
0.017392473000000002 -0.7048008195350236 -0.0077788166344655955 0.014220778105953952 0.7092200393845247
0.017436608000000003 -0.7047382652601167 -0.0076899023690552935 0.014033424315600564 0.7092868995559507
0.017494152000000002 -0.7047083435551311 -0.007890453647812204 0.014127988424011908 0.7093125483227442
0.017549033000000002 -0.7046411632841262 -0.00769817167931581 0.013983272459289672 0.7093842662828925
0.01759913 -0.7044637857121974 -0.007885244551853242 0.014139570057264867 0.7095552621868092
0.017637515 -0.7045212264484377 -0.00795065923219101 0.014024400004247595 0.7094997848525978
0.017692808 -0.7045103302365351 -0.008457585649234375 0.01433104886537044 0.7094986151314262
0.017745469 -0.7045341718531172 -0.008419631644815245 0.014264221620972191 0.7094767385022254
0.017801387000000002 -0.7046157497884455 -0.008474427492551834 0.014296847743116372 0.7093944103059662
0.017864902000000002 -0.704716135669969 -0.008305185699773262 0.013889056543543997 0.7093047907107406
0.017928114000000002 -0.7048739225952321 -0.008198067778797363 0.013515956151460338 0.709156445263819
0.017997313 -0.7046691777730574 -0.008344591320306963 0.01367614646782739 0.7093551160808881
0.018051845 -0.704617611057289 -0.008359921576253492 0.013677267572560346 0.7094061363217165
0.018106044 -0.7045575077993037 -0.008276780621322737 0.01364329099180784 0.7094674578281183
0.018160563 -0.7045337702150473 -0.008365044345306986 0.0139110607441002 0.709484795502092
0.018208385 -0.7046111171118367 -0.008578047007100225 0.014072190261759827 0.7094022583930712
0.018257871000000002 -0.7045071016468106 -0.008732834589453477 0.01427957469437236 0.7094995243661484
0.018305694 -0.70453835677817 -0.008736798841581126 0.014474428183933748 0.7094644903750049
0.018361055 -0.7044695019238042 -0.009053910020308769 0.014807253546146218 0.7095220171460439
0.018408437 -0.7044144961590643 -0.008899369082470675 0.014751555466832041 0.7095797421306601
0.018462441 -0.7043447125546594 -0.009007469674862724 0.014894241547921435 0.709644666685421
0.018512973000000002 -0.7045397834929858 -0.009255777244289259 0.015159099710497895 0.7094421933880358
0.01856029 -0.7045272117595992 -0.00933394960309243 0.015325815483558282 0.7094500719957784
0.018612863 -0.7044625099171551 -0.009376460818368007 0.015247783500627736 0.7095154397207021
0.018659755 -0.7045491804811127 -0.009296523207553281 0.015287701481122021 0.7094295688248886
0.018719184 -0.7045960444788616 -0.009404100802433157 0.015208965084499655 0.7093832986290964
0.018763999 -0.70460370749029 -0.00948354533994514 0.015283317672693425 0.709373031598776
0.018822792 -0.7044658831033395 -0.009702314226568117 0.015499572926075776 0.7095022536124812
0.018884318 -0.7044384574081943 -0.009881102863582679 0.015821738299655174 0.7095199053780941
0.018942894000000002 -0.7043296166930568 -0.009598931385093512 0.015586274046553732 0.709637033719789
0.018996141 -0.7043427640569743 -0.009774706363611774 0.015855059489064648 0.7096156304117631
0.019053464000000003 -0.7041159906145484 -0.010012282410170907 0.016002651147216825 0.7098340236408027
0.019113047 -0.704088654346469 -0.0099330284680855 0.01593483590038867 0.7098637776157181
0.019171068000000003 -0.7040808289320934 -0.009676260768276391 0.01570595203707986 0.7098801866360608
0.01922733 -0.7040112936173336 -0.009773235325711924 0.01575087085957297 0.709946823640814
0.01927804 -0.7039169833416836 -0.0100211670298595 0.016275572929900395 0.7100250435726239
0.019340124 -0.7040504770801337 -0.009995341890640521 0.016405186278499514 0.7098900539709599
0.019395399 -0.7039797747284016 -0.009572310848500014 0.01596233196099997 0.7099760922712361
0.019448698 -0.7037888544482878 -0.009732488833767804 0.0162272457666688 0.7101571681749714
0.019496746000000002 -0.7038788303529532 -0.009600213066064445 0.015865122246498675 0.7100779717651772
0.019544983000000002 -0.7039447402398692 -0.009536753408979241 0.015578854760147759 0.7100198252918019
0.019596053000000002 -0.7038598300824602 -0.009902760059470666 0.0160007494666648 0.7100896076946902
0.019643515 -0.7038781913597141 -0.00983110073701303 0.015938625171032585 0.7100737999772511
0.019702385000000003 -0.7039087499561988 -0.009677604096031986 0.016108401314036517 0.7100417840670838
0.019751526000000002 -0.703980551852375 -0.009364928471193851 0.015642417848997933 0.7099852079390047
0.019804754 -0.7040110415033746 -0.009296467184551798 0.015549368114699005 0.7099579186757855
0.019870999 -0.7040439395552917 -0.008999636955153564 0.015237273924803191 0.7099358866781423
0.019933115 -0.7040571686692695 -0.009024716146901576 0.015436203026525755 0.7099181511836437
0.019980788000000003 -0.7039776720759156 -0.009213813961636452 0.015601030873791853 0.7099909511300334
0.020036876000000002 -0.7038326329351862 -0.009394726852889883 0.015759147275284453 0.7101288708396797
0.020096836 -0.7037822071469253 -0.009484009160257054 0.015666118592951 0.7101797175376677
0.020147154 -0.7036923626078491 -0.009822245980311279 0.016112450635619117 0.7102541595976752
0.02019367 -0.7037792462915662 -0.009990754562410444 0.016460732315199726 0.7101577300883203
0.020245704 -0.7038318859630537 -0.0101749754908089 0.016574612280136777 0.7101002946085961
0.020294878000000002 -0.7037724487452575 -0.010393953546151493 0.016947826460175976 0.7101472222680727
0.020339375 -0.7037050035942433 -0.010214622577509096 0.016666441376160974 0.7102233163828681
0.020390132000000002 -0.7038009255424901 -0.010371239108307192 0.01709232806441441 0.7101158686624531
0.020434605 -0.7038105959186467 -0.01054990048782745 0.017195435610806574 0.7101011629806631
0.020480404 -0.7037173855844333 -0.01056913541267959 0.01715526914008376 0.7101942208604411
0.020533721 -0.7038217176196887 -0.010669145394438806 0.01727514347646269 0.7100864233044387
0.020576913000000002 -0.7038092653380641 -0.010787782365232021 0.01759914231719615 0.7100890169307178
0.020620046000000003 -0.7037530469600647 -0.010930676291506732 0.017755936220191077 0.7101386455750589
0.020673756 -0.7037417886307699 -0.01109469826959824 0.017885075829823602 0.7101440182580097
0.020722581 -0.7037863670327266 -0.01074197925563026 0.01762709908626535 0.7101117129285717
0.020786366 -0.7037423156080048 -0.010935537900627065 0.017841156241882167 0.7101470695408518
0.020857134000000003 -0.7036633674593415 -0.011336331390231309 0.018162311128324067 0.710210872446253
0.020902142000000002 -0.7036672143934734 -0.011171900686537601 0.01805706095933377 0.7102123503377634
0.020959674 -0.7037938418000115 -0.011021318178379983 0.01751444947229944 0.7101028114644196
0.021009184 -0.7038340467923025 -0.010838117534939058 0.017783994166196394 0.7100590815810793
0.021065292000000003 -0.7037843749758523 -0.010927430962892344 0.017899370035826364 0.710104046844348
0.021120025 -0.7037747548031159 -0.010912748265950515 0.01822404501515851 0.7101055489224
0.021172816 -0.7038514374988566 -0.010335369615553276 0.018013944379371 0.7100435422377979
0.021227428000000003 -0.7037870284385751 -0.010272654700607273 0.017893656381141283 0.7101113350935299
0.021273458000000002 -0.7037783256771827 -0.010233956952119665 0.018107507267487177 0.7101150981444353
0.021319678 -0.7037970593600622 -0.009821401643130081 0.017674082350663305 0.7101132769628765
0.021376911000000002 -0.7038133059538346 -0.009856966853570591 0.01741029237321634 0.7101031983354674
0.02142382 -0.7037221099616036 -0.010263750923602549 0.018294652636047647 0.7101655814337193
0.021479170000000002 -0.7037485402745737 -0.01024940717085724 0.018428931819120788 0.7101361251098682
0.021526103 -0.7037426262447162 -0.010369503613114624 0.018878056938921653 0.7101284449782431
0.021588735 -0.703691078608392 -0.010508101218506769 0.019052853105633347 0.7101728201531471
0.021647140000000002 -0.7036390405019802 -0.010530050579110297 0.019358481948751997 0.7102157896674032
0.021703738 -0.7035559609696043 -0.010761107136172161 0.019509086957007343 0.7102905066826135
0.021755601000000003 -0.7034203301919547 -0.010961596373321655 0.020233727442617012 0.710401491236728
0.021812987000000002 -0.7034513796150027 -0.01067893116454715 0.020137147236907633 0.7103777954357039
0.02187725 -0.7034280729439055 -0.010649171427100644 0.020186276037565783 0.7103999265217265
0.021932598 -0.7033845825403373 -0.010668741538332579 0.020496828667994797 0.7104338019922041
0.021986054 -0.7033406322993166 -0.011041017734819901 0.02115637278217221 0.7104522916951411
0.022038845 -0.7032764749984788 -0.011054507711296053 0.021272281903434904 0.7105121305055918
0.022090241 -0.7032552699027599 -0.010947569860756224 0.021263698721143944 0.7105350316380157
0.022142171000000002 -0.703232833166514 -0.010956603898924054 0.0214494621469706 0.7105515152057627
0.022195476000000002 -0.703202859228283 -0.010949715020619142 0.021336400570224637 0.7105846891995642
0.022249209000000002 -0.703159412735207 -0.011008694035719331 0.02152274803762332 0.7106211510041164
0.022299648000000002 -0.703191848699242 -0.010961616351690903 0.02131847763891576 0.7105959396176277
0.022344431 -0.7031122323502033 -0.011300802753792395 0.02201057513364311 0.7106483062379866
0.022393536000000002 -0.7031419205692057 -0.011224365209331205 0.022219116771157513 0.7106136531293256
0.022456151 -0.7030900868993246 -0.011348506016108203 0.022197789518461266 0.7106636329907392
0.02251736 -0.703064833093686 -0.01128610514547016 0.022217047702420563 0.7106890087014014
0.022567024 -0.7030346843281099 -0.011184636506265168 0.022145795350980615 0.7107226605970639
0.022617217000000002 -0.7030375776358695 -0.011164863966887734 0.022398049987176587 0.7107122044831233
0.022662632000000002 -0.7029992722659816 -0.011254013605513253 0.02240593309930573 0.7107484396980523
0.022708456000000002 -0.7030180570900676 -0.01128296690219001 0.022676684990748458 0.7107208129927112
0.022752471 -0.7029458717013939 -0.01142430062006155 0.022758908739195727 0.7107873232453644
0.022795724 -0.7030134341934728 -0.01160833092282967 0.0229428551078403 0.7107116035328154
0.022852894000000002 -0.7030672016254252 -0.011804319007128932 0.022723427661950752 0.7106622361478503
0.022911010000000002 -0.7030573999371672 -0.011877175810994556 0.022769579105816156 0.710669241880981
0.022969917000000003 -0.7030168538445082 -0.012060892677347619 0.023100107309254107 0.7106955910378895
0.023022002 -0.7029517601865655 -0.012177522312444693 0.02314380649760815 0.7107565652329494
0.023073647000000003 -0.7027890225689869 -0.012178216656431321 0.023210070086720345 0.7109153067997381
0.023118759000000003 -0.7028006283012748 -0.012433694761385651 0.02330722977154415 0.7108962323252879
0.023179979 -0.7028408046267453 -0.012533261647202242 0.02338552297660392 0.7108521914007313
0.023237523000000003 -0.702791989958203 -0.012508115196956038 0.023361054690303428 0.7109016999758578
0.023287702 -0.7027059101799787 -0.012652693073967757 0.023589015951964002 0.7109767024892735
0.023345613 -0.7026452605166125 -0.012754014726154075 0.023767536327499894 0.711028886332213
0.023398814 -0.702554963363262 -0.012931776476228115 0.023928205859547847 0.7111095088487824
0.023452348 -0.7024657188290316 -0.012730271824948014 0.02413450633929509 0.7111943332543029
0.023501162000000003 -0.7024801280724822 -0.01287620267134019 0.02420674574228176 0.7111750182118346
0.023549042000000003 -0.702430732944278 -0.012669696734558662 0.024347382532180745 0.7112227141787932
0.023595925 -0.7023897458589097 -0.012884979550283678 0.02432704456728717 0.7112600207497012
0.02364401 -0.7023531301545154 -0.012984544261190976 0.024282393175788494 0.7112958931092876
0.023691729 -0.7022678612805487 -0.012760082665380838 0.024319358441609488 0.7113828787002148
0.023742033000000003 -0.7022283246325145 -0.012797958076096088 0.024495638338372264 0.7114151783981624
0.023803315000000002 -0.7021975799453544 -0.012870763933206462 0.024437157072332644 0.7114462224995539
0.023873149 -0.7021880358136482 -0.012935553951232873 0.024604349472161557 0.7114487049613601
0.023926529000000002 -0.7020848573450428 -0.012928395470316186 0.02465485990994284 0.7115489073564615
0.023974417 -0.7020350149387814 -0.012916899753304428 0.02473020872921308 0.7115956775282413
0.024016661 -0.701971883227927 -0.013024928629897166 0.02466524279742608 0.7116582411448398
0.024072153000000002 -0.7019454716844394 -0.012988269424315788 0.0247616815600337 0.7116816133394132
0.024137514000000002 -0.7018605551062509 -0.012887743270722608 0.02468764771364545 0.7117697572317184
0.024195056000000003 -0.7018745051867722 -0.012916184901873079 0.024920484744801234 0.7117473713168794
0.024241205000000002 -0.7019282726290181 -0.01288135679741256 0.025026044201011576 0.7116912728443061
0.024294435000000003 -0.7018650501669396 -0.013009122319904132 0.025008538718530607 0.7117519139993852
0.024343016000000002 -0.7017982500796742 -0.012926182581719316 0.0250487782349798 0.711817876073582
0.024389498000000003 -0.7017679597199847 -0.013027893632252185 0.024975523227742744 0.7118484585482057
0.024442671000000003 -0.7016986504601862 -0.012757630651854975 0.024967438255074925 0.7119219576817971
0.024488558 -0.7016816136452043 -0.012630594841067069 0.024993653173005195 0.7119400947041049
0.024540758000000003 -0.7016824795398492 -0.012637174239588609 0.025016059571709822 0.7119383375669212
0.024588382000000002 -0.7017248307357469 -0.012710431129263587 0.025053118684200154 0.7118939865693419
0.024634617 -0.7016771018619102 -0.01269040930612862 0.025062008823785675 0.7119410747723642
0.024678138000000002 -0.7016584167779781 -0.012692075889556849 0.025091245636072113 0.711958430504664
0.024729976 -0.7016031472419109 -0.012842037492566861 0.025132555757870087 0.7120087502933948
0.02478493 -0.7016590259127383 -0.012792354816082306 0.024967615299758737 0.7119603817626997
0.024841357 -0.7016181819856753 -0.012737317774847247 0.025043818821955333 0.7119989428235344
0.02489326 -0.7016207543810548 -0.012523594113403336 0.02489027710654225 0.7120055833473506
0.024946709 -0.7016519671199654 -0.012412880138737543 0.02484885695636757 0.7119782101660875
0.024998217000000003 -0.7015088363044245 -0.012367412030899312 0.025201351518227093 0.7121076404506019
0.025049967000000003 -0.7014625734706568 -0.012223369354444711 0.025210127346362365 0.7121553880584823
0.025101701 -0.701552416028451 -0.012100801808388332 0.025074374730479434 0.7120737699790043
0.025152347000000002 -0.7015317731059826 -0.012042965035933965 0.02491536169103167 0.7121006691948292
0.025210493 -0.7015227757192075 -0.012048062239738139 0.024920402082042846 0.7121092703395697
0.025256735000000002 -0.70149095152783 -0.011767059865019068 0.024754924563525967 0.7121510899637562
0.025311473 -0.7014828630413676 -0.0118645107044205 0.02490066804764387 0.7121523593837282
0.025360241000000002 -0.7015121161573579 -0.0118187021227647 0.024735316040108656 0.7121300676877461
0.025416824 -0.7014966592069422 -0.011799534582154284 0.02491069636180039 0.7121394984916319
0.025466062 -0.7014698285556539 -0.011898883416137927 0.025163417761825794 0.7121553893681446
0.025513997 -0.7013501377868445 -0.011746512242516348 0.024770397202379127 0.7122895696968655
0.025565992000000003 -0.7013956015504987 -0.011626016923558146 0.02491316548596579 0.712241798858769
0.025610839000000003 -0.701338727757622 -0.01152997331871538 0.024554388083328018 0.7123118212471575
0.025662864 -0.7013722740330219 -0.011553457506829583 0.024542730542612273 0.7122788114319402
0.025705973 -0.701371789600669 -0.011485232561610837 0.024557759893554274 0.7122798737956662
0.02575681 -0.7013377734175121 -0.011483031318903547 0.02461727747974579 0.7123113485119971
0.025825056000000002 -0.7012420154141059 -0.011538107483950122 0.024784083120696767 0.7123989451968027
0.025887286000000002 -0.7011854536082186 -0.011624776393581003 0.024928250996657745 0.7124481781324749
0.025939543000000002 -0.7012052846787862 -0.011485069035366825 0.024743701314963826 0.712437359473119
0.026001416000000003 -0.7012387629048386 -0.011756202275451636 0.025055126695126585 0.7123890999545406
0.026065340000000003 -0.7012253687296864 -0.012086456935169174 0.025346878542734885 0.7123864369545566
0.026114605000000003 -0.7013062618615588 -0.012140254227880048 0.02518177209807741 0.7123117433083977
0.026166372 -0.7013013452554286 -0.012272330289393663 0.024946855790390906 0.712322586640608
0.026220813000000003 -0.7013227617087349 -0.012252330170776213 0.024956873391496104 0.7123014943021944
0.026272861 -0.7012692916172966 -0.012180470842605592 0.024888195675715038 0.712357771404674
0.026322164000000002 -0.7011756975366534 -0.012288441291022795 0.02525356304718323 0.7124351850856648
0.026373777 -0.7011457583802347 -0.012519231988115914 0.025971203664795654 0.7124348327503601
0.026434337000000002 -0.7011644838457946 -0.012637283368118148 0.02614030051894305 0.7124081346749997
0.026477321 -0.7010888892102891 -0.01257519423689506 0.026053222498227 0.7124868163785516
0.026520432 -0.7011093097152098 -0.012712255806954302 0.026295677439957522 0.7124553822738187
0.026564745 -0.7011403925769474 -0.012855384959076378 0.0263513606116229 0.7124201672949139
0.026611351000000002 -0.7011471433296155 -0.013040245199984023 0.02648861470352534 0.712405073463778
0.026662981000000002 -0.7010626595056534 -0.013104062664870639 0.026718824646363576 0.7124784455673385
0.026715333 -0.7010198455797793 -0.013406675360526045 0.02733519941977553 0.7124915606740614
0.026766922000000002 -0.7010640107204679 -0.013464126962380328 0.027432597515207345 0.7124432768657727
0.026833923000000003 -0.701062795616519 -0.013504065580006955 0.027592842523860656 0.71243752838871
0.026897746 -0.7010821176394666 -0.013500730172933247 0.027721492996196785 0.712413583136242
0.026953022 -0.7011031095347275 -0.01383434946816553 0.027990430490482807 0.712376007720982
0.027019965 -0.7011219629375941 -0.013771419449692084 0.028329299177017868 0.7123452757624025
0.027078968000000002 -0.7011203964087577 -0.013898739879387662 0.028407452557348705 0.712341232422069
0.027125083 -0.7011049432069397 -0.013737773778538978 0.028599273846214836 0.7123518889691186
0.027178642000000003 -0.7011190933074883 -0.013887633772128778 0.02876591447364675 0.7123283461946395
0.027234919000000003 -0.7010998391726142 -0.014147513757898782 0.02882927930113906 0.712339621263327
0.027284754 -0.7012358877054978 -0.014427967821344057 0.02906441947313182 0.7121905103686212
0.027333436000000003 -0.7012328870655495 -0.014388623417142385 0.029280611212096668 0.712185405228806
0.027380643000000003 -0.7012071029176755 -0.014340542480498751 0.029433036828360792 0.7122054787785785
0.027417985000000002 -0.7012262917211346 -0.014392652323488192 0.029920478283145126 0.712165222639682
0.027458665 -0.7012820664641536 -0.01453291196637497 0.030193994874816197 0.7120959067422324
0.027510992 -0.7013464036883607 -0.01461043542822285 0.03024233050807448 0.7120289029635242
0.027554338 -0.7013621109425819 -0.014518136921213723 0.030272881597350722 0.7120140207006416
0.027603781 -0.7013438604068484 -0.014563507633116195 0.03052781546236314 0.7120201866507253
0.027665715 -0.701449827166294 -0.014449202277050762 0.030633664780798944 0.7119135755862712
0.027714418 -0.7014344062348458 -0.014503268297341233 0.03071181829256781 0.7119243029815934
0.027759327 -0.7014716362196709 -0.014377212872137736 0.030686681544603453 0.7118912605904821
0.027822051 -0.7013841360605694 -0.014343536744129613 0.030624214089858253 0.711980838328965
0.027886045 -0.7013516058061382 -0.01429526098676325 0.030569628168395674 0.7120161995208509
0.027946138000000002 -0.7013497523430109 -0.014459751965748686 0.030645809102230102 0.7120114288731288
0.027999605 -0.701241969336198 -0.014509043975490465 0.030657373185590205 0.7121160815160449
0.028061729 -0.7012384573846274 -0.014428456374399398 0.030806233073966814 0.7121147530667169
0.028114747000000002 -0.7011670146182929 -0.014559430918120363 0.030791491816185432 0.7121830695926038
0.028165612000000003 -0.701020669283887 -0.014530660001746826 0.03062079757960695 0.7123350671645137
0.028205023000000003 -0.7008987027380151 -0.01446370152023238 0.030733619983024884 0.712451580418795
0.028254103000000003 -0.7008923935342094 -0.014561574259601416 0.030740126458758066 0.7124555129032739
0.028308157 -0.7009037751571568 -0.014453952505168514 0.030769983670184145 0.7124452184781362
0.028355277 -0.7008537179768767 -0.014429226868039439 0.030472201391496395 0.7125077602049917
0.028402344000000003 -0.7010347054810343 -0.014497094132054172 0.030679430456984538 0.7123194146727151
0.028444601000000003 -0.7009970703912461 -0.014281208489452508 0.030606598299314367 0.712363945274825
0.028492889 -0.7010968624751857 -0.014258195138410115 0.030555941588445507 0.7122683677747368
0.028541215 -0.70097020626015 -0.014084533030938201 0.030387792536193857 0.7124036622096206
0.028587088 -0.7010747125792289 -0.014026697478422534 0.030676304606810718 0.7122895924239446
0.028631744 -0.7011321277170235 -0.014383808956633458 0.030914334248876556 0.712215662184458
0.028683051 -0.701139002069845 -0.014268402738762372 0.030948212565159353 0.7122097448075297
0.028727548000000002 -0.7012517947849468 -0.01440611451814929 0.031081343292237735 0.7120901166808381
0.028781163000000002 -0.701220664421106 -0.014360838124907592 0.030944224125033646 0.7121276578749566
0.028838446 -0.7011988852067202 -0.01440843431534371 0.03137253420860486 0.7121294015154561
0.028898661000000003 -0.7011980580900233 -0.014376035595219354 0.031249150360617838 0.7121362956155819
0.028965061 -0.7012542159703532 -0.014370671367554608 0.03152898620113198 0.7120687687417405
0.029021473000000002 -0.7013432654095914 -0.014427726172474028 0.03179390646898262 0.7119681258971807
0.029081631 -0.7013849760463936 -0.014492478298811126 0.03208941734089601 0.7119124614332009
0.029141624 -0.7012307746359286 -0.014558576509362436 0.03209706294726741 0.7120626567259893
0.029202253 -0.7012021067965203 -0.014688359261345462 0.032205841973840736 0.7120833106238944
0.029246766 -0.7011321123767023 -0.01469878584439994 0.03207031575350566 0.712158129586648
0.02930075 -0.7010732221022556 -0.014660660538639618 0.03173336044742274 0.7122319819542259
0.029362342000000003 -0.7010604888713697 -0.014661229713850853 0.031841936752371666 0.7122396579456738
0.029408052 -0.7011068096456888 -0.014674811507595035 0.03193199232152049 0.7121897494643105
0.029462360000000003 -0.7011453097949778 -0.014546643160618258 0.0320180090458881 0.7121506138605781
0.029510861000000003 -0.7010673444786159 -0.0146692551870698 0.032157034589379956 0.7122185876431296
0.029553313 -0.7009983376302853 -0.014644258043522351 0.03184903512231696 0.7123008601059718
0.029599955 -0.7010059349763409 -0.014507016631074296 0.03169436127822047 0.7123030907272383
0.029651539 -0.7010033447807393 -0.014280397073133071 0.031801720419168795 0.7123054340969394
0.029700007 -0.7010569528229518 -0.014415101888990884 0.031823406299635634 0.7122489905557006
0.029747877000000002 -0.7008812961088925 -0.01437214357092496 0.03176143573126336 0.7124254778250025
0.029800177 -0.7009072789840582 -0.014223068307133515 0.031691617119132744 0.7124060162572093
0.029855498 -0.7009661952946619 -0.014207426997740056 0.031913586883680144 0.7123384483828221
0.029905018000000002 -0.7009073046806811 -0.014254656785927114 0.03199535463068857 0.7123917828605503
0.029949602000000002 -0.7009364772948129 -0.014273182175808667 0.03214748894028705 0.7123558591202485
0.030011006000000003 -0.7009490678725647 -0.014287696128583237 0.032015238539008874 0.7123491352484461
0.030070475000000003 -0.7007730631258624 -0.014441749749948832 0.03198794271234164 0.7125204006780343
0.030127987000000002 -0.7006979831408855 -0.014868301834180636 0.03242139100455919 0.7125658730448654
0.030176635 -0.7006897527041597 -0.014978571353576027 0.03238274226770659 0.7125734143643105
0.030227229 -0.7004879016210761 -0.015163538216549203 0.032369272674432535 0.712768543762829
0.030276585 -0.700467864274812 -0.015074542014905233 0.03256558615112955 0.7127811809384115
0.030334225000000003 -0.7003208793721732 -0.015074821440730003 0.032691249452785356 0.7129198397317406
0.030383004 -0.700249106996105 -0.015046776898266 0.032638277866067635 0.7129933558414606
0.030427256000000003 -0.7002115364176923 -0.01485411503962644 0.03257704834913662 0.7130370926219906
0.030481386000000003 -0.7001390800545461 -0.014693055202034604 0.03269201475835704 0.7131063138692869
0.030533972000000003 -0.70022411692655 -0.014581218600916386 0.03274101840643995 0.7130228606799739
0.030581274000000002 -0.7001938422348918 -0.014469775926311275 0.032614033015344705 0.7130606802590188
0.030621836000000003 -0.7001911555147098 -0.014752831941890658 0.03262504435542974 0.7130570146695668
0.030680733 -0.7001162773276367 -0.01491385136251666 0.032786256498689235 0.7131197912295166
0.03073207 -0.7001498669500951 -0.014941149595798417 0.03270389302112783 0.713090023236745
0.030784713000000002 -0.7001257817145334 -0.014855702725414949 0.032695371539356255 0.7131158465179762
0.030841734000000003 -0.7001367172204013 -0.014935436787811764 0.03284395612972354 0.7130966165068692
0.030897284 -0.7001344954542581 -0.014965897486454445 0.03286302218769864 0.7130972808531287
0.030954541000000002 -0.700189530093789 -0.015205740952531695 0.033077668777215415 0.7130282429310827
0.031014552 -0.7001788133040647 -0.015209657335872782 0.03316281250250825 0.713034728180023
0.031066175 -0.700244449571779 -0.015405066028059472 0.03330787618014954 0.7129593117204893
0.03112213 -0.7001218543035731 -0.015369328501216029 0.033226864604937144 0.7130842505177575
0.031169393000000004 -0.7000901889971755 -0.0152676780592066 0.033228381623452694 0.7131174517085278
0.031221279 -0.7002716516176462 -0.01527074064876498 0.03335349331913504 0.7129333509551516
0.031274397 -0.7001943509357863 -0.015323195590093132 0.03338173481374515 0.7130068235124714
0.031321983000000005 -0.7000912685833761 -0.015475396468121783 0.03346721128760938 0.7131007457057543
0.031369614000000004 -0.6999958139138744 -0.015348036771699167 0.033453870482724475 0.7131978244638938
0.031427898 -0.6999198753625927 -0.015271046049069365 0.033455121536968294 0.7132739432139137
0.031481835 -0.69974153810999 -0.01522766632179697 0.03332691783133832 0.7134558252405817
0.031524663 -0.699724790718674 -0.015205281774585843 0.03308823806647114 0.7134838366505009
0.031573757 -0.699778580059133 -0.015166742351171034 0.033051198350039813 0.7134336178681953
0.031620457000000005 -0.6998231423029228 -0.015260353259025862 0.03311118575707744 0.7133851277489823
0.031666109000000005 -0.6996871983168615 -0.015145916937690528 0.032831454249443746 0.7135338263344513
0.031715318 -0.6996761335559291 -0.01521964147693065 0.032897422019322775 0.7135400691411946
0.031763166 -0.6995439879806735 -0.014937630768982094 0.03265220611817626 0.7136868427417729
0.031826734 -0.6995401577210554 -0.01484563287397128 0.032786577243185025 0.7136863563729152
0.031892311 -0.6995318299937735 -0.014534929348771273 0.03235001225783875 0.7137208357343262
0.031953847 -0.699549453050635 -0.014507034557686614 0.032341624002012015 0.7137045103134845
0.03200459 -0.6995589045121896 -0.014717061914784503 0.03280207334795346 0.713669931544251
0.032054867 -0.6994688739452047 -0.014927142576492202 0.03310861288342942 0.7137396546005149
0.032117523 -0.6993867156268474 -0.014941644758749125 0.03296333030445538 0.7138265812589446
0.032168899 -0.699416035777023 -0.015148767356542884 0.033221476158378505 0.7137815192812073
0.032215607 -0.699439203736469 -0.015144589134163744 0.03302331924753073 0.7137681010540651
0.032282908 -0.6994463582239289 -0.015370571432253326 0.03310658668465002 0.7137524020409457
0.032335688 -0.6995044874032696 -0.015587267492647562 0.03334530658783057 0.7136796198038474
0.032387286 -0.699470711332994 -0.01570661317656624 0.033587379787996405 0.713698755924944
0.032433363 -0.6993951977826685 -0.015821279565454937 0.03368820217544891 0.7137654723126068
0.032481879000000005 -0.6993607177485646 -0.015875674877437736 0.03374673589833058 0.7137952838409665
0.032526643 -0.6994235041461419 -0.015986903023675204 0.03398001470446551 0.7137202108531933
0.032572567000000004 -0.6994042230067818 -0.01576370393455341 0.03374037693670545 0.7137554381177852
0.032626554 -0.6994554280107967 -0.015583385555976978 0.03350291818278156 0.7137204051966594
0.032681417000000004 -0.6994135762547539 -0.015857733575972574 0.033800383556344966 0.7137413507061308
0.032725936000000004 -0.6993132695429796 -0.016138887245406467 0.03401524535413799 0.7138231226593076
0.032786298000000005 -0.699308126680835 -0.01611288483287347 0.03395834250493251 0.7138314576108428
0.032840965 -0.6993916096067426 -0.016375912596391578 0.03423305821592002 0.713730553937205
0.032907993 -0.699242686906832 -0.016568198762649235 0.03461485894382785 0.7138536062368623
0.032966073000000005 -0.699321409109673 -0.01644961504637864 0.03453422849418907 0.7137831351243858
0.033017888 -0.6992449615184527 -0.016318827044295395 0.03445209374690057 0.7138649962782948
0.033067813 -0.6992097827470548 -0.01621519193940648 0.03436784629918368 0.7139058750297124
0.033121866 -0.6991775884937285 -0.01628327305365219 0.03451468762448952 0.7139287717307221
0.033173541 -0.6992449293996029 -0.01634900096331845 0.034496931382847644 0.7138621719923334
0.033238634 -0.6993424795088256 -0.016254469221305187 0.03439649594260245 0.7137736123251203
0.033285825000000005 -0.6993639118961515 -0.016217862568181418 0.03426779324392043 0.7137596360240767
0.03333398 -0.699470750562387 -0.01655474796953133 0.03472695308900222 0.7136250052769377
0.033382413 -0.6993948045120789 -0.01649019315674385 0.034608323069023936 0.7137066939054958
0.033434817 -0.6993193388733101 -0.016473503383632723 0.03467018567202114 0.7137780216492607
0.033483428 -0.699388930382328 -0.01642345781085439 0.03477335074610545 0.7137059675875532
0.033537719 -0.6994335073602873 -0.016191557927883172 0.03447988461013696 0.7136818197143777
0.033587386000000004 -0.6993151699169373 -0.016302843997766985 0.03450036341868073 0.7137942527967057
0.033630006000000004 -0.6993350940017703 -0.01622622847495241 0.034374900401445335 0.7137825313282775
0.033680775 -0.699336700425612 -0.01620350214679171 0.03438336909734472 0.7137810657936446
0.033722778 -0.6992777541359692 -0.01655970376254665 0.034867219331332876 0.7138071698981115
0.033771858 -0.6992646379867287 -0.01626578716465875 0.03434808231879539 0.7138519450629965
0.033834466 -0.6992096271765864 -0.016286317074518608 0.034382604459791945 0.713903697742411
0.033891999 -0.6992233041952827 -0.0162760336670196 0.03450778229590504 0.7138844966514671
0.033946741 -0.6993546393875915 -0.01641456035776157 0.034700367135847204 0.7137433257803185
0.033995007 -0.6993521625965033 -0.016280816410416662 0.034486356562551175 0.713759188311887
0.034056924 -0.6992841727218051 -0.016351660879941523 0.034622063544006876 0.7138176109365766
0.034106865 -0.6993149199575212 -0.016695789891148945 0.034833243926084674 0.7137692473357908
0.034162342000000005 -0.6993753017941986 -0.01668615610218753 0.03463421462344611 0.7137199945442352
0.034219519000000004 -0.699401329783068 -0.016632986388154677 0.03465569238384538 0.7136946872766273
0.034267338 -0.6993610175786235 -0.016733726868360565 0.03454142888596769 0.7137373740858762
0.034314822 -0.6991960265753834 -0.01680810019186141 0.034557343999096914 0.7138964870097508
0.03437423 -0.6991681801951776 -0.016741506415826436 0.034364203796553826 0.7139346463528161
0.034425679 -0.6991689171780555 -0.016871865623859585 0.034327195987628345 0.7139326361906015
0.034478317 -0.6991517779568951 -0.01706156683582318 0.03427155321698423 0.713947585580982
0.034530366 -0.6992260493649215 -0.016886007487345388 0.03384915878412248 0.7138991729160834
0.034577372 -0.6992929718868681 -0.01740319531239466 0.03453887606024562 0.7137881578613116
0.034630541 -0.6992508991203411 -0.017505029855148006 0.03495408203977694 0.7138066728168913
0.034683034 -0.699192317517838 -0.017624663624631998 0.03491182973574475 0.713863179118138
0.034726316 -0.6991071278681099 -0.01797326081008447 0.03502846603976349 0.7139322042230305
0.034784089000000004 -0.698966262912072 -0.018287212828028417 0.03539887216167127 0.7140438789089893
0.034844597000000005 -0.6988549610939626 -0.01852981212664548 0.03564799463260725 0.7141341679933679
0.034900279 -0.698868675547485 -0.018517564589930636 0.03572773615351865 0.7141170793430903
0.034957679000000005 -0.698843437994415 -0.01847227739079685 0.03577876464041011 0.7141403952591878
0.035019887 -0.6988274747379131 -0.01864936520942628 0.036310757049427426 0.7141245624197599
0.035064421000000005 -0.6988454436573152 -0.01855040408208541 0.03607549390915048 0.7141214792505625
0.035123304 -0.6988300288643595 -0.018531644936847603 0.036279611734695724 0.7141267105113432
0.035187192 -0.6988836768646265 -0.01876281008204746 0.03656503250184914 0.7140536125307002
0.035227309000000005 -0.6989829999011938 -0.018991234727231757 0.03703941921117058 0.7139258927067718
0.035277787000000005 -0.6989729884983273 -0.01915089797071803 0.03720226096722715 0.7139229623954939
0.035331553 -0.6991004762906166 -0.019670602223196193 0.0379785015382866 0.7137431084636231
0.035375128 -0.6992804470527011 -0.019444390536429167 0.03799836981279844 0.7135719276555169
0.035426622000000005 -0.6992607991649747 -0.01956851419235781 0.03819923428902057 0.7135770641655995
0.035470851000000005 -0.6992505084650811 -0.01944487402298567 0.03797607935951716 0.7136024388145227
0.035528497 -0.6992662601720058 -0.019372430149821426 0.03812586779768304 0.7135809866720243
0.035574890000000005 -0.6992771543335025 -0.019466606903754045 0.03828136956480216 0.7135594224639851
0.035626884000000004 -0.6990722071033939 -0.019557288749247104 0.03833191187260354 0.7137550183673375
0.03567853 -0.699048032844239 -0.019524981685546724 0.03830020325877177 0.7137812811338743
0.035727556 -0.6990331709424104 -0.01945358551818632 0.03818719560133069 0.7138038400182437
0.035769999000000004 -0.6990443081641661 -0.01958610937203209 0.03842165663122812 0.7137767268863986
0.035839259000000005 -0.6989956917699494 -0.019671004525255154 0.03871282296882534 0.7138062705004776
0.035892349000000004 -0.6990048374257793 -0.019517183194587465 0.038716477069663455 0.7138013387622792
0.035944627 -0.698997229659327 -0.019675789472047494 0.03897319913258257 0.7137904636422435
0.036006296 -0.6991953319384956 -0.019757531908954618 0.03901458003222853 0.7135918933628602
0.036073249 -0.6990125571028428 -0.01974389400326036 0.03911192685036439 0.7137659846477582
0.036135523 -0.6990494412808197 -0.019541042290368515 0.038939190503437686 0.7137448884259109
0.03618345 -0.6988947956277798 -0.019609814755773378 0.039016229713132 0.7138902251947561
0.036231356 -0.6988540269769526 -0.019591412193305093 0.03910373870842377 0.7139258527083827
0.036279070000000004 -0.6987727355356975 -0.019469940575136034 0.03898207473235807 0.7140153943267041
0.036328522 -0.6988232135159915 -0.019398290930112666 0.03905065595556377 0.7139641929604124
0.036380859 -0.6988642671047487 -0.01943898787312495 0.039299297364416855 0.7139092569376541
0.036433888000000005 -0.6987659159640787 -0.019248207654433656 0.03925415136290846 0.7140131741009763
0.036478764000000004 -0.6986904043460529 -0.01913096308353108 0.039210834155190166 0.7140925959643463
0.036539521000000005 -0.6986342180291131 -0.019266871873450525 0.03944113182346299 0.7141312303544394
0.036593337000000004 -0.6985657639553244 -0.019199833798060967 0.03932767793173159 0.7142062542152219
0.03664042 -0.69852355200127 -0.019227824810997673 0.03946524339398674 0.714239198459745
0.036698154000000004 -0.6985706238696596 -0.019386198438939267 0.03953598131094296 0.7141849655083902
0.036738532000000004 -0.6986586229692757 -0.019308741242102846 0.039416421703567336 0.714107587666177
0.036791225000000004 -0.6986971176865924 -0.019380710697829158 0.039645061448903375 0.7140553164090349
0.036845301000000004 -0.6986465953922922 -0.01944039643690866 0.03983923034754794 0.7140923199828217
0.036904236 -0.6986166210640908 -0.01941429242146657 0.039860062514066756 0.7141211924030404
0.036959918 -0.6986200661212822 -0.019573150693819354 0.04009634400079608 0.7141002577946469
0.037021369000000005 -0.6986145181299898 -0.01969284280727795 0.04023895553144867 0.7140943729353336
0.037069601 -0.6985853642701109 -0.019691766547539964 0.04025279316767516 0.7141221434740931
0.03712987 -0.6985206092402412 -0.019684933746715278 0.04030533253170822 0.7141827091294898
0.037182473 -0.6983864830110722 -0.019755392896139295 0.040480147085987184 0.7143020386999049
0.037238129 -0.6985493439259355 -0.019767444313087457 0.04059308726403799 0.714136025916875
0.037292625 -0.6983580333210168 -0.01979117501515978 0.040478622826640456 0.7143289492814768
0.037341940000000004 -0.6983180855418709 -0.019782167791684034 0.040510533901807796 0.7143664423008598
0.03739354 -0.6981396154206624 -0.01974273428985534 0.04038793758767967 0.7145488900841303
0.037446323000000004 -0.698099638644836 -0.01969652675546206 0.04049159260364113 0.7145833557298551
0.037495775 -0.6980220668895372 -0.01978318590299855 0.04045408147886523 0.7146588605638962
0.037546008000000006 -0.6981416346192931 -0.019785946384932394 0.04059957784181968 0.7145337281163284
0.037594583 -0.6981577272758669 -0.019833055795796427 0.0409007028378096 0.7144995243176651
0.037647867 -0.6980554289150249 -0.019681101087295285 0.04080832560973494 0.7146089510936603
0.037694842 -0.6980027484792909 -0.0197600684171769 0.04102133395395387 0.7146460333424804
0.03774901 -0.6980526256636509 -0.019831636093120466 0.040894642902727055 0.7146025931913559
0.037810362 -0.6981231084000697 -0.019750027313133398 0.041048773605103846 0.7145271584232967
0.037865113000000006 -0.6979832399498123 -0.019673772529554708 0.040989011718507745 0.7146693223736118
0.037915765000000004 -0.6980475251239896 -0.01961928892807673 0.041337385014533164 0.7145879629341578
0.037975695000000004 -0.6981739896286673 -0.01964121040173337 0.04158687177701397 0.7144493230144079
0.038032934000000004 -0.6980812637113035 -0.019615982374655186 0.04186364474064915 0.7145244556624598
0.038086025 -0.6980712852773686 -0.019896509748819662 0.04217998714464065 0.7145078433827684
0.038133416 -0.6980164658940491 -0.01980568396881288 0.04210842034158927 0.7145681417189298
0.038176919000000004 -0.6980015898917605 -0.019831944991391577 0.04203998258955544 0.7145859740649141
0.038232765 -0.697996176965327 -0.019976373017500722 0.04205169543381783 0.7145865492534785
0.038281105 -0.6979745626558825 -0.01986977221470294 0.04187032112710413 0.7146212830906855
0.038340134000000005 -0.6979686851525391 -0.01993774550222187 0.04210651514859363 0.7146112525231917
0.038387719 -0.6978215825329515 -0.019875818790791748 0.04186517153952156 0.7147708011597622
0.038433594 -0.6977794395084037 -0.019912279409720086 0.041995060764084005 0.7148033084698665
0.038485736 -0.6977189488213075 -0.019586468147035584 0.04186042875225689 0.7148792508010644
0.038540181 -0.6976409451380484 -0.01963097646210511 0.04167870941073127 0.7149647694900005
0.03859406 -0.6976156076092311 -0.019647159290621607 0.04143859295344177 0.7150030043054716
0.038643002 -0.6975497331691651 -0.019598888091511092 0.04149175741511569 0.7150655126684597
0.038691764000000003 -0.6975819982735824 -0.01963843848414827 0.041662095661441856 0.7150230466241182
0.038740074 -0.6975332346195441 -0.019589376554700305 0.0415141345060136 0.7150805685820373
0.038798492000000004 -0.6975435260222651 -0.019463403107468812 0.04155120952987404 0.7150718161349287
0.038863203000000006 -0.6976058462017445 -0.01941143750219402 0.041672488295966155 0.7150053728179028
0.038925282000000005 -0.6976041756520626 -0.01940148964201288 0.04167833094541777 0.7150069321636542
0.038987042 -0.6976524024371205 -0.019005505547123838 0.04150975185122509 0.7149803190535114
0.039041192 -0.6976541800909347 -0.019037729606382243 0.0417686711182242 0.714962647951693
0.039095892 -0.697646669726209 -0.019185603744667462 0.041888473162004766 0.7149590146610065
0.039147640000000004 -0.6976744193323131 -0.01905817609530672 0.041716309935982625 0.7149454105164703
0.039202092 -0.6975674440432227 -0.01882998873416967 0.04141009351564215 0.7150736302579624
0.039255174000000004 -0.697609167297736 -0.018914328890960713 0.04175223413761191 0.7150108032815174
0.039297792000000005 -0.6976633486859677 -0.018930700313417297 0.04186689115363887 0.7149507982449237
0.039350485000000004 -0.69777702917826 -0.01870950270801649 0.04206045624489696 0.7148343095291737
0.03941389 -0.6977940549426055 -0.01880851495608174 0.0423031535706615 0.7148007693405756
0.039463727000000004 -0.6978723381961294 -0.018877624950837453 0.04257716559240487 0.7147062472281871
0.039515488 -0.6978530787112931 -0.019012188133166633 0.04294830813120323 0.7146992794625058
0.039566787 -0.697882774568599 -0.01900203839646898 0.042949685767143315 0.7146704695100503
0.039613725 -0.6979325027626683 -0.01912211238269146 0.04327357838678156 0.714599163041116
0.039660581 -0.6978409467049556 -0.01899728244634958 0.04305934031882884 0.7147048408769112
0.039715178000000004 -0.6978357593622176 -0.018901857985433344 0.04325666895162261 0.7147005200160862
0.039762379 -0.6979433400215687 -0.018730710284999657 0.04297189495787592 0.7146171498470243
0.039829627 -0.6978387162780227 -0.01857981497853207 0.04278325240251995 0.7147345730078166
0.039892619000000004 -0.6978312113057853 -0.018377671930349178 0.04262499069764853 0.7147565822501707
0.039946826000000005 -0.6978743914552716 -0.018315115839538865 0.04264116274841967 0.7147150631700581
0.040004513000000005 -0.6978100141249011 -0.018065724324162844 0.042327339451192124 0.7148029169824582
0.040069107 -0.6977332205509935 -0.018253673700671297 0.04262714030064579 0.7148552883246762
0.040118076 -0.6976821257166632 -0.018332478628362146 0.04295925332557035 0.7148832591665067
0.040179123000000004 -0.697559042171328 -0.018231248756003838 0.04278361240520844 0.7150164800641841
0.040232469 -0.6975551475361953 -0.018069856978778793 0.04264972926132279 0.7150323747974339
0.040285323000000005 -0.6974870904569953 -0.018101957905382746 0.0426657956937259 0.7150969917735964
0.040335879000000005 -0.6974064181951897 -0.017853332133233906 0.04256923555850329 0.7151876722762076
0.040379962000000005 -0.697309132899173 -0.017895451823211433 0.04232855645832269 0.7152957565144644
0.040433809 -0.6973250971469306 -0.017526785642098856 0.04207289361362756 0.7153044053387726
0.040489265 -0.6973243579991333 -0.017220636055182387 0.04175886302137312 0.7153309631171523
0.040539903 -0.6973553861729433 -0.01731072973543641 0.04178908983317675 0.7152967747603265
0.040589240000000006 -0.6973524819164149 -0.017477740239819302 0.04205940045451123 0.7152797015116056
0.040627125 -0.6972391170787582 -0.0174786770887762 0.041840337891407675 0.7154030301778094
0.04067316 -0.6971116624337031 -0.017491732469856868 0.04173933737595527 0.7155328064523224
0.040720564 -0.697110241340293 -0.017416285711312738 0.04207001190466314 0.7155166654305408
0.040772806 -0.6972162465199863 -0.01769355701428411 0.042528077476143226 0.715379484088652
0.040832429 -0.6971519799181526 -0.017809938751972197 0.04261585887614632 0.7154340022322799
0.040899004 -0.6971084766912393 -0.017946506857608714 0.042889119301756234 0.71545665002315
0.040950864000000003 -0.6970426118843057 -0.01813849930789585 0.043115096228834304 0.7155023972968502
0.041011545 -0.6968282273757431 -0.01818082304578467 0.04303330215950525 0.7157150369462731
0.041063324000000005 -0.6968609118567235 -0.018568663893645285 0.04371462611107926 0.7156319624719036
0.041116061 -0.6967951437240026 -0.01865554736547662 0.043979362596108434 0.7156775208854752
0.041173816 -0.6969037868009601 -0.018594413392433465 0.04413105226585102 0.7155639803392712
0.041230262000000004 -0.696941208105119 -0.018619499899584516 0.04411772816870184 0.7155277022797216
0.041274623 -0.6967642632151122 -0.018491561711661015 0.043778156914216174 0.7157241763619271
0.041323081000000005 -0.6968119131256595 -0.01865642006462759 0.04416944268616892 0.7156494645071165
0.041379415 -0.6968278060206646 -0.018457143834610445 0.04425010699415644 0.7156341737430516
0.04142796 -0.6969053449612951 -0.018695071466136016 0.044474613730425126 0.7155385686325948
0.041471242000000005 -0.696860687141975 -0.018862534028478737 0.04476440457690775 0.7155595961266348
0.041523155000000006 -0.6968247550391046 -0.018878714537542276 0.04490412845519396 0.715585406607611
0.04157269 -0.696796583128536 -0.01903969683424219 0.04526640315211673 0.7155857491807157
0.041627139 -0.6968383709944594 -0.018894557042123773 0.045063872154228996 0.7155616869637699
0.041672558000000005 -0.6969129480286919 -0.01911237659244306 0.04545138945567491 0.7154587557137685
0.041719729000000004 -0.6969226027745543 -0.01919266661189199 0.045393252624114235 0.7154508927288216
0.041774004 -0.696876989228132 -0.01946170571246744 0.04549529546869546 0.7154815734771303
0.041836748 -0.6968996230361721 -0.01921739871287207 0.04514320901113534 0.715488432945584
0.04189918 -0.6969382133959507 -0.019168191535861665 0.04522807972116237 0.7154468030164366
0.041960581000000004 -0.6970002380431393 -0.01914706980994495 0.045144966489020805 0.7153921930565109
0.04202311 -0.6969380277157928 -0.01934139291806221 0.045178687565566346 0.7154454432264291
0.042079281 -0.6968505355837878 -0.019690012858290144 0.045512638703445726 0.7154999889367412
0.042132382 -0.6968498362939097 -0.019836128235985778 0.04570780531851229 0.7154841928419666
0.042194301000000003 -0.6968912755177288 -0.019965698063861604 0.04597678797649214 0.7154229909469357
0.042244891 -0.6969240866512255 -0.01987981469718108 0.04612513720859576 0.7153838704712652
0.042297068 -0.6968624179308105 -0.019939800322119988 0.04598875356686353 0.7154510531015407
0.042355193 -0.6966514572471001 -0.020193318782879395 0.04632567502033185 0.7156276327993032
0.042410552000000004 -0.6966520376286897 -0.02037620978134024 0.04633280767363794 0.7156214218955564
0.042454926000000004 -0.6966304090885274 -0.020271877177537413 0.04618175379148569 0.7156552031150134
0.042509202 -0.6966529710370545 -0.020181292907856904 0.04617038336735487 0.7156365341858412
0.042563209000000005 -0.6967179252295085 -0.02026335410080425 0.046382352403443655 0.7155572699162492
0.042612932 -0.6966561545654181 -0.020440500456797565 0.04687398008012945 0.7155803366769147
0.042657861000000005 -0.6966758281779761 -0.02025118559343055 0.0470318727220623 0.7155562052437572
0.042698230000000004 -0.6965499924815286 -0.020131484051885657 0.04703211712405367 0.7156820601934067
0.042750647 -0.6965316096108831 -0.019944946647022295 0.04699604056650415 0.7157075436847024
0.042819986000000004 -0.6965707334682577 -0.019983296704964643 0.04734576356910995 0.7156453449861542
0.042883684000000005 -0.6965744625160012 -0.01989822143041462 0.04718141769149256 0.7156549397433585
0.042946064000000006 -0.6966965131025319 -0.01993672065904451 0.04738823302692654 0.7155213841463589
0.043003247 -0.6966848094149725 -0.020102543523651546 0.047418546231918574 0.7155261319809036
0.043059449 -0.6968009597017777 -0.020075784571698112 0.04753231533806675 0.7154062233662172
0.043117183 -0.6967543940146254 -0.020162486981582663 0.04770469012243542 0.7154376640073901
0.043178193000000004 -0.6968067349236975 -0.02026889044984198 0.047743272681061766 0.7153811055364887
0.043230912 -0.6967315521190083 -0.020030368674847598 0.04739626201757717 0.7154841178945535
0.043280700000000005 -0.6967909652790794 -0.020063176527218316 0.04756137223167491 0.7154143802891617
0.043331077 -0.6965459406105883 -0.020003850807964033 0.04751312502068598 0.7156578103552919
0.043380943000000005 -0.6965715031988122 -0.019918058903815386 0.047590989666963755 0.7156301485847064
0.043431518 -0.696542494377091 -0.019889710545790133 0.047430199104895786 0.7156698464754635
0.043474955 -0.6965111519367803 -0.019920979214910137 0.047367058972845086 0.7157036618175712
0.043525374000000006 -0.6964781761329094 -0.019988638389578605 0.047149009824133836 0.7157482625745655
0.043579401000000004 -0.6965612767759436 -0.01987293900427885 0.04655583324988018 0.7157094441056423
0.043629100000000004 -0.6966125439601049 -0.01986051304674602 0.046448583233298674 0.7156668587650047
0.043680133 -0.6966242577949967 -0.01997527377595833 0.04699960595249975 0.7156162860985306
0.043726186 -0.696556695396867 -0.020085787318872242 0.047251119105647 0.7156623945610388
0.043778531 -0.696633216999554 -0.020145015783281088 0.04744695482530474 0.7155732847093635
0.043842178 -0.6966650637935321 -0.020143460420153657 0.047396872730253475 0.7155456423927452
0.043903181 -0.696752866855175 -0.020314988681003492 0.04756914849990138 0.715443862140824
0.043964359 -0.69669679280323 -0.020368252792748967 0.04736310223370207 0.7155106216700506
0.044019796 -0.6965925924469624 -0.020401661357862696 0.047615149784640036 0.7155943892128027
0.044078125 -0.6967200128110441 -0.020205910932186023 0.047700955553339475 0.7154701697144865
0.04412681 -0.6964814814225821 -0.020070204104061056 0.04758344425683745 0.7157140132589845
0.044192737 -0.6962746290088423 -0.020258799631350813 0.047859595049239166 0.7158915289328528
0.044255831 -0.6963096556995265 -0.020119570311583707 0.047782759309986336 0.7158665198085513
0.044318229 -0.6962500645367549 -0.020284091367705676 0.04812869658741616 0.7158966628185569
0.044374355000000004 -0.6962827469448724 -0.020393452075686453 0.04846613468976581 0.7158390022956083
0.044422957000000006 -0.6963560470619471 -0.020313661268778524 0.04853874681151677 0.7157650459082806
0.044468277 -0.6964064275284481 -0.020103738609826158 0.048419853872087894 0.7157300085520913
0.044522572 -0.6963101132425871 -0.019933891991184994 0.0482428788370411 0.7158404087418457
0.044575658000000004 -0.6963294874956212 -0.02014184263894834 0.04858099242870654 0.7157928738076639
0.044626889 -0.6962578497655865 -0.019990416024353103 0.048484730740465 0.7158733273366167
0.044681194 -0.6961725443040442 -0.020446854904860035 0.04893240854723996 0.7159129374969404
0.044728793 -0.6961279830938544 -0.020215859622974654 0.04840241365345753 0.7159988523216396
0.044785319000000004 -0.6960938664722444 -0.019894057486407424 0.047949018942647484 0.716071537710364
0.044854002000000004 -0.6961253954810122 -0.019849193155563893 0.04783741385743537 0.7160495968387308
0.044917242 -0.6962605171723706 -0.019730661862466286 0.04763833906012144 0.7159347608971951
0.044973379 -0.6963213928937456 -0.019494351294295546 0.04750495075891201 0.7158908909320756
0.045025132 -0.6962772260321028 -0.019622513725655887 0.04778205430361147 0.7159119057193086
0.045086684 -0.6963482609257172 -0.019985172757748682 0.04795787895845035 0.7158210210809528
0.045142019000000005 -0.6965174441039381 -0.020084498556797604 0.047950045771517714 0.7156541455809138
0.045188574 -0.6965093488322597 -0.020075965378102426 0.04804287131746291 0.715656038274653
0.045247064000000004 -0.6961145854470786 -0.01982009041385318 0.04831424988418109 0.7160288969042775
0.045297459000000005 -0.6960871786951182 -0.019719940306249305 0.04819481777336978 0.7160663538739822
0.045339895000000005 -0.6959738362027591 -0.01991540832055159 0.04819240035737662 0.7161712702841646
0.045397018000000004 -0.6959578505779994 -0.019686961499852954 0.048005704640223405 0.7162056590726918
0.045444563 -0.6959150297452501 -0.01942208817439493 0.047554584956460935 0.7162845910078139
0.045485564000000006 -0.6959195803880222 -0.018831638002743727 0.046885655433070154 0.7163400326362496
0.045529645 -0.6959064411443538 -0.01872010899636838 0.047173966324106406 0.7163367920149118
0.045575603000000006 -0.6958590251279042 -0.018774126709151295 0.0470683908666054 0.7163883834175278
0.045619081000000006 -0.695675408544721 -0.018747583181451713 0.04728772927516699 0.7165529462161101
0.045669037 -0.6957354637690465 -0.01884599492991746 0.04743754245494514 0.7164821508558366
0.045722450000000005 -0.6955364969180183 -0.019070348888314066 0.04775384851394449 0.7166483609137718
0.045783135 -0.6956895943741512 -0.01902434459992432 0.04776203005813224 0.7165004194533297
0.045848755000000005 -0.695637530153101 -0.0191861240748349 0.0480051624694532 0.7165304066554042
0.045910083000000004 -0.6956122146538604 -0.018925461874679916 0.04806900909492805 0.7165576348639463
0.045972095000000004 -0.6957195158776103 -0.01928954912724932 0.048553931682245755 0.7164110441915911
0.046036206 -0.6957736265975993 -0.019309881640746436 0.04861956044298265 0.7163534932870608
0.046099828 -0.6957763538058129 -0.019465750297379226 0.04899747639366645 0.7163208759746565
0.046159468 -0.6957744727637344 -0.019446320648971095 0.04907869661063519 0.7163176705921509
0.046218951 -0.695866789367407 -0.019463982179835346 0.04887641156464308 0.716241342876661
0.046277424000000005 -0.6957299148276727 -0.01938554742340773 0.04901616339260311 0.716366876601119
0.046328474 -0.6958337451027853 -0.01944857961138149 0.048779611217485114 0.7162804628473415
0.046370373 -0.6958847305537337 -0.01973183120540252 0.049105107925489506 0.7162009389794627
0.046417008 -0.6955964435015383 -0.019613380262420023 0.049291343666003254 0.7164713996680482
0.046466943000000004 -0.6955886708242128 -0.019746741610013847 0.04982196529028016 0.7164385800551263
0.046516396 -0.6955626756827888 -0.020030146569448428 0.05024625215555357 0.7164263197075647
0.046566853000000005 -0.6956340026401938 -0.020076201174976313 0.050022949523556404 0.7163714016054294
0.04661523 -0.6955347343723657 -0.019842783975261635 0.04978598717541417 0.7164907903711271
0.046673477000000005 -0.6955001085435069 -0.01984133867001191 0.04986114937786569 0.716519215428637
0.046738546000000006 -0.6954179729303785 -0.01960321944782748 0.04965720119413175 0.7166196474296865
0.046793737 -0.6954809580950108 -0.0196985170467151 0.049852850259750905 0.7165423216212593
0.046851325000000006 -0.6954765890086082 -0.0199374331868101 0.049966067319169895 0.7165320683790283
0.046916986 -0.6955163333668802 -0.019931266719643737 0.05009576306276714 0.7164846049637071
0.046975222000000004 -0.6955266820921523 -0.020034625027489286 0.05004371862835842 0.7164753132688767
0.047033256 -0.6956258248264552 -0.020190617992269837 0.050255072125925365 0.7163598805804393
0.047089995 -0.6954462794931173 -0.020027855117636297 0.05010413624042637 0.7165493234175635
0.047148772000000005 -0.6954820359145772 -0.020268541336112837 0.050388888708568176 0.7164878811584574
0.047203361000000006 -0.6953336846026849 -0.020460952394376092 0.05109045592615365 0.716576710336881
0.047259817 -0.6952666267975065 -0.020627610399742008 0.051373756590394525 0.7166167430953617
0.04731283 -0.6952279529032159 -0.02082215501894587 0.05164025341727075 0.7166294827798882
0.047371389 -0.6951769727378145 -0.02072044758900947 0.05128053558238895 0.7167077132954421
0.047421476000000004 -0.6952628830072421 -0.020474417110895163 0.051084672902299844 0.7166454339147716
0.047469041000000003 -0.6954593403088976 -0.020732044546491083 0.05100814591427619 0.7164528298195371
0.047515492000000006 -0.6951354673892448 -0.020771685828040017 0.051363058521605234 0.7167405773811769
0.047567763000000006 -0.6950715012094549 -0.020565653203750124 0.051068490221713315 0.71682959719951
0.047610673000000006 -0.6949802717555307 -0.020365511042076526 0.050872468226146515 0.716937695903335
0.047670079000000004 -0.6949215076667358 -0.02027219791286257 0.05067274243173803 0.717011442968952
0.047711565000000004 -0.6947604504839296 -0.020507514934577274 0.05101409490710808 0.7171366120868347
0.047758046000000005 -0.6948085480049921 -0.020458864589764963 0.05073641216088169 0.7171111022428343
0.047821001 -0.6949823099053491 -0.02055787299895285 0.05035380361696642 0.7169668452848343
0.047879151 -0.6948702674666559 -0.020845102895910062 0.05096717409641277 0.7170238073039849
0.047937067 -0.6948379823337719 -0.020560846470687795 0.0505998912440967 0.7170893116654483
0.048007803 -0.6948600210184135 -0.020349712030500986 0.05006776644387618 0.717111329692877
0.04807746 -0.6948115811716323 -0.020460608840025006 0.049968574104285866 0.7171620261542403
0.048129092000000005 -0.6947706649180011 -0.02059235983901673 0.05036198453571937 0.7171703761305831
0.048186893 -0.6947679616782024 -0.020222095422243472 0.0500579111016841 0.7172048185967412
0.048240851 -0.6948989459610937 -0.020208362895197705 0.05025738824744016 0.717064342927329
0.048292408 -0.6949528422876986 -0.02027076978364632 0.050527756018534195 0.7169913449689321
0.048347994000000005 -0.6948688806858015 -0.020404527400066572 0.050874602120469584 0.7170443980501656
0.048405895000000004 -0.6947988669880627 -0.02035850666528377 0.05094113176423887 0.7171088248885532
0.048458783000000005 -0.6946962808313998 -0.020492998011793558 0.051221943769563204 0.7171843744170507
0.048504481 -0.6946984136594012 -0.020589484649729654 0.05161314172925747 0.7171514977895569
0.048556810000000006 -0.6946571933701684 -0.02020387445548437 0.050739039220780706 0.7172647607787648
0.048608877 -0.6946197268647533 -0.01998562297253857 0.050282546742041405 0.7173393028531677
0.048663293 -0.6946464858540647 -0.02015768166733666 0.05057101007970667 0.7172882966422319
0.048709052 -0.6946485504463834 -0.019826065016558002 0.05011467273736923 0.7173275667957583
0.048754006 -0.6945895759020234 -0.019715802052507166 0.05009023817128215 0.7173894174279524
0.048815946000000006 -0.6945826363551597 -0.019065378983438897 0.04946140999246858 0.7174573447388283
0.048880690000000004 -0.6944976953605773 -0.01934813209204595 0.05019430705069373 0.7174811025128782
0.048942557000000005 -0.6945574984663917 -0.01920671065079692 0.04999453022030999 0.7174409596183747
0.049003897000000005 -0.6946533141038926 -0.01913127557581767 0.05020406133730308 0.7173355698169164
0.049070066 -0.6945742565252911 -0.019119689560458602 0.04995314817120482 0.7174299426642544
0.049124433 -0.6946251736659154 -0.01945980419360182 0.05040323028438105 0.7173400159667954
0.049180992 -0.6945835739176082 -0.01938140845242497 0.050255052652708666 0.7173928139681324
0.049237797 -0.694539837826577 -0.019201321937026273 0.04975695321819299 0.7174747162891139
0.049280153 -0.6945281334814762 -0.019500024518333704 0.050108359010452325 0.7174535338290555
0.049332653000000004 -0.6945102657236847 -0.019696420468960887 0.05034898276608401 0.7174486195955404
0.049382867000000004 -0.6944484209388586 -0.019891951477224393 0.0508289129979087 0.7174692484876295
0.049444468000000005 -0.6944188636716392 -0.020079773408908166 0.0509237970749435 0.7174858962852896
0.049501547 -0.6944080409681384 -0.01992259566567491 0.05090314002758866 0.7175022182237942
0.049553632 -0.6943602734066177 -0.02035944724999627 0.05132498629417214 0.7175061319628313
0.049608305000000005 -0.6943595875651397 -0.020562616493460174 0.05135481554151596 0.717498867511307
0.049671572000000004 -0.6942501395101579 -0.020527057446653122 0.05110559477841217 0.7176235795213616
0.049726793000000005 -0.6941548849501815 -0.020530673723813158 0.0516455808882064 0.7176769615300225
0.049773119000000005 -0.6941578790467717 -0.020428496434833604 0.05157502102186733 0.7176820554377075
0.049828601 -0.6942710887984758 -0.020454523457656543 0.051262587685617804 0.7175941853390903
0.049892047 -0.6942896673505258 -0.020575286127300557 0.05163360501018526 0.7175461561772366
0.049958299000000005 -0.6942200224929417 -0.020720585764713195 0.05188809607935103 0.7175909999301315
0.050018614 -0.6940770234723042 -0.02108015500262034 0.05246555129681322 0.7176768621601318
0.050066331000000006 -0.6939308613438403 -0.021292210786746195 0.05293359963920689 0.7177775668434089
0.050125417000000005 -0.6939524390038427 -0.021305629579154124 0.05282441067168231 0.717764351431612
0.050181787000000005 -0.6939798182062973 -0.02140359084096962 0.052735159526940904 0.7177415281082281
0.050239493 -0.6941021231201357 -0.0214601595042729 0.05239296364120923 0.7176466272442596
0.050299566000000004 -0.693989299160116 -0.02162858686793515 0.05250319473026358 0.7177426219923565
0.050361656000000005 -0.6939294479378725 -0.02214371515949519 0.0530866390935965 0.7177418657939081
0.050415717000000006 -0.6938147997645059 -0.022022918660697433 0.0530043536203315 0.7178624890455645
0.050458515 -0.6936556064963028 -0.022052123867061076 0.053220596274417345 0.7179994230787328
0.050509620000000005 -0.6937063626911778 -0.022022953438439352 0.05312607269647492 0.7179582803223824
0.050561843 -0.6936763629578728 -0.022237888505605898 0.05294190077640335 0.7179942443575231
0.050610805 -0.6937112545142289 -0.022170240359692648 0.05291862081670138 0.7179643412966593
0.050661492 -0.6936031700865405 -0.022185462231145835 0.0529555505942913 0.718065566207395
0.050712869 -0.6936137912115561 -0.022551376927232455 0.05353391624716021 0.7180010193941645
0.050775282000000005 -0.6936633026927785 -0.022620073308788635 0.053547084897795375 0.7179500431644248
0.050834771 -0.6936684003851264 -0.022667009453053406 0.053579193992650265 0.7179412419973465
0.050895372 -0.6935839250637948 -0.022567388131314616 0.053385818257052006 0.718040393219668
0.050953737000000006 -0.6935989346348597 -0.022565638215150757 0.053600342002114776 0.7180099673281608
0.051021319 -0.6936638455216796 -0.0225784081010566 0.05348082885853478 0.7179557687269469
0.051082433000000003 -0.693586733724237 -0.02271968996126443 0.05373569453744658 0.7180067782565748
0.051138732000000006 -0.6935520104499877 -0.022829924281341736 0.05384145553795875 0.7180288998526743
0.051186901 -0.6935027088726482 -0.022779752523029148 0.05365664442224176 0.7180919440925606
0.051246135000000005 -0.693575860904971 -0.022445416168856872 0.052850606249155795 0.7180915971392725
0.051313548 -0.6935635106453609 -0.022340548585968387 0.052502446488268614 0.7181323343945085
0.051365393 -0.6936181855309791 -0.02216901610689036 0.05223581218519039 0.7181042872389203
0.051413801 -0.6937480095602877 -0.02167146048293666 0.05170350177312546 0.7180325862633751
0.051463486 -0.6936938866167148 -0.021953915657579613 0.052120976949303635 0.7180461134354436
0.051515395000000005 -0.6936484472964376 -0.022205378892375928 0.05264932407500859 0.7180437322238328
0.051578159000000005 -0.6936117169743812 -0.02237546187232741 0.05266224079181504 0.7180729859677464
0.051632483 -0.6934259057752244 -0.022446488137175435 0.05292712910117808 0.718230734078697
0.051684289 -0.6934250233135137 -0.022550512473712887 0.052624981275210106 0.718250529255363
0.05173648 -0.6934066567989806 -0.022479166564054565 0.05211435576026448 0.7183077260486193
0.051797302 -0.6933708285942384 -0.022505484176333686 0.05241125583562213 0.7183198852170671
0.051863864 -0.6933929904179759 -0.022236455691263604 0.05183936435250082 0.7183483703475879
0.051918996 -0.6932650128005656 -0.02282485590326949 0.05320206867137625 0.7183538041026247
0.051982234 -0.6933632338378077 -0.022238293336943393 0.052564555647372266 0.7183243360495531
0.052041763000000005 -0.6932523017302148 -0.022249301349580513 0.052578508880302695 0.7184300349645317
0.052101633 -0.6931972893640708 -0.021990772350829746 0.05250501286221087 0.7184964492424839
0.052152176 -0.6932716098300721 -0.021862201305467583 0.05234110870201481 0.7184406221098184
0.052212141000000004 -0.6931903441548602 -0.022055933173440997 0.05299930766462318 0.7184648606364721
0.052259275 -0.6932664558944726 -0.02232919245156505 0.053033468599123966 0.7183804559593221
0.052320507 -0.6931885812947092 -0.022350632112078616 0.05311350647082059 0.7184490207643075
0.052373546 -0.6931710219854993 -0.022356196614237045 0.05317721663369149 0.7184610764569066
0.052430371 -0.693322130231951 -0.02287870555439734 0.05358214858738964 0.7182687114969879
0.052480154 -0.693428323265268 -0.023049279446824337 0.05406598028113113 0.7181244745771732
0.052531864000000004 -0.693316342695865 -0.022902032821482378 0.054008828628414336 0.718241597426423
0.052584369000000006 -0.6932539411904775 -0.02284087418724089 0.053939197722913994 0.7183090076278041
0.052632899000000004 -0.693161894241261 -0.023180432631312902 0.05476523372125422 0.7183244566979105
0.052682584000000005 -0.6931825833520723 -0.023200751877168226 0.05507612039643567 0.7182800653030532
0.052737717 -0.6930977345108031 -0.022997444593114584 0.055097766888852526 0.7183668171916351
0.052785582000000004 -0.6930544228870795 -0.023185533244051346 0.05550992119514268 0.718370828064277
0.052841489000000005 -0.6930789261782047 -0.023206522615732944 0.055774419515493175 0.7183260217501951
0.052897940000000004 -0.6931403287135589 -0.023220227545699385 0.05537086052349241 0.7182975522361698
0.052946847000000005 -0.6931484156730471 -0.02285566227246057 0.05524978400760971 0.7183107641676716
0.053008616 -0.6931518816139043 -0.022770852926998788 0.05534684805120591 0.7183026407322176
0.053075341000000005 -0.6932753527815728 -0.022968755489529664 0.0554673292036914 0.71816787514331
0.053134193 -0.6931828493744604 -0.022713756680774477 0.05508590272383027 0.7182946233347783
0.053185897 -0.6931081455317047 -0.022719974048296062 0.055069222329426945 0.7183677902919073
0.05324278 -0.693073238676147 -0.022635265545332846 0.05554348269007484 0.7183676301973148
0.053298990000000004 -0.6931117931191279 -0.02254625917971244 0.05519037512850837 0.7183604463842388
0.05335646300000001 -0.6931755237794913 -0.022457028405301806 0.05537663952789999 0.7182874096786245
0.053417603 -0.6932303360762212 -0.022481356241170897 0.05538871571786914 0.7182328173624007
0.053477345 -0.6931793544135011 -0.02261957170391092 0.05529818973113242 0.7182846565278093
