0 -0.7067529998956005 0.00035399999994770805 0.0003529999999478558 0.7074602089259648
0.0008119140000000001 0.7067437555336067 -0.0005455028382585836 -0.0005643122135384374 0.707469185189456
0.001107436 0.7067676927123631 -0.0007334872699500756 -0.0007531343678547768 0.7074449259999621
0.001353952 0.7067701970412229 -0.0009261898296991426 -0.000910147190740281 0.707442013439124
0.001538405 0.7067355761658171 -0.0010819606599178978 -0.001052933837675654 0.7074761805693777
0.001734436 0.706718589618096 -0.0012309172050489479 -0.0011962366821845342 0.7074926776644718
0.0019133770000000002 0.7067569632176427 -0.0014702472475856723 -0.0014181027269904577 0.7074534771283992
0.00208733 0.7067571244601385 -0.0016676165839078537 -0.001589859795494263 0.7074525131947701
0.0022359890000000003 0.7067995352570181 -0.0018767851353966502 -0.0018457105690179063 0.70740899626066
0.002377506 0.7068124515984063 -0.0020892871257264275 -0.0021525089692060644 0.7073946280895088
0.0025128050000000003 0.7067847023418069 -0.0023905011179887665 -0.002327023880119342 0.7074208471623309
0.002667276 0.7068253186130383 -0.0025633054229966725 -0.0025877705052538484 0.7073787541880925
0.002811769 0.7068463275678429 -0.002798753390808721 -0.002753658385544383 0.7073562423198138
0.002982081 0.7068883882456068 -0.0030735826514051703 -0.0029771827613894785 0.7073121630765434
0.0031317750000000003 0.7069352061081139 -0.003253772588319135 -0.0031522638688756223 0.7072638054936244
0.003291618 0.7069748261517809 -0.003488229967067632 -0.003396406662651298 0.7072219537465859
0.0034424480000000003 0.7069334255609312 -0.0038204315950863617 -0.003617746669472632 0.7072605234538051
