0 -0.7067529998956005 0.00035399999994770805 0.0003529999999478558 0.7074602089259648
0.0008119140000000001 -0.7072337450650313 0.00031551059010212886 0.0006061128202803523 0.7069794642856375
0.001107436 -0.7077565336079037 0.0004171638438170844 0.0007245306854574532 0.7064559364637952
0.001353952 -0.7080204243334788 0.00024831382474361027 0.0012711346056511119 0.7061907683365024
0.001538405 -0.7074097979873212 -0.0005076028919783255 0.001562633679372993 0.7068017248329448
0.001734436 -0.7083504191035318 -3.4982528510537605e-05 0.0017837385657345228 0.7058586974804538
0.0019133770000000002 -0.70889793557742 3.967320058539551e-05 0.0012022309788698089 0.7053100523888647
0.00208733 -0.7097157113927022 -0.0015283215233506224 0.0002426861341968041 0.7044864898201472
0.0022359890000000003 -0.7103862968247373 -0.00031601393205352277 0.00011557179895538137 0.7038119038933558
0.002377506 -0.710764313746987 -0.0007889389107113787 -0.002380970288190839 0.7034257593091517
0.0025128050000000003 -0.7107384928792116 -0.0005441971607053106 -0.0029165834050851724 0.7034500637077791
0.002667276 -0.7104312853907423 -0.0014401102809343228 -0.0004526104818690728 0.7037649536345131
0.002811769 -0.7127420452654725 0.000441796673742994 0.0014526079268886991 0.7014246015479506
0.002982081 -0.7118295716046978 -0.0007017657924518748 0.0003357675842033269 0.7023518034247328
0.0031317750000000003 -0.7138245809152224 0.0018230455092577045 0.002890398983920504 0.7003162069950917
0.003291618 -0.7149086378794612 0.0021982361791685104 0.0045589188938434866 0.6991995591399879
0.0034424480000000003 -0.7162148513239727 0.004660162479527758 0.004382233915301795 0.6978505324598927
0.0035821100000000003 -0.7149311392002746 0.0022157571203520565 0.006754984711762839 0.6991587279035607
0.0037184590000000003 -0.715148530424948 0.0027791565924562825 0.00687094758860766 0.698933219842144
0.003879477 -0.71474743282821 0.002641438768697341 0.006503601286182624 0.699347433853178
0.004030257000000001 -0.7155443660189015 0.003525088667630826 0.003700904136042851 0.6985485933827866
0.004189202 -0.7153118445679242 0.003187784233522575 0.0031417580306511276 0.6987910506073983
0.004343889 -0.7144934584384787 0.0029209218644626685 0.004433281982272749 0.6996219779816452
0.004484364 -0.714937251491337 0.002265217334380068 0.0032428713523156186 0.6991774302749149
0.0046304530000000005 -0.7148829616662299 0.0021610032134142237 0.0019477148385533365 0.6992380764742
0.0047888720000000004 -0.7143931727516013 0.0014931167360809688 0.002271353367508152 0.6997392416337628
0.00497091 -0.7129435720994998 0.00021492497291613821 0.002160088514449387 0.7012180479899752
0.005137509 -0.7108942783556014 -0.0011918273604691091 0.004166085566014438 0.7032855382274462
0.005274089 -0.7102601504288294 -0.0022379434839702133 0.00482355210249387 0.7039192025132529
0.005422473000000001 -0.709229416557631 -0.003929791004446971 0.005106611011950123 0.7049483058749461
0.005572906000000001 -0.7082041738994009 -0.003926321948204456 0.007404027845209099 0.7059579395679985
0.0057091730000000005 -0.7060713832281635 -0.0055659266797589615 0.009265148391218211 0.7080581750617334
0.0058913820000000006 -0.7055455848150393 -0.0073012509825292424 0.0092452322645216 0.7085666130735131
0.006052653000000001 -0.7065765834212334 -0.006485361998809887 0.00832670464151754 0.7075578688915376
