0 -0.7067529998956005 0.00035399999994770805 0.0003529999999478558 0.7074602089259648
0.0008119140000000001 -0.7136864280718513 -0.02789140657068418 -0.014780743032019305 0.6997537291511728
0.001107436 -0.713686428072984 -0.027891406541422636 -0.014780743003330907 0.6997537291517893
0.001353952 -0.7136864280739355 -0.027891406516859205 -0.014780742979248562 0.6997537291523067
0.001538405 -0.7136864280746468 -0.027891406498488012 -0.014780742961237166 0.6997537291526937
0.001734436 -0.7136864280753923 -0.027891406479255944 -0.01478074294238179 0.6997537291530984
0.0019133770000000002 -0.7136864280760796 -0.027891406461524517 -0.014780742924997694 0.6997537291534716
0.00208733 -0.7136864280767502 -0.027891406444207064 -0.01478074290801945 0.6997537291538364
0.0022359890000000003 -0.7136864280773224 -0.027891406429452755 -0.014780742893554088 0.6997537291541467
0.002377506 -0.7136864280778682 -0.027891406415367085 -0.014780742879744242 0.6997537291544433
0.0025128050000000003 -0.7136864280783879 -0.02789140640194134 -0.0147807428665815 0.6997537291547262
0.002667276 -0.7136864280789809 -0.027891406386637937 -0.014780742851577822 0.6997537291550483
0.002811769 -0.7136864280795383 -0.027891406372255664 -0.01478074283747721 0.6997537291553512
0.002982081 -0.7136864280801914 -0.02789140635538679 -0.01478074282093874 0.6997537291557062
0.0031317750000000003 -0.7136864280807597 -0.027891406340726035 -0.014780742806565175 0.699753729156015
0.003291618 -0.7136864280813747 -0.027891406324843476 -0.014780742790993688 0.6997537291563495
0.0034424480000000003 -0.7136864280819554 -0.027891406309843457 -0.014780742776287416 0.6997537291566656
0.0035821100000000003 -0.7136864280824934 -0.027891406295969645 -0.014780742762685378 0.6997537291569575
0.0037184590000000003 -0.7136864280830191 -0.027891406282390903 -0.014780742749372652 0.6997537291572435
0.003879477 -0.713686428083638 -0.027891406266406384 -0.014780742733701217 0.6997537291575804
0.004030257000000001 -0.71368642808422 -0.0278914062514092 -0.01478074271899772 0.6997537291578957
0.004189202 -0.7136864280848293 -0.027891406235662546 -0.014780742703559537 0.6997537291582275
0.004343889 -0.7136864280854258 -0.027891406220276565 -0.014780742688474848 0.6997537291585512
0.004484364 -0.7136864280859667 -0.027891406206304453 -0.014780742674776434 0.6997537291588456
0.0046304530000000005 -0.7136864280865307 -0.027891406191760695 -0.01478074266051752 0.6997537291591515
0.0047888720000000004 -0.7136864280871348 -0.02789140617617125 -0.014780742645233453 0.6997537291594796
0.00497091 -0.7136864280878367 -0.027891406158036147 -0.014780742627453559 0.6997537291598619
0.005137509 -0.7136864280884799 -0.027891406141432252 -0.014780742611174812 0.6997537291602116
0.005274089 -0.713686428089006 -0.027891406127878184 -0.01478074259788627 0.6997537291604965
0.005422473000000001 -0.713686428089578 -0.027891406113100793 -0.014780742583398307 0.6997537291608077
0.005572906000000001 -0.7136864280901585 -0.027891406098110333 -0.014780742568701462 0.6997537291611235
0.0057091730000000005 -0.7136864280906807 -0.027891406084632305 -0.014780742555487378 0.6997537291614074
0.0058913820000000006 -0.7136864280913836 -0.027891406066484974 -0.014780742537695502 0.6997537291617895
0.006052653000000001 -0.713686428092006 -0.027891406050435996 -0.014780742521960846 0.6997537291621271
0.006193141 -0.7136864280925471 -0.027891406036454427 -0.01478074250825314 0.6997537291624218
0.006345535 -0.713686428093134 -0.0278914060213077 -0.014780742493403052 0.6997537291627407
0.006501304 -0.7136864280937351 -0.027891406005793998 -0.014780742478193257 0.6997537291630673
0.006642671 -0.7136864280942767 -0.02789140599182392 -0.014780742464496788 0.6997537291633612
0.006791040000000001 -0.7136864280948485 -0.027891405977054497 -0.01478074245001668 0.6997537291636725
0.006950607 -0.713686428095465 -0.027891405961151916 -0.014780742434425587 0.6997537291640069
0.0071113850000000004 -0.7136864280960822 -0.027891405945207465 -0.014780742418793428 0.699753729164343
0.007252740000000001 -0.7136864280966276 -0.027891405931123173 -0.014780742404984937 0.6997537291646397
0.007396482 -0.713686428097182 -0.0278914059168187 -0.014780742390960661 0.6997537291649407
0.007538896000000001 -0.7136864280977312 -0.02789140590263093 -0.014780742377050786 0.6997537291652396
0.007670357000000001 -0.7136864280982365 -0.027891405889611885 -0.014780742364286715 0.6997537291655134
0.007837687000000001 -0.7136864280988797 -0.027891405872998643 -0.014780742347998869 0.6997537291658634
0.008014323 -0.7136864280995613 -0.02789140585541325 -0.014780742330757905 0.6997537291662336
0.008162945000000001 -0.7136864281001338 -0.02789140584061732 -0.01478074231625181 0.6997537291665455
0.00831027 -0.7136864281006986 -0.02789140582603356 -0.014780742301953725 0.6997537291668525
0.008474474000000001 -0.7136864281013311 -0.027891405809714415 -0.014780742285954133 0.6997537291671959
0.008634332 -0.7136864281019483 -0.02789140579379261 -0.01478074227034419 0.6997537291675311
0.008770539 -0.7136864281024735 -0.027891405780249113 -0.014780742257065901 0.6997537291678161
0.00893477 -0.713686428103104 -0.027891405763971047 -0.014780742241106763 0.6997537291681588
0.00910297 -0.7136864281037533 -0.027891405747219364 -0.014780742224683108 0.6997537291685114
0.009277073 -0.7136864281044214 -0.027891405729943936 -0.014780742207746141 0.6997537291688757
0.00944785 -0.7136864281050802 -0.027891405712947903 -0.01478074219108298 0.6997537291692333
0.009610214 -0.7136864281057013 -0.02789140569692169 -0.014780742175370613 0.6997537291695707
0.009769603 -0.7136864281063112 -0.02789140568116796 -0.014780742159925512 0.6997537291699026
0.009921175 -0.7136864281068949 -0.02789140566610478 -0.01478074214515728 0.6997537291702197
0.01009428 -0.7136864281075631 -0.027891405648872464 -0.014780742128262536 0.6997537291705821
0.010248041000000001 -0.713686428108156 -0.027891405633560178 -0.014780742113250186 0.6997537291709048
0.010411100000000001 -0.7136864281087844 -0.027891405617333796 -0.014780742097341561 0.6997537291712463
0.010554597 -0.713686428109338 -0.027891405603050073 -0.014780742083337583 0.6997537291715471
0.010711724 -0.7136864281099438 -0.02789140558741099 -0.014780742068004851 0.6997537291718765
0.010874328 -0.7136864281105714 -0.02789140557120907 -0.014780742052120332 0.6997537291722178
0.01104269 -0.7136864281112191 -0.02789140555448895 -0.014780742035727655 0.6997537291725697
0.011215826 -0.7136864281118871 -0.0278914055372406 -0.014780742018817091 0.6997537291729331
0.011369738 -0.7136864281124771 -0.027891405522019005 -0.014780742003893678 0.6997537291732534
0.011517237000000001 -0.7136864281130461 -0.02789140550733853 -0.014780741989500728 0.6997537291735624
0.011661505 -0.7136864281136002 -0.027891405493026798 -0.014780741975469283 0.6997537291738638
0.011833910000000001 -0.7136864281142653 -0.027891405475857663 -0.014780741958636441 0.6997537291742254
0.0120081 -0.7136864281149382 -0.02789140545850848 -0.014780741941626997 0.6997537291745903
0.012167805 -0.7136864281155523 -0.027891405442633084 -0.014780741926062525 0.6997537291749251
0.012318448000000001 -0.7136864281161296 -0.027891405427731702 -0.014780741911453142 0.6997537291752387
0.012488810000000001 -0.7136864281167844 -0.02789140541082029 -0.014780741894872905 0.6997537291755952
0.012638566 -0.7136864281173597 -0.027891405395984625 -0.014780741880327847 0.6997537291759071
0.012787986000000001 -0.7136864281179347 -0.027891405381128248 -0.014780741865762382 0.6997537291762204
0.012956619 -0.7136864281185806 -0.02789140536447868 -0.014780741849438934 0.6997537291765704
0.013114013 -0.7136864281191838 -0.027891405348888714 -0.01478074183415436 0.6997537291768989
0.013281586000000001 -0.7136864281198287 -0.027891405332247515 -0.01478074181783909 0.6997537291772492
0.013441452000000001 -0.7136864281204389 -0.027891405316492954 -0.014780741802393083 0.699753729177581
0.013612141000000001 -0.7136864281210957 -0.02789140529955923 -0.01478074178579107 0.6997537291779373
0.013774621 -0.7136864281217219 -0.02789140528339473 -0.014780741769943147 0.6997537291782777
0.013984332 -0.7136864281225298 -0.02789140526253243 -0.014780741749489462 0.6997537291787171
0.014146009000000001 -0.7136864281231492 -0.02789140524652854 -0.01478074173379906 0.6997537291790543
0.014298044000000001 -0.7136864281237328 -0.027891405231484607 -0.014780741719049775 0.6997537291793706
0.014453051000000001 -0.7136864281243306 -0.02789140521605465 -0.014780741703921999 0.6997537291796957
0.014593866 -0.7136864281248692 -0.02789140520214363 -0.014780741690283457 0.6997537291799888
0.014738074 -0.7136864281254258 -0.027891405187780934 -0.014780741676202122 0.699753729180291
0.014898843 -0.713686428126043 -0.02789140517185496 -0.01478074166058807 0.6997537291806262
0.015076491000000001 -0.7136864281267282 -0.027891405154152525 -0.014780741643232329 0.6997537291809992
0.015232200000000001 -0.7136864281273273 -0.027891405138691143 -0.014780741628073798 0.6997537291813247
0.015373739 -0.7136864281278719 -0.027891405124634432 -0.01478074161429243 0.6997537291816208
0.015527601 -0.7136864281284635 -0.02789140510936586 -0.01478074159932285 0.6997537291819421
0.015677059 -0.7136864281290405 -0.02789140509448622 -0.014780741584734644 0.6997537291822553
0.015846579 -0.7136864281296913 -0.027891405077668283 -0.014780741568246181 0.6997537291826097
0.016018749000000002 -0.7136864281303528 -0.02789140506060332 -0.014780741551515424 0.6997537291829687
0.016202093 -0.71368642813106 -0.027891405042341975 -0.014780741533611773 0.6997537291833534
0.016336692 -0.7136864281315747 -0.027891405029072162 -0.014780741520601805 0.6997537291836325
0.016483077000000002 -0.7136864281321365 -0.02789140501455727 -0.01478074150637123 0.6997537291839385
0.016629701 -0.7136864281327016 -0.027891404999961796 -0.014780741492061638 0.6997537291842458
0.016773820000000002 -0.7136864281332586 -0.0278914049856029 -0.014780741477984033 0.6997537291845478
0.016945331 -0.7136864281339161 -0.02789140496862811 -0.014780741461341694 0.6997537291849053
0.017112046000000002 -0.7136864281345568 -0.0278914049520926 -0.014780741445129994 0.6997537291852535
0.017259267000000002 -0.7136864281351242 -0.027891404937452527 -0.014780741430776732 0.6997537291855616
0.017392473000000002 -0.7136864281356383 -0.027891404924180793 -0.014780741417764932 0.699753729185841
0.017549033000000002 -0.7136864281362387 -0.02789140490867628 -0.014780741402564046 0.6997537291861675
0.017692808 -0.7136864281367911 -0.027891404894412438 -0.014780741388579665 0.6997537291864683
0.017864902000000002 -0.7136864281374524 -0.02789140487733733 -0.01478074137183894 0.6997537291868275
0.018051845 -0.7136864281381728 -0.02789140485875157 -0.014780741353617224 0.6997537291872189
0.018208385 -0.7136864281387763 -0.027891404843164675 -0.014780741338335667 0.6997537291875472
0.018361055 -0.7136864281393637 -0.027891404828014374 -0.014780741323482104 0.699753729187866
0.018512973000000002 -0.7136864281399499 -0.02789140481287773 -0.014780741308641909 0.6997537291881849
0.018659755 -0.7136864281405164 -0.027891404798262805 -0.014780741294313234 0.6997537291884924
0.018822792 -0.7136864281411452 -0.027891404782019992 -0.014780741278388491 0.6997537291888346
0.018996141 -0.7136864281418138 -0.027891404764765548 -0.014780741261472028 0.699753729189198
0.019171068000000003 -0.7136864281424891 -0.027891404747337183 -0.014780741244385042 0.6997537291895648
0.019340124 -0.7136864281431374 -0.0278914047305957 -0.014780741227971515 0.6997537291899174
0.019496746000000002 -0.7136864281437397 -0.027891404715046145 -0.014780741212726456 0.699753729190245
0.019643515 -0.7136864281443055 -0.027891404700467935 -0.014780741198433749 0.6997537291905513
0.019804754 -0.7136864281449268 -0.0278914046844233 -0.014780741182703418 0.6997537291908894
0.019980788000000003 -0.7136864281456018 -0.02789140466698897 -0.014780741165610557 0.6997537291912568
0.020147154 -0.7136864281462423 -0.027891404650458786 -0.014780741149404125 0.6997537291916047
0.020294878000000002 -0.7136864281468096 -0.027891404635819773 -0.014780741135051841 0.6997537291919128
0.020434605 -0.7136864281473474 -0.027891404621939276 -0.014780741121443234 0.699753729192205
0.020576913000000002 -0.7136864281478962 -0.027891404607761835 -0.014780741107543481 0.6997537291925038
0.020722581 -0.7136864281484586 -0.027891404593246218 -0.01478074109331215 0.6997537291928094
0.020902142000000002 -0.7136864281491515 -0.027891404575366364 -0.014780741075782552 0.6997537291931857
0.021065292000000003 -0.7136864281497777 -0.027891404559202766 -0.014780741059935515 0.6997537291935261
0.021227428000000003 -0.7136864281504022 -0.02789140454306943 -0.014780741044118173 0.699753729193866
0.021376911000000002 -0.713686428150976 -0.027891404528266352 -0.014780741029605051 0.6997537291941774
0.021526103 -0.7136864281515506 -0.027891404513432888 -0.014780741015062084 0.6997537291944899
0.021703738 -0.7136864281522359 -0.02789140449575462 -0.014780740997730045 0.6997537291948619
0.02187725 -0.713686428152903 -0.02789140447852487 -0.014780740980837767 0.6997537291952248
0.022038845 -0.7136864281535265 -0.027891404462420444 -0.01478074096504875 0.6997537291955641
0.022195476000000002 -0.7136864281541287 -0.027891404446887223 -0.014780740949819788 0.699753729195891
0.022344431 -0.7136864281547031 -0.02789140443205571 -0.014780740935278808 0.6997537291962035
0.02251736 -0.7136864281553706 -0.027891404414830078 -0.01478074091839058 0.699753729196566
0.022662632000000002 -0.7136864281559304 -0.02789140440037045 -0.014780740904214102 0.6997537291968707
0.022795724 -0.7136864281564442 -0.02789140438713173 -0.014780740891234673 0.6997537291971491
0.022969917000000003 -0.7136864281571106 -0.02789140436992623 -0.014780740874366151 0.6997537291975114
0.023118759000000003 -0.7136864281576836 -0.02789140435511915 -0.014780740859849071 0.6997537291978235
0.023287702 -0.7136864281583362 -0.027891404338288347 -0.014780740843347979 0.6997537291981775
0.023452348 -0.7136864281589709 -0.027891404321908012 -0.014780740827288476 0.6997537291985224
0.023595925 -0.7136864281595123 -0.027891404307931744 -0.014780740813585942 0.6997537291988167
0.023742033000000003 -0.7136864281600744 -0.027891404293402804 -0.014780740799341583 0.699753729199123
0.023926529000000002 -0.7136864281607871 -0.02789140427502266 -0.014780740781321446 0.6997537291995097
0.024072153000000002 -0.7136864281613489 -0.027891404260517352 -0.014780740767100271 0.6997537291998153
0.024241205000000002 -0.7136864281620011 -0.02789140424368484 -0.014780740750597396 0.6997537292001696
0.024389498000000003 -0.7136864281625672 -0.02789140422906501 -0.014780740736263925 0.6997537292004775
0.024540758000000003 -0.7136864281631466 -0.027891404214114315 -0.014780740721606095 0.6997537292007922
0.024678138000000002 -0.7136864281636766 -0.027891404200425976 -0.014780740708185833 0.6997537292010806
0.024841357 -0.7136864281643032 -0.027891404184257215 -0.014780740692333757 0.6997537292014209
0.024998217000000003 -0.7136864281649082 -0.02789140416865063 -0.014780740677032844 0.6997537292017494
0.025152347000000002 -0.7136864281655021 -0.027891404153301064 -0.01478074066198391 0.6997537292020728
0.025311473 -0.713686428166116 -0.027891404137461752 -0.014780740646454862 0.6997537292024062
0.025466062 -0.7136864281667099 -0.027891404122149622 -0.014780740631442581 0.6997537292027285
0.025610839000000003 -0.7136864281672676 -0.027891404107755854 -0.014780740617330769 0.6997537292030314
0.02575681 -0.7136864281678297 -0.02789140409324968 -0.0147807406031087 0.6997537292033369
0.025939543000000002 -0.7136864281685328 -0.027891404075079392 -0.014780740585294294 0.6997537292037198
0.026114605000000003 -0.7136864281692057 -0.02789140405770923 -0.014780740568264396 0.6997537292040854
0.026272861 -0.7136864281698146 -0.02789140404198966 -0.014780740552852658 0.6997537292044166
0.026434337000000002 -0.7136864281704358 -0.027891404025958605 -0.014780740537135597 0.6997537292047539
0.026564745 -0.7136864281709376 -0.02789140401301127 -0.014780740524441886 0.6997537292050264
0.026715333 -0.7136864281715157 -0.027891403998090356 -0.014780740509813243 0.6997537292053407
0.026897746 -0.7136864281722142 -0.02789140398005344 -0.014780740492129622 0.6997537292057207
0.027078968000000002 -0.7136864281729077 -0.027891403962152374 -0.014780740474579177 0.6997537292060976
0.027234919000000003 -0.7136864281735034 -0.02789140394677204 -0.014780740459500088 0.6997537292064215
0.027380643000000003 -0.713686428174064 -0.027891403932311626 -0.014780740445322843 0.6997537292067256
0.027510992 -0.7136864281745666 -0.027891403919326405 -0.014780740432591994 0.6997537292069994
0.027665715 -0.7136864281751605 -0.027891403904009866 -0.01478074041757543 0.6997537292073216
0.027822051 -0.7136864281757627 -0.02789140388846837 -0.014780740402338328 0.699753729207649
0.027999605 -0.7136864281764442 -0.02789140387089594 -0.01478074038511006 0.6997537292080183
0.028165612000000003 -0.713686428177081 -0.027891403854438848 -0.014780740368975368 0.6997537292083655
0.028308157 -0.7136864281776286 -0.027891403840293347 -0.014780740355106936 0.6997537292086632
0.028444601000000003 -0.7136864281781528 -0.027891403826773166 -0.014780740341851504 0.699753729208948
0.028587088 -0.7136864281787014 -0.027891403812600548 -0.014780740327956511 0.6997537292092464
0.028727548000000002 -0.7136864281792423 -0.027891403798649426 -0.014780740314278583 0.69975372920954
0.028898661000000003 -0.7136864281798913 -0.027891403781901775 -0.014780740297858976 0.6997537292098928
0.029081631 -0.7136864281805962 -0.027891403763691924 -0.0147807402800058 0.6997537292102762
0.029246766 -0.713686428181231 -0.027891403747301372 -0.014780740263936287 0.6997537292106213
0.029408052 -0.7136864281818531 -0.02789140373126269 -0.014780740248211707 0.6997537292109588
0.029553313 -0.7136864281824123 -0.027891403716805405 -0.014780740234037618 0.6997537292112634
0.029700007 -0.7136864281829781 -0.027891403702212523 -0.014780740219730549 0.6997537292115705
0.029855498 -0.7136864281835681 -0.02789140368697408 -0.014780740204790609 0.6997537292118917
0.030011006000000003 -0.7136864281841682 -0.0278914036714908 -0.014780740189610569 0.6997537292122176
0.030176635 -0.7136864281848053 -0.02789140365505323 -0.014780740173494934 0.6997537292125633
0.030334225000000003 -0.7136864281854105 -0.027891403639416026 -0.014780740158164036 0.699753729212893
0.030481386000000003 -0.7136864281859785 -0.027891403624777898 -0.014780740143812596 0.6997537292132009
0.030621836000000003 -0.7136864281865191 -0.027891403610817697 -0.014780740130125774 0.699753729213495
0.030784713000000002 -0.7136864281871437 -0.027891403594692932 -0.01478074011431688 0.6997537292138345
0.030954541000000002 -0.7136864281877973 -0.027891403577813324 -0.014780740097767888 0.69975372921419
0.03112213 -0.713686428188444 -0.027891403561125093 -0.014780740081406514 0.6997537292145415
0.031274397 -0.7136864281890243 -0.0278914035461441 -0.014780740066718962 0.6997537292148568
0.031427898 -0.7136864281896174 -0.027891403530851972 -0.014780740051726372 0.6997537292151785
0.031573757 -0.7136864281901798 -0.02789140351633213 -0.014780740037490908 0.6997537292154843
0.031715318 -0.7136864281907249 -0.02789140350224541 -0.014780740023680058 0.699753729215781
0.031892311 -0.7136864281914073 -0.027891403484634383 -0.014780740006413984 0.699753729216152
0.032054867 -0.7136864281920339 -0.02789140346846271 -0.01478073999055906 0.6997537292164924
0.032215607 -0.7136864281926508 -0.02789140345253967 -0.014780739974947906 0.6997537292168275
0.032387286 -0.7136864281933124 -0.02789140343545069 -0.014780739958193623 0.6997537292171877
0.032526643 -0.7136864281938506 -0.027891403421579277 -0.014780739944593922 0.6997537292174794
0.032681417000000004 -0.7136864281944436 -0.027891403406246518 -0.014780739929561523 0.6997537292178027
0.032840965 -0.7136864281950575 -0.027891403390411847 -0.014780739914036934 0.699753729218136
0.033017888 -0.7136864281957397 -0.027891403372792726 -0.014780739896762918 0.6997537292185071
0.033173541 -0.7136864281963395 -0.027891403357321525 -0.014780739881594679 0.6997537292188325
0.03333398 -0.7136864281969569 -0.027891403341374084 -0.014780739865959597 0.6997537292191687
0.033483428 -0.713686428197533 -0.027891403326517565 -0.01478073985139407 0.699753729219481
0.033630006000000004 -0.7136864281980975 -0.02789140331195941 -0.01478073983712101 0.6997537292197875
0.033771858 -0.7136864281986448 -0.027891403297825995 -0.014780739823264487 0.6997537292200849
0.033946741 -0.7136864281993185 -0.027891403280426934 -0.014780739806206233 0.6997537292204516
0.034106865 -0.7136864281999359 -0.02789140326449926 -0.01478073979059048 0.6997537292207868
0.034267338 -0.7136864282005554 -0.02789140324850627 -0.014780739774910779 0.6997537292211237
0.034425679 -0.7136864282011625 -0.02789140323282451 -0.014780739759536194 0.699753729221454
0.034577372 -0.7136864282017482 -0.027891403217715514 -0.014780739744723066 0.699753729221772
0.034726316 -0.7136864282023225 -0.027891403202871416 -0.014780739730169735 0.6997537292220848
0.034900279 -0.7136864282029923 -0.027891403185599458 -0.014780739713236055 0.6997537292224482
0.035064421000000005 -0.7136864282036232 -0.02789140316932433 -0.014780739697279693 0.6997537292227906
0.035227309000000005 -0.7136864282042495 -0.027891403153139874 -0.01478073968141227 0.6997537292231321
0.035375128 -0.7136864282048201 -0.027891403138414123 -0.014780739666974949 0.6997537292234419
0.035528497 -0.7136864282054091 -0.027891403123241117 -0.014780739652099105 0.6997537292237608
0.03567853 -0.7136864282059792 -0.027891403108500815 -0.014780739637647483 0.6997537292240715
0.035839259000000005 -0.7136864282065994 -0.027891403092499246 -0.014780739621959376 0.6997537292244083
0.036006296 -0.7136864282072432 -0.02789140307587738 -0.014780739605663052 0.6997537292247583
0.03618345 -0.7136864282079248 -0.027891403058281878 -0.014780739588412223 0.6997537292251289
0.036328522 -0.7136864282084846 -0.02789140304383761 -0.014780739574250825 0.6997537292254329
0.036478764000000004 -0.7136864282090617 -0.027891403028949113 -0.014780739559653915 0.6997537292257463
0.03664042 -0.7136864282096778 -0.027891403013014893 -0.014780739544031835 0.6997537292260825
0.036791225000000004 -0.7136864282102597 -0.027891402998007804 -0.014780739529318661 0.699753729226398
0.036959918 -0.71368642821091 -0.02789140298121912 -0.0147807395128588 0.6997537292267517
0.03712987 -0.7136864282115658 -0.02789140296429418 -0.01478073949626531 0.699753729227108
0.037292625 -0.7136864282121905 -0.027891402948160934 -0.01478073948044812 0.6997537292274477
0.037446323000000004 -0.7136864282127827 -0.027891402932867584 -0.014780739465454329 0.6997537292277698
0.037594583 -0.7136864282133549 -0.027891402918108984 -0.014780739450984763 0.6997537292280805
0.03774901 -0.7136864282139509 -0.02789140290272554 -0.014780739435902635 0.6997537292284044
0.037915765000000004 -0.7136864282145913 -0.027891402886186786 -0.014780739419687825 0.6997537292287528
0.038086025 -0.7136864282152473 -0.02789140286925418 -0.014780739403086824 0.6997537292291095
0.038232765 -0.713686428215813 -0.02789140285466517 -0.014780739388783567 0.6997537292294161
0.038387719 -0.7136864282164112 -0.027891402839230015 -0.014780739373650762 0.6997537292297412
0.038540181 -0.7136864282169971 -0.02789140282408796 -0.014780739358805278 0.6997537292300602
0.038691764000000003 -0.7136864282175815 -0.02789140280900869 -0.014780739344021363 0.6997537292303777
0.038863203000000006 -0.7136864282182438 -0.0278914027919273 -0.01478073932727452 0.6997537292307371
0.039041192 -0.7136864282189297 -0.027891402774219556 -0.014780739309913657 0.6997537292311099
0.039202092 -0.7136864282195438 -0.027891402758373297 -0.014780739294377702 0.6997537292314434
0.039350485000000004 -0.7136864282201121 -0.027891402743688013 -0.014780739279980047 0.699753729231753
0.039515488 -0.7136864282207492 -0.027891402727245156 -0.014780739263859245 0.6997537292320992
0.039660581 -0.7136864282213101 -0.02789140271278792 -0.014780739249685175 0.6997537292324033
0.039829627 -0.7136864282219608 -0.027891402695979086 -0.014780739233205538 0.6997537292327575
0.040004513000000005 -0.7136864282226335 -0.027891402678615302 -0.014780739216181879 0.699753729233123
0.040179123000000004 -0.713686428223304 -0.027891402661308944 -0.0147807391992145 0.6997537292334874
0.040335879000000005 -0.7136864282239079 -0.027891402645713007 -0.014780739183924035 0.6997537292338161
0.040489265 -0.7136864282244991 -0.027891402630443665 -0.01478073916895379 0.6997537292341375
0.040627125 -0.7136864282250311 -0.027891402616718165 -0.014780739155497099 0.6997537292344264
0.040772806 -0.713686428225593 -0.0278914026022088 -0.014780739141271898 0.699753729234732
0.040950864000000003 -0.7136864282262803 -0.027891402584475384 -0.01478073912388582 0.6997537292351056
0.041116061 -0.7136864282269176 -0.027891402568024942 -0.01478073910775757 0.6997537292354516
0.041274623 -0.7136864282275283 -0.027891402552256257 -0.014780739092297815 0.6997537292357838
0.04142796 -0.7136864282281182 -0.027891402537029434 -0.014780739077369176 0.6997537292361045
0.04157269 -0.7136864282286759 -0.027891402522637384 -0.014780739063258982 0.6997537292364073
0.041719729000000004 -0.713686428229242 -0.027891402508043606 -0.014780739048951046 0.6997537292367143
0.04189918 -0.7136864282299333 -0.027891402490188972 -0.014780739031446102 0.6997537292370904
0.042079281 -0.7136864282306248 -0.02789140247232098 -0.014780739013928111 0.699753729237467
0.042244891 -0.7136864282312617 -0.027891402455893954 -0.0147807389978228 0.6997537292378126
0.042410552000000004 -0.7136864282319004 -0.027891402439413 -0.014780738981664706 0.6997537292381596
0.042563209000000005 -0.7136864282324872 -0.027891402424235566 -0.014780738966784517 0.6997537292384797
0.042698230000000004 -0.7136864282330078 -0.027891402410814826 -0.014780738953626697 0.699753729238762
0.042883684000000005 -0.71368642823372 -0.027891402392433113 -0.014780738935605012 0.699753729239149
0.043059449 -0.7136864282343972 -0.027891402374937483 -0.014780738918451991 0.6997537292395177
0.043230912 -0.7136864282350593 -0.02789140235787572 -0.014780738901724424 0.6997537292398762
0.043380943000000005 -0.7136864282356361 -0.027891402342959074 -0.014780738887099909 0.6997537292401909
0.043525374000000006 -0.7136864282361943 -0.027891402328566635 -0.014780738872989335 0.6997537292404936
0.043680133 -0.7136864282367854 -0.02789140231331324 -0.014780738858034792 0.6997537292408147
0.043842178 -0.713686428237408 -0.02789140229722748 -0.014780738842264034 0.6997537292411538
0.044019796 -0.7136864282380921 -0.027891402279593618 -0.014780738824975603 0.6997537292415246
0.044192737 -0.7136864282387587 -0.02789140226238206 -0.014780738808101067 0.6997537292418872
0.044374355000000004 -0.7136864282394587 -0.027891402244303674 -0.014780738790376845 0.699753729242268
0.044522572 -0.713686428240029 -0.02789140222959817 -0.014780738775959387 0.6997537292425772
0.044681194 -0.71368642824064 -0.027891402213820665 -0.014780738760490854 0.6997537292429097
0.044854002000000004 -0.7136864282413016 -0.027891402196726974 -0.014780738743731998 0.6997537292432697
0.045025132 -0.7136864282419622 -0.02789140217968882 -0.014780738727027523 0.6997537292436281
0.045188574 -0.713686428242593 -0.027891402163405094 -0.014780738711062774 0.6997537292439712
0.045339895000000005 -0.7136864282431764 -0.027891402148339104 -0.014780738696291854 0.6997537292442886
0.045485564000000006 -0.7136864282437383 -0.027891402133846648 -0.014780738682083364 0.6997537292445936
0.045619081000000006 -0.7136864282442533 -0.02789140212054451 -0.014780738669041728 0.6997537292448736
0.045783135 -0.7136864282448847 -0.027891402104250854 -0.014780738653067163 0.6997537292452166
0.045972095000000004 -0.7136864282456121 -0.027891402085472347 -0.014780738634656477 0.6997537292456121
0.046159468 -0.713686428246334 -0.02789140206684657 -0.01478073861639545 0.6997537292460042
0.046328474 -0.7136864282469861 -0.027891402050013277 -0.014780738599891876 0.6997537292463586
0.046466943000000004 -0.7136864282475184 -0.027891402036262062 -0.014780738586409934 0.6997537292466484
0.04661523 -0.7136864282480907 -0.027891402021493827 -0.014780738571931056 0.6997537292469593
0.046793737 -0.7136864282487767 -0.027891402003783424 -0.014780738554567529 0.6997537292473323
0.046975222000000004 -0.7136864282494768 -0.027891401985711436 -0.014780738536849502 0.6997537292477127
0.047148772000000005 -0.7136864282501444 -0.02789140196849602 -0.014780738519971255 0.6997537292480748
0.04731283 -0.7136864282507775 -0.027891401952154473 -0.014780738503949785 0.6997537292484188
0.047469041000000003 -0.7136864282513771 -0.027891401936665717 -0.014780738488764355 0.6997537292487452
0.047610673000000006 -0.713686428251923 -0.027891401922569423 -0.014780738474944223 0.6997537292490422
0.047758046000000005 -0.7136864282524917 -0.027891401907900112 -0.014780738460562187 0.6997537292493506
0.047937067 -0.7136864282531763 -0.027891401890232564 -0.01478073844324065 0.6997537292497229
0.048129092000000005 -0.7136864282539176 -0.02789140187109884 -0.014780738424481752 0.6997537292501256
0.048292408 -0.7136864282545453 -0.027891401854885093 -0.014780738408585573 0.6997537292504672
0.048458783000000005 -0.7136864282551877 -0.02789140183830688 -0.014780738392332075 0.6997537292508162
0.048608877 -0.7136864282557668 -0.02789140182334824 -0.014780738377666365 0.6997537292511314
0.048754006 -0.7136864282563272 -0.027891401808889386 -0.014780738363490739 0.6997537292514358
0.048942557000000005 -0.7136864282570536 -0.027891401790140647 -0.01478073834510926 0.6997537292518303
0.049124433 -0.7136864282577543 -0.02789140177205133 -0.01478073832737428 0.6997537292522114
0.049280153 -0.7136864282583542 -0.027891401756576735 -0.014780738312202729 0.6997537292525371
0.049444468000000005 -0.7136864282589747 -0.027891401740550836 -0.014780738296490724 0.6997537292528747
0.049608305000000005 -0.713686428259605 -0.027891401724282484 -0.014780738280540984 0.699753729253217
0.049773119000000005 -0.713686428260241 -0.02789140170786094 -0.014780738264441061 0.6997537292535629
0.049958299000000005 -0.713686428260953 -0.027891401689491103 -0.014780738246431 0.6997537292539496
0.050125417000000005 -0.7136864282615983 -0.027891401672837515 -0.01478073823010365 0.6997537292543002
0.050299566000000004 -0.7136864282622704 -0.027891401655491078 -0.014780738213096981 0.6997537292546655
0.050458515 -0.7136864282628839 -0.027891401639651894 -0.014780738197567977 0.6997537292549991
0.050610805 -0.713686428263471 -0.027891401624492173 -0.014780738182705243 0.6997537292553183
0.050775282000000005 -0.7136864282641064 -0.027891401608100063 -0.01478073816663413 0.6997537292556633
0.050953737000000006 -0.7136864282647892 -0.027891401590457533 -0.014780738149337154 0.6997537292560351
0.051138732000000006 -0.7136864282655029 -0.027891401572049987 -0.014780738131290147 0.6997537292564223
0.051313548 -0.7136864282661753 -0.027891401554684864 -0.014780738114265229 0.6997537292567881
0.051463486 -0.7136864282667534 -0.027891401539761294 -0.014780738099633903 0.6997537292571024
0.051632483 -0.7136864282674039 -0.027891401522969726 -0.014780738083171182 0.6997537292574559
0.051797302 -0.713686428268039 -0.027891401506582276 -0.014780738067104731 0.699753729257801
0.051982234 -0.7136864282687481 -0.027891401488273754 -0.014780738049154848 0.6997537292581866
0.052152176 -0.7136864282694027 -0.027891401471389608 -0.014780738032601331 0.6997537292585418
0.052320507 -0.7136864282700484 -0.027891401454709985 -0.014780738016248442 0.6997537292588932
0.052480154 -0.7136864282706635 -0.027891401438824456 -0.014780738000674056 0.699753729259228
0.052632899000000004 -0.713686428271247 -0.02789140142376287 -0.014780737985907427 0.699753729259545
0.052785582000000004 -0.7136864282718369 -0.027891401408545964 -0.014780737970988576 0.6997537292598651
0.052946847000000005 -0.7136864282724509 -0.027891401392698686 -0.014780737955451703 0.6997537292601989
0.053134193 -0.713686428273171 -0.027891401374134678 -0.014780737937251293 0.6997537292605893
0.053298990000000004 -0.7136864282738055 -0.02789140135772996 -0.014780737921167878 0.6997537292609353
0.053477345 -0.7136864282744937 -0.02789140133996314 -0.014780737903749081 0.6997537292613094
0.053646302 -0.7136864282751397 -0.027891401323288663 -0.014780737887401123 0.6997537292616604
0.053815076 -0.7136864282757899 -0.02789140130649716 -0.014780737870938532 0.6997537292620141
0.053987378 -0.7136864282764538 -0.027891401289363533 -0.014780737854140464 0.6997537292623749
0.05415198500000001 -0.7136864282770883 -0.02789140127298339 -0.014780737838081258 0.6997537292627196
0.054314743000000006 -0.7136864282777174 -0.027891401256778182 -0.014780737822193397 0.6997537292630602
0.054485413 -0.7136864282783755 -0.027891401239778874 -0.014780737805527064 0.6997537292634185
0.054641775000000004 -0.7136864282789748 -0.027891401224287654 -0.014780737790339277 0.6997537292637451
0.054798947 -0.7136864282795745 -0.027891401208822726 -0.014780737775177218 0.6997537292640703
0.054981307 -0.7136864282802778 -0.027891401190664248 -0.014780737757374382 0.6997537292644529
0.055174895 -0.7136864282810244 -0.027891401171387196 -0.01478073773847492 0.6997537292648589
0.055337908000000005 -0.7136864282816524 -0.02789140115518922 -0.014780737722594216 0.6997537292651997
0.055489781 -0.7136864282822383 -0.027891401140058142 -0.014780737707759457 0.6997537292655185
0.055650716 -0.713686428282857 -0.02789140112410043 -0.01478073769211434 0.6997537292658543
0.055826484 -0.7136864282835289 -0.027891401106740505 -0.014780737675094488 0.69975372926622
0.056000397 -0.713686428284198 -0.027891401089477037 -0.014780737658169089 0.6997537292665834
0.05616846700000001 -0.7136864282848474 -0.02789140107272733 -0.014780737641747414 0.6997537292669358
0.056339903000000004 -0.7136864282855081 -0.02789140105565375 -0.014780737625008264 0.6997537292672956
0.056515304 -0.7136864282861848 -0.027891401038201587 -0.014780737607897946 0.6997537292676629
0.056677347 -0.7136864282868098 -0.027891401022068198 -0.014780737592080505 0.6997537292680026
0.056869457000000005 -0.7136864282875497 -0.027891401002949182 -0.014780737573336054 0.6997537292684055
0.057037109 -0.7136864282881953 -0.027891400986296954 -0.014780737557009926 0.6997537292687558
0.057211044 -0.7136864282888657 -0.02789140096898271 -0.014780737540034786 0.6997537292691207
0.057350120000000004 -0.7136864282894027 -0.02789140095512483 -0.014780737526448368 0.6997537292694124
0.057508036000000005 -0.7136864282900109 -0.027891400939408527 -0.014780737511039836 0.6997537292697436
0.057670391 -0.7136864282906347 -0.0278914009233329 -0.014780737495279162 0.6997537292700815
0.05783908200000001 -0.7136864282912847 -0.0278914009065527 -0.014780737478827568 0.6997537292704349
0.058023332000000004 -0.7136864282919932 -0.027891400888257166 -0.014780737460890363 0.6997537292708201
0.058187967 -0.7136864282926273 -0.027891400871908813 -0.014780737444862205 0.6997537292711642
0.058356519 -0.7136864282932782 -0.02789140085511371 -0.014780737428396097 0.6997537292715177
0.058520999000000004 -0.7136864282939117 -0.027891400838752144 -0.014780737412354975 0.6997537292718623
0.058691035 -0.7136864282945676 -0.027891400821811664 -0.014780737395746252 0.6997537292722191
0.058868584 -0.7136864282952532 -0.02789140080413175 -0.014780737378412678 0.6997537292725913
0.059048179000000006 -0.7136864282959439 -0.02789140078630188 -0.01478073736093198 0.6997537292729668
0.059230409000000005 -0.713686428296646 -0.027891400768167377 -0.014780737343152711 0.6997537292733488
0.05938954900000001 -0.7136864282972594 -0.027891400752337436 -0.014780737327632796 0.699753729273682
0.059566585000000005 -0.7136864282979393 -0.027891400734773242 -0.014780737310412628 0.699753729274052
0.059721654000000006 -0.7136864282985356 -0.027891400719381516 -0.014780737295322416 0.6997537292743762
0.059897818000000005 -0.7136864282992152 -0.027891400701840735 -0.01478073727812524 0.6997537292747454
0.060070069000000004 -0.7136864282998704 -0.027891400684943526 -0.014780737261558902 0.6997537292751009
0.060235697000000005 -0.7136864283005075 -0.027891400668471646 -0.01478073724540965 0.6997537292754482
0.060400655000000004 -0.7136864283011447 -0.02789140065203876 -0.014780737229298608 0.6997537292757939
0.060562743 -0.7136864283017694 -0.0278914006359116 -0.014780737213487369 0.6997537292761336
0.060707356000000004 -0.7136864283023279 -0.027891400621499335 -0.014780737199357321 0.6997537292764369
0.060896585 -0.7136864283030578 -0.027891400602661105 -0.014780737180888069 0.6997537292768335
0.061090636000000004 -0.7136864283038057 -0.02789140058335975 -0.014780737161964794 0.6997537292772399
0.061266204000000005 -0.7136864283044818 -0.0278914005659042 -0.014780737144851138 0.6997537292776075
0.061445002000000006 -0.7136864283051717 -0.02789140054809255 -0.014780737127388328 0.6997537292779824
0.06161838 -0.7136864283058412 -0.027891400530815295 -0.014780737110449473 0.6997537292783463
0.061771857000000006 -0.7136864283064247 -0.02789140051574287 -0.014780737095672307 0.6997537292786639
0.061968955000000006 -0.7136864283071824 -0.02789140049617763 -0.014780737076490233 0.6997537292790759
0.062153636000000005 -0.7136864283078952 -0.027891400477779913 -0.01478073705845292 0.6997537292794633
0.062331791000000004 -0.7136864283085832 -0.027891400460027475 -0.014780737041048153 0.699753729279837
0.062498183000000006 -0.713686428309216 -0.027891400443701905 -0.014780737025042392 0.6997537292801804
0.062672644 -0.7136864283098897 -0.027891400426319032 -0.01478073700799993 0.6997537292805465
0.062846236 -0.713686428310559 -0.02789140040904543 -0.014780736991064698 0.6997537292809102
0.06301896 -0.7136864283112233 -0.027891400391869627 -0.014780736974225241 0.6997537292812721
0.063187907 -0.713686428311875 -0.02789140037507058 -0.014780736957755268 0.6997537292816257
0.06337408500000001 -0.7136864283125881 -0.027891400356674 -0.014780736939718993 0.6997537292820127
0.06354148600000001 -0.7136864283132335 -0.02789140034000797 -0.014780736923379395 0.6997537292823637
0.06370031500000001 -0.7136864283138463 -0.02789140032418552 -0.014780736907866831 0.699753729282697
0.063869707 -0.713686428314496 -0.027891400307412252 -0.014780736891422112 0.6997537292830502
0.06405590600000001 -0.7136864283152119 -0.027891400288931945 -0.014780736873303776 0.6997537292834394
0.064241105 -0.7136864283159249 -0.027891400270536045 -0.014780736855268178 0.6997537292838265
0.064401336 -0.7136864283165418 -0.02789140025460823 -0.014780736839652345 0.699753729284162
0.06456753400000001 -0.7136864283171765 -0.027891400238232694 -0.014780736823597427 0.6997537292845066
0.064734374 -0.7136864283178176 -0.027891400221681854 -0.01478073680737084 0.6997537292848552
0.064916502 -0.7136864283185208 -0.027891400203530127 -0.014780736789574672 0.6997537292852374
0.065094126 -0.7136864283192037 -0.027891400185897555 -0.01478073677228744 0.6997537292856086
0.06527279200000001 -0.7136864283198933 -0.02789140016810536 -0.014780736754843678 0.6997537292859831
0.065438232 -0.7136864283205295 -0.02789140015166602 -0.014780736738726381 0.6997537292863298
0.065606565 -0.7136864283211769 -0.02789140013494438 -0.014780736722332275 0.699753729286682
0.065760438 -0.7136864283217671 -0.02789140011972902 -0.014780736707414954 0.6997537292870019
0.065963187 -0.7136864283225451 -0.02789140009964294 -0.014780736687722252 0.6997537292874251
0.066144282 -0.7136864283232446 -0.027891400081602437 -0.014780736670035068 0.6997537292878047
0.066322438 -0.7136864283239311 -0.027891400063862506 -0.014780736652642647 0.6997537292881784
0.066503404 -0.7136864283246294 -0.027891400045844825 -0.014780736634977854 0.6997537292885577
0.066674042 -0.7136864283252866 -0.027891400028875236 -0.014780736618340642 0.699753729288915
0.06685287200000001 -0.7136864283259731 -0.027891400011159955 -0.014780736600972337 0.699753729289288
0.067029746 -0.7136864283266549 -0.027891399993557987 -0.014780736583715126 0.6997537292896587
0.067211912 -0.7136864283273584 -0.02789139997540432 -0.014780736565916936 0.6997537292900408
0.067368259 -0.7136864283279611 -0.027891399959843046 -0.014780736550660527 0.6997537292903685
0.067532192 -0.7136864283285937 -0.027891399943511405 -0.014780736534648776 0.6997537292907124
0.067710175 -0.7136864283292776 -0.027891399925851313 -0.01478073651733457 0.6997537292910844
0.067909652 -0.713686428330046 -0.02789139990603211 -0.014780736497903589 0.6997537292915014
0.068085029 -0.7136864283307229 -0.027891399888555244 -0.014780736480768978 0.6997537292918694
0.068259631 -0.7136864283313957 -0.02789139987116204 -0.014780736463716434 0.6997537292922362
0.068441785 -0.7136864283320968 -0.027891399853101757 -0.014780736446009914 0.6997537292926158
0.06860153100000001 -0.7136864283327118 -0.027891399837219 -0.014780736430438209 0.6997537292929504
0.068781308 -0.7136864283334045 -0.02789139981933915 -0.014780736412908594 0.699753729293327
0.06897101700000001 -0.7136864283341355 -0.02789139980046507 -0.014780736394404208 0.6997537292937244
0.069154674 -0.7136864283348421 -0.02789139978222843 -0.014780736376524736 0.6997537292941083
0.06934053600000001 -0.7136864283355585 -0.027891399763738143 -0.014780736358396624 0.6997537292944975
0.069523209 -0.713686428336262 -0.02789139974557655 -0.014780736340590734 0.6997537292948801
0.069695245 -0.7136864283369247 -0.02789139972846954 -0.014780736323818796 0.6997537292952404
0.069875583 -0.713686428337619 -0.02789139971056212 -0.01478073630626207 0.6997537292956171
0.070065732 -0.7136864283383493 -0.027891399691698147 -0.014780736287767668 0.6997537292960143
0.070238991 -0.7136864283390149 -0.027891399674515295 -0.014780736270921314 0.6997537292963765
0.070427749 -0.7136864283397423 -0.027891399655753435 -0.014780736252526953 0.6997537292967709
0.070596042 -0.7136864283403899 -0.027891399639021115 -0.014780736236122343 0.6997537292971238
0.070770287 -0.7136864283410536 -0.027891399621900244 -0.014780736219336826 0.699753729297484
0.070954641 -0.7136864283417624 -0.027891399603609715 -0.01478073620140453 0.699753729297869
0.071124221 -0.7136864283424138 -0.02789139958676416 -0.014780736184888954 0.6997537292982242
0.07129673 -0.713686428343078 -0.027891399569627322 -0.014780736168087746 0.6997537292985849
