0 -0.7067529998956005 0.00035399999994770805 0.0003529999999478558 0.7074602089259648
0.0008119140000000001 0.8943346082504401 0.016411963306576013 -0.04450288427754113 0.4448772286663397
0.001107436 -0.1522589305081518 0.04738521649062793 0.0021214399833206716 0.9872017820924956
0.001353952 -0.9868155894562556 0.01236947945819402 0.04579143142195707 0.15474209849875814
0.001538405 0.44712582928603284 0.039872082843582804 -0.025691949290048168 0.8932125351172644
0.001734436 -0.7152345549798662 0.03658749836125215 0.0301863248963054 0.6972730245681805
0.0019133770000000002 0.8815541986093519 0.017649097166061122 -0.04402690781101339 0.4696938706938885
0.00208733 -0.17978481767009194 0.047307434142341426 0.0034446948816112726 0.9825617329985136
0.0022359890000000003 -0.9907541851274254 0.011085101195469745 0.04611918947672055 0.12710712701667018
0.002377506 0.4219922312104265 0.04057442270612174 -0.024567772974836723 0.9053577724503573
0.0025128050000000003 -0.7344391419614146 0.035729716323680744 0.031196900730128367 0.677014981148738
0.002667276 0.8680853293022722 0.01887244775257834 -0.04351654803436359 0.4941436997555324
0.002811769 -0.20717029974119588 0.04719270650572102 0.004765259602870725 0.9771543409509272
0.002982081 -0.9939190107620555 0.009792065821181377 0.04641092883522071 0.09937289135822587
0.0031317750000000003 0.39652907347440064 0.0412450755019611 -0.023424410175498067 0.9167959601230421
0.003291618 -0.7530701600652626 0.03484403075249919 0.03218311297686762 0.6562282150980661
0.0034424480000000003 0.8539385189364301 0.020081059677197234 -0.042972203516092204 0.5182076214859354
0.0035821100000000003 -0.23439398971134345 0.047041123178737945 0.006082102836740501 0.97098382891727
0.0037184590000000003 -0.9963075351315859 0.008491382927156201 0.04666641883618098 0.07156105273589002
0.003879477 0.3707562418240732 0.041883517477151105 -0.022262753814378325 0.9275181653524948
0.004030257000000001 -0.7711130591644059 0.033931133334276116 0.03314419144178672 0.6349289600872509
0.004189202 0.8391248155809897 0.021273989061133702 -0.04239429936622247 0.5418668428964394
0.004343889 -0.2614346269236523 0.04685280254224263 0.007394196179192392 0.9640550158325005
0.004484364 -0.9979175737657847 0.007184066967454707 0.046885444852967875 0.043693337661252385
0.0046304530000000005 0.34469386384930223 0.04248925003315068 -0.021083711100406844 0.9375160145106033
0.0047888720000000004 -0.7885537484259666 0.032991737006999595 0.03407938555846437 0.6131338500222905
0.00497091 0.8236557881343913 0.022450304272929707 -0.041783286904093754 0.5651028870521659
0.005137509 -0.2882710936782147 0.046627891667513424 0.008700514935671238 0.9563733128356037
0.005274089 -0.9987423747644466 0.005871113195087258 0.047067576178891984 0.015791562447660952
0.005422473000000001 0.31836229326477217 0.04306180011621433 -0.01988820282059894 0.9467816996634573
0.005572906000000001 -0.8053786073144151 0.032026575403301734 0.03498796497490116 0.5908599060538111
0.0057091730000000005 0.8075435172863754 0.023609086656054847 -0.04113964330575367 0.587897607502153
0.0058913820000000006 -0.31488243172418584 0.0463665662014002 0.010000038921341142 0.9479447190437079
0.006052653000000001 0.9987864165537405 -0.004553552847930103 -0.047212914622018265 0.012122915201404896
0.006193141 0.2917820940144853 0.04360072058682918 -0.018677162620954958 0.9553079846690581
0.006345535 -0.8215744962270956 0.031036402277521264 0.035869220123820836 0.5681245232844153
0.006501304 0.7908005860812426 0.024749431246366065 -0.04046387123119997 0.6102332024513044
0.006642671 -0.3412478586273464 0.046069030229150924 0.011291753257809197 0.9387758168670134
0.006791040000000001 0.9980705831242213 -0.0032325587641598304 -0.047322330223436807 0.040027521567537874
0.006950607 0.26497402421209093 0.04410559056891505 -0.01745153627731783 0.9630882108284714
0.0071113850000000004 -0.8371287667536097 0.030021990917052085 0.03672246277671215 0.5449454571840392
0.007252740000000001 0.7734400700894178 0.025870447478867395 -0.039756498431749866 0.6320922286631208
0.007396482 -0.3673467840003528 0.04573551611502943 0.012574649165704905 0.9288737668681901
0.007538896000000001 0.9965632950378112 -0.0019089741605037454 -0.04739422289473181 0.06790096184602366
0.007670357000000001 0.23795901992956986 0.04457601577851245 -0.01621228095675689 0.9701163020860271
0.007837687000000001 -0.8520292715507963 0.028984133538436742 0.0375470265811685 0.5213408097239624
0.008014323 0.755475527194816 0.026971259883220196 -0.03901807733783459 0.6534576150823493
0.008162945000000001 -0.39315882558299736 0.045366284320847855 0.013847724752496288 0.9182463021702674
0.00831027 0.9942770657498943 -0.0005838947557164937 -0.04742907123458939 0.0957213859493826
0.008474474000000001 0.21075817884694764 0.04501162883170365 -0.014960364470056747 0.9763867697744887
0.008634332 -0.8662643738252427 0.027923640668676725 0.038342267581087656 0.49732901524032147
0.008770539 0.7369209870058283 0.02805100876746187 -0.03824918462753397 0.6743126761669472
0.00893477 -0.4186638251599265 0.04496162320255663 0.015109985794927108 0.9069017224173703
0.00910297 0.9912141943305421 0.0007416415988247507 -0.047426872233181906 0.12346705915913866
0.009277073 0.18339274377580309 0.045412089531525895 -0.013696764515893297 0.9818947169014991
0.00944785 -0.8798229564153607 0.02684134051224078 0.039107564719299076 0.4729288260382236
0.009610214 0.7177909398981313 0.029108850889399907 -0.03745042077618502 0.6946411249189419
0.009769603 -0.4438418643033723 0.044521848785049514 0.01636044651546433 0.8948488872930322
0.009921175 0.9873771694422167 0.0020665991137864526 -0.0473876321609045 0.1511163110477173
0.01009428 0.15588408606943666 0.045777085133652376 -0.012422467917288103 0.9866358419739485
0.010248041000000001 -0.8926944304651173 0.025738078304266037 0.03984232032218774 0.44815929774774005
0.010411100000000001 0.6981003256978061 0.030143960115157638 -0.03662240958741267 0.7144270856040269
0.010554597 -0.4686732799286199 0.04404730451536115 0.017598130352149476 0.8820972096011358
0.010711724 0.9827690169175365 0.003389942860118822 -0.0473113830400955 0.17864754780774456
0.010874328 0.1282536889326546 0.04610633059063396 -0.011138469850937398 0.9906064423572812
0.01104269 -0.904868743681222 0.024614715650453034 0.04054596056586712 0.42303977444336066
0.011215826 0.677864522013556 0.03115552806435739 -0.0357657977059467 0.7336551061499641
0.011369738 -0.4931386796500332 0.04353836099444805 0.018822070721251746 0.8686566479148952
0.011517237000000001 0.9773933469958818 0.004710639280889016 -0.04719818495697952 0.20603926822928686
0.011661505 0.10052313064420586 0.046399568774510506 -0.009845773070016677 0.9938034171671164
0.011833910000000001 -0.9163363881651478 0.02347212985416688 0.04121793592343565 0.3975898735386274
0.0120081 0.6570993322271294 0.03214276474143848 -0.03488125411260533 0.7523101702141012
0.012167805 -0.5172189569256742 0.042995415687764486 0.020031311772128562 0.8545376987996111
0.012318448000000001 0.9712543631474715 0.006027656926606619 -0.047048126563095545 0.23327008023542317
0.012488810000000001 0.07271406770497046 0.04665657067761814 -0.008545387121069035 0.9962242696909217
0.012638566 -0.9270884078100143 0.02231121323126164 0.0418577215927818 0.3718294704680344
0.012787986000000001 0.6358209731512758 0.03310489915261607 -0.033969469601837235 0.7703777089106035
0.012956619 -0.5408953059786574 0.04241889261485728 0.021224909133702417 0.8397513886152826
0.013114013 0.9643568624130466 0.007339967237753941 -0.046861325176593166 0.26031871749538193
0.013281586000000001 0.044848217925062064 0.046877135591435706 -0.007238327555587772 0.9978671093378572
0.013441452000000001 -0.9371164052500015 0.021132872413147544 0.04246481790429459 0.3457786831685151
0.013612141000000001 0.6140460623648877 0.03404117990800013 -0.03303115624223052 0.7878436121882216
0.013774621 -0.5641492364836029 0.04180924201822375 0.02240193065197161 0.8243092649054702
0.013984332 0.9567062330137492 0.008646545339219013 -0.04663792675443051 0.2871640559931079
0.014146009000000001 0.016947343463053127 0.04706109126333052 -0.0059256151369105475 0.9987306531152589
0.014298044000000001 -0.9464125483448603 0.019938027638615474 0.0430387507075893 0.31945785637330926
0.014453051000000001 0.5917916052351795 0.034950875808403954 -0.032067046820408736 0.8046942398497292
0.014593866 -0.5869625880067014 0.041166940011690384 0.023561457117978774 0.8082233873791408
0.014738074 0.9483084507229718 0.00994637083681801 -0.046378105805663844 0.3137851305054222
0.014898843 -0.010966766169433416 0.04720829403108144 -0.0046082750430409955 0.9988142266306081
0.015076491000000001 -0.9549695761718092 0.018727612034909556 0.04357907173587174 0.2928875457316583
0.015232200000000001 0.5690749816370567 0.03583327641638405 -0.031077894268748116 0.8209164322044129
0.015373739 -0.609317544188104 0.04049248820858666 0.024702582985667514 0.7915063184925384
0.015527601 0.9391700744735012 0.011238428612316703 -0.04608206526804775 0.34016115096529853
0.015677059 -0.038872311124491174 0.0473186289350735 -0.00328733606602582 0.998117764618214
0.015846579 -0.9627808044752624 0.017502570888480222 0.044085358945527786 0.26608850176879756
0.016018749000000002 0.5459139323800228 0.03668769261106591 -0.030064471077362955 0.8364975203453044
0.016202093 -0.6311966466555621 0.03978641333000535 0.02582441707906694 0.7741711136384348
0.016336692 0.9292982413753389 0.012521709615224452 -0.04575003635613372 0.36627151869271
0.016483077000000002 -0.0667474982427684 0.04739200980807764 -0.0019638298085072037 0.9966418109901858
0.016629701 -0.9698401304754367 0.016263860905692422 0.04455721682618051 0.2390816537029064
0.016773820000000002 0.5223265453532284 0.03751345712632186 -0.029027568690817726 0.8514253360431255
0.016945331 -0.6525828086584352 0.03904926679345484 0.026926083288250947 0.7562313109504218
0.017112046000000002 0.9187006612182693 0.013795211650282734 -0.04538227838429043 0.3920958424782291
0.017259267000000002 -0.0945705580730794 0.04742837934254351 -0.000638789878081523 0.9943875184116662
0.017392473000000002 -0.9761420368188155 0.015012449463366924 0.04499427667086312 0.21188809313996
0.017549033000000002 0.4983312413994761 0.038309925071881315 -0.02796799689003687 0.8656882212492203
0.017692808 -0.6734593284113914 0.03828162428222379 0.028006721253527298 0.7377009207302169
0.017864902000000002 0.9073856104946678 0.015057940159824527 -0.04497907856624928 0.41761395450585076
0.018051845 -0.12231976187349819 0.04742770913535483 0.0006867489199081445 0.9913566474006458
0.018208385 -0.9816815941432119 0.01374931384791565 0.045396196781256545 0.1845290576776025
0.018361055 0.47394675992921004 0.03907647443696572 -0.026886583159895446 0.8792750372000542
0.018512973000000002 -0.6938099021373723 0.03748408529579642 0.029065487037322313 0.7185944145062376
0.018659755 0.8953619259622005 0.016308909000292613 -0.044540751792038105 0.4428059261020541
0.018822792 -0.14997343858066028 0.04738999971001207 0.0020117513905142364 0.9875515649530752
0.018996141 -0.9864544608250625 0.012475440478420544 0.04576266254007964 0.1570259144752124
0.019171068000000003 0.44919214428572674 0.0398125065760559 -0.025784172042983586 0.8921751731161703
0.019340124 -0.7136186367996076 0.036657272681667456 0.03010155378323406 0.6989267137319853
0.019496746000000002 0.8826389977590904 0.017547141212257217 -0.044067640382835574 0.46765208329851327
0.019643515 -0.1775099917340114 0.04731528051622275 0.003335182757632042 0.9829752426943347
0.019804754 -0.9904568754302583 0.01119182409697339 0.0460933861385158 0.12940014392364868
0.019980788000000003 0.42408672687302845 0.04051744667641167 -0.02466162448005021 0.9043785544888088
0.020147154 -0.7328700625126758 0.035801832148923865 0.031114112361737938 0.6787131781330871
0.020294878000000002 0.8692267620813374 0.018771669783303985 -0.04356011382412722 0.4921330221961775
0.020434605 -0.20490791634179706 0.047203609906903164 0.0046560094721184 0.9776312545585187
0.020576913000000002 -0.9936856249838121 0.009899466858409627 0.04638810515954219 0.10167332381270616
0.020722581 0.3986501140579421 0.04119074420697897 -0.023519817137640432 0.9158756509477175
0.020902142000000002 -0.7515491446229003 0.03491843176397278 0.03210237200203794 0.6579695937120804
0.021065292000000003 0.8551356934299544 0.019981538403179556 -0.043018568477481256 0.5162296241185841
0.021227428000000003 -0.23214581567560916 0.04705507509260711 0.005973200018953247 0.9715237739973358
0.021376911000000002 -0.9961379054741667 0.00859937696415183 0.046646576063308146 0.07386711555692858
0.021526103 0.3729021708582801 0.04183187334833374 -0.022359641723451958 0.9266574837040119
0.021703738 -0.7696412954485403 0.03400776142880889 0.033065560909566256 0.636712160420336
0.02187725 0.8403767964355366 0.021175802210596187 -0.04244342727122808 0.5399230705425485
0.022038845 -0.25920241798038474 0.046869792073417973 0.007285725722811649 0.9646575707208118
0.022195476000000002 -0.9978104223974293 0.007292563921274928 0.046868531739211704 0.04600326155067424
0.022344431 0.3468630054290167 0.04244033340332731 -0.021182004289945138 0.9367156325622694
0.02251736 -0.7871323856705258 0.03307053234222971 0.034002926868644735 0.6149574795067421
0.022662632000000002 0.8249615972673793 0.02235352853110597 -0.041835139370324986 0.5631948577945127
0.022795724 -0.28605659308679593 0.04664790554835755 0.008592561551418416 0.9570380069723389
0.022969917000000003 -0.998682870350317 0.005979959861593699 0.04705290094720758 0.01810371444998141
0.023118759000000003 0.3205529533585777 0.04301564918811131 -0.0199878245267502 0.9460422424963838
0.023287702 -0.8040087553646968 0.032107476444418595 0.0349137378298299 0.5927225405530526
0.023452348 0.80890213463433 0.02351379760546518 -0.041194179825685844 0.5860268115010612
0.023595925 -0.3126873689130626 0.04638958880238164 0.009892686916056841 0.948671033340978
0.023742033000000003 0.9987293023347857 -0.004662366131156088 -0.047198357189342684 0.009811730195390538
0.023926529000000002 0.2939925617875232 0.04355737140323891 -0.018778035042424854 0.9546300297840433
0.024072153000000002 -0.8202572246667228 0.03111934584532963 0.03579728248147451 0.5700247082060388
0.024241205000000002 0.7922109503847039 0.024655703307916967 -0.04052104920326323 0.6084011007823072
0.024389498000000003 -0.3390739478433 0.04609504357105174 0.011185086468607299 0.9395631841142902
0.024540758000000003 0.9981552907074123 -0.0033420512664719105 -0.047314473198700704 0.03771736650750102
0.024678138000000002 0.26720257336201475 0.0440650769845504 -0.017553580636122664 0.9624722876950415
0.024841357 -0.8358651040610867 0.030106912237320243 0.03665287080504373 0.5468817086168329
0.024998217000000003 0.7749010797128294 0.02577835385383093 -0.039816273193184384 0.630300252177039
0.025152347000000002 -0.36519572296960573 0.045764499882987586 0.012468750894492594 0.9297215721753208
0.025311473 0.9967160668439872 -0.0020186586591276457 -0.04738959614714314 0.06559413916033711
0.025466062 0.24020391003460206 0.04453836943357003 -0.01631541755974091 0.9695628917289801
0.025610839000000003 -0.8508202042856592 0.0290709662924898 0.03747983461373294 0.5233116155980941
0.02575681 0.7569860409799823 0.026880872496144965 -0.039080402199250484 0.6517071632887669
0.025939543000000002 -0.3910322941852004 0.04539821588022377 0.013742677700910881 0.9191538834477263
0.026114605000000003 0.9944951153150031 -0.0006936695285413412 -0.0474275527245839 0.09341974748038666
0.026272861 0.21301765672498063 0.04497687912715651 -0.01506451277112463 0.9758963043982722
0.026434337000000002 -0.8651108458434837 0.028012317045194052 0.038277528073934995 0.4993328365098611
0.026564745 0.7384798251577583 0.027962398210065062 -0.038314010909124854 0.6726051161419869
0.026715333 -0.4165634841160596 0.044996477616611574 0.015005871999740671 0.9078683708933782
0.026897746 0.9914968184762136 0.0006318657484229213 -0.047428438069557634 0.12117241790198667
0.027078968000000002 0.18566504485347968 0.045380263606164636 -0.013801843178909722 0.981467579552711
0.027234919000000003 -0.8787258681133755 0.026931791260216557 0.0390453282091035 0.4749640978851758
0.027380643000000003 0.7193968849021999 0.02902208636548839 -0.03751769784554918 0.6929777902382396
0.027510992 -0.44176935387857735 0.04455959883442186 0.016257347284505907 0.8958738480671379
0.027665715 0.9877239727964896 0.001956909133873685 -0.04739227291066673 0.14883046582897216
0.027822051 0.15816743576014045 0.045748207842892845 -0.012528394879595074 0.9862723662422261
0.027999605 -0.8916546380506758 0.0258302327870874 0.03978263538554566 0.45022443080683683
0.028165612000000003 0.699752123267227 0.03005910938662324 -0.036692084898939194 0.7128092753017685
0.028308157 -0.46663021865097465 0.044087920719325525 0.017496126200795034 0.8831796822338278
0.028444601000000003 0.9831796548400484 0.0032804249626321403 -0.04731909161346461 0.17637228737579405
0.028587088 0.13054630402233228 0.046080424487107655 -0.011245162387438792 0.9903069121148109
0.028727548000000002 -0.9038870584689179 0.024708501901048938 0.04048887377964871 0.42513315604686186
0.028898661000000003 0.6795608820662535 0.03107265739829123 -0.0358378168417272 0.7320840837048045
0.029081631 -0.4911266630462609 0.04358181163394037 0.01872124130953124 0.8697957870527862
0.029246766 0.9778674622871195 0.004601379283060695 -0.04720895362136734 0.20377637160621442
0.029408052 0.1028232206839384 0.046376654090453766 -0.009953147857781524 0.9935680663469706
0.029553313 -0.9154135758919972 0.02356747463117605 0.041163491825987227 0.3997098689805208
0.029700007 0.6588389298910724 0.032061938858406705 -0.03495556082483147 0.750787162562792
0.029855498 -0.5152395562747705 0.043041666830155645 0.01993173584249848 0.8557326148357044
0.030011006000000003 0.9717915654207817 0.005918740324277027 -0.04706194596576087 0.23102131602745643
0.030176635 0.07501983640920425 0.04663666530907292 -0.00865336030440157 0.9960532821043964
0.030334225000000003 -0.9262251879639617 0.02240804207615958 0.04180596264564114 0.3739744242871506
0.030481386000000003 0.6376024497973849 0.033026181176138744 -0.034046005856646556 0.7689039054900999
0.030621836000000003 -0.5389500670843947 0.04246790814045528 0.021126664449532175 0.841001148383813
0.030784713000000002 0.9649567201321166 0.007231479196378023 -0.04687818396332677 0.25808584283679126
0.030954541000000002 0.04715786457440817 0.04686025508427523 -0.0073468148115144825 0.9977606185309496
0.03112213 -0.9363134503990844 0.021231109708260427 0.042415784453841116 0.347946920450352
0.031274397 0.6158680266666222 0.033964631315273455 -0.03310986226496121 0.7864201640070337
0.031427898 -0.5622396784668657 0.04186098364848441 0.022305093936791618 0.8256128924107691
0.031573757 0.9573682701074008 0.008538570654385388 -0.04665781140356611 0.2849488153418512
0.031715318 0.019259064310556576 0.0470472488011195 -0.006034531741031628 0.9986887422643983
0.031892311 -0.9456704834457789 0.020037596665922888 0.042992480945624544 0.32164768407081784
0.032054867 0.5936526342539223 0.03487655638230545 -0.032147861142226467 0.8033222585892433
0.032215607 -0.5850902021185709 0.041221367339113836 0.02346610399553622 0.8095798645579695
0.032387286 0.9490321451103567 0.00983899388193771 -0.046401000551945744 0.31158925437472734
0.032526643 -0.008654776489650259 0.04719750042478198 -0.004717535935696949 0.9988369284777273
0.032681417000000004 -0.9542889778200394 0.018828435035492055 0.04353560165733777 0.29509725400601594
0.032840965 0.5709736219323832 0.035761244198798496 -0.031160753774605057 0.8195969893508989
0.033017888 -0.6074837926446193 0.04054955872827721 0.024608787920836702 0.7929145860092859
0.033173541 0.939954857483962 0.011131733280439945 -0.046107952068594374 0.33798635462810733
0.03333398 -0.03656185818731344 0.047310892614603264 -0.0033968559187253847 0.9982050614452036
0.033483428 -0.9621622000261352 0.017604569122366118 0.04404472230001863 0.26831636535269826
0.033630006000000004 0.5478487011439506 0.036618003857568235 -0.030149311055249765 0.8352316463532891
0.033771858 -0.6294029614950333 0.039846082472869554 0.02573225331965877 0.7756300717125669
0.033946741 0.9301434976310352 0.012415779258056833 -0.04577889487820199 0.3641195008770987
0.034106865 -0.06444038642200194 0.0473873368157274 -0.0020735230905658685 0.9967936346327595
0.034267338 -0.9692839968982838 0.01636695471164701 0.04451944505670956 0.2413259332916306
0.034425679 0.5242959315675498 0.03744616626225453 -0.029114322882269453 0.8502140195307856
0.034577372 -0.6508305906221675 0.039111487961011285 0.02683562280776545 0.7577398202155448
0.034726316 0.9196057287793787 0.013690129015888699 -0.04541408600543866 0.38996828406358186
0.034900279 -0.09226858913229379 0.04742677332825981 -0.000748570923418037 0.994603750312619
0.035064421000000005 -0.9756487989971044 0.015116558317664947 0.044959398826278356 0.21414703682114658
0.035227309000000005 0.5003337070152155 0.03824508464985851 -0.028056597541851285 0.8645324082264343
0.035375128 -0.671749945848684 0.03834634888299929 0.02791803469489326 0.7392578031240773
0.035528497 0.908349781167486 0.014953787329803332 -0.045013810382224274 0.4155125172255619
0.03567853 -0.12002473355890221 0.047429171353890846 0.0005769658458681155 0.9916371187024703
0.035839259000000005 -0.9812516219764037 0.013854356419883588 0.04536423937176984 0.18680090242284447
0.036006296 0.47598074106729027 0.03901413509583965 -0.0269769610770229 0.8781756303297127
0.03618345 -0.6921446899355771 0.03755126278327789 0.028978643657664605 0.7201984541909777
0.036328522 0.8963844457174973 0.016205767326872362 -0.04457838062991961 0.4407322512564715
0.036478764000000004 -0.14768714321710194 0.047394529019948374 0.0019020520238822712 0.987896056629859
0.03664042 -0.9860880635405216 0.012581334677034997 0.04573364926050431 0.15930888774550353
0.036791225000000004 0.45125605245787753 0.039752717001376336 -0.025876256642546377 0.8911330310093262
0.036959918 -0.7119988953400391 0.03672685059378186 0.030016621399709932 0.7005766580439418
0.03712987 0.883719067231371 0.017445091255581833 -0.04410813681806635 0.46560779048078943
0.037292625 -0.17523421482520715 0.047322873380860116 0.003225652769097647 0.9833834857228408
0.037446323000000004 -0.9901542886588778 0.011298487091760519 0.046067337248649996 0.13169246551714595
0.037594583 0.42617895022198166 0.04046025356241042 -0.024755343846448834 0.9033944910342195
0.03774901 -0.7312970566531186 0.035873756149014356 0.031031157298480792 0.6804077385613941
0.037915765000000004 0.870363537131962 0.018670791249095296 -0.04360344620063415 0.4901197080329786
0.038086025 -0.20264443517587583 0.04721426039702586 0.004546734400041903 0.9781029301283121
0.038232765 -0.9934469759377762 0.010006815016533475 0.04636503582769247 0.10397320831766535
0.038387719 0.4007690186159195 0.04113619222010832 -0.023615098078702684 0.9149504346763044
0.038540181 -0.7500241027073927 0.03499264568323913 0.032021459038245145 0.6597074469053354
0.038691764000000003 0.8563282857636154 0.019881910080904668 -0.04306470293039973 0.5142488610273198
0.038863203000000006 -0.22989639793706332 0.04706877489111444 0.005864265202560302 0.972058513759791
0.039041192 -0.9959630949197416 0.00870732544800648 0.04662649077235908 0.07617277665854807
0.039202092 0.3750461018228046 0.04178000509238853 -0.022456409827581437 0.925791837188735
0.039350485000000004 -0.7681654083451019 0.03408420731017967 0.0329867532287658 0.6384919492205408
0.039515488 0.8416242742634864 0.02107750191223963 -0.04249232775192566 0.5379764055064996
0.039660581 -0.25696882036950863 0.04688653048182079 0.007177216235543533 0.9652549570768135
0.039829627 -0.9976985499805904 0.007401024307080916 0.04685139709566899 0.0483129240602494
0.040004513000000005 0.34903028845501965 0.042391189386176635 -0.02128018398422334 0.9359102318538866
0.040179123000000004 -0.7857068058373947 0.033149150485631364 0.03392628600917179 0.6167778140097446
0.040335879000000005 0.8262629860129707 0.022256633030628796 -0.04188676767352069 0.5612838111570874
0.040489265 -0.2838405599476908 0.046667669495134526 0.00848456213448887 0.9576975733984433
0.040627125 -0.9986268600858684 0.00608881577250971 0.047038391611778245 0.0204156824189352
0.040772806 0.32274189586580776 0.04296926779006742 -0.020087339135947374 0.9452977165955353
0.040950864000000003 -0.8026345959455705 0.03218820545340615 0.03483932363654112 0.5945819991946769
0.041116061 0.8102564176777436 0.023418382579018963 -0.041248495618523125 0.5841528757803375
0.041274623 -0.31049063087127643 0.04641236285318901 0.009785281912267827 0.949392264753789
0.04142796 0.9985522523945303 -0.0047705437690730036 -0.047178140020275205 0.007500971508172584
0.04157269 0.2962014542822204 0.043513788847086614 -0.0188788068488728 0.9539469601500766
0.041719729000000004 -0.8189355586154016 0.03120212267504267 0.0357251530587221 0.5719218388730909
0.04189918 0.7936170698446299 0.024561843274876427 -0.040578010056237346 0.6065657395068973
0.042079281 -0.33689822045416556 0.04612080994077823 0.011078359756475151 0.9403455172727576
0.042244891 0.9982332456591226 -0.0034515174486759483 -0.04730629648969989 0.03540703488982019
0.042410552000000004 0.26942969077181594 0.04402432730726132 -0.017655530940402713 0.9618512077919604
0.042563209000000005 -0.8345969632957475 0.030191672243726063 0.036583082470925565 0.5488150297821545
0.042698230000000004 0.7763579372633076 0.025686122118700055 -0.03987583461284391 0.6285048987443033
0.042883684000000005 -0.36304270537832856 0.04579323844964514 0.012362785822735794 0.9305643961206538
0.043059449 0.9968632448193996 -0.002128330653944768 -0.04738470356445945 0.06328697322390008
0.043230912 0.24244751305563475 0.04450048445972393 -0.016418466742139665 0.969004286608871
0.043380943000000005 -0.8496065788728013 0.029157643282875227 0.03741244185562377 0.5252796174788379
0.043525374000000006 0.7584924987009769 0.02679034109139027 -0.03914251766261123 0.6499532198463281
0.043680133 -0.38890366779974356 0.045429904200663736 0.01363755702335055 0.9200565399805757
0.043842178 0.994707750675325 -0.0008034399549253092 -0.047425776072677006 0.09111761249186878
0.044019796 0.21527599318008592 0.044941888444089556 -0.015168580353809013 0.975400610322536
0.044192737 -0.8639526832113029 0.028100843329865243 0.03821258350529213 0.501333982248153
0.044374355000000004 0.7400347064182612 0.027873637839926076 -0.03837863189974343 0.6708939524934705
0.044522572 -0.4144609112938507 0.04503109094405312 0.014901677810664527 0.9088301550879166
0.044681194 0.9917740915178855 0.0005220868243641902 -0.04742974797144401 0.1188771298062834
0.044854002000000004 0.1879363510605071 0.04534819454086518 -0.013906847888773173 0.9810351836513957
0.045025132 -0.8776240722938666 0.027022097705364984 0.03898288252751795 0.47699682475036054
0.045188574 0.7209989752747383 0.028935166350812166 -0.03758477389120828 0.6913107427741445
0.045339895000000005 -0.43969447662807326 0.04459711013778033 0.016154160954546075 0.8968940088216356
0.045485564000000006 0.9880654633345831 0.0018472088506001373 -0.047396658768836 0.14654382478825612
0.045619081000000006 0.16044993790924 0.045719085440661986 -0.012634254711725142 0.9859036062117275
0.045783135 -0.8906100689491323 0.025922248868777815 0.03972273733198017 0.45228715141851294
0.045972095000000004 0.7014001714728185 0.0299740976107701 -0.03676156361090339 0.7111876459563098
0.046159468 -0.4645846573490779 0.044128300704324094 0.017394028313369097 0.8842574228572984
0.046328474 0.9835850126735409 0.0031708896064201724 -0.047326546080608635 0.17409608310865762
0.046466943000000004 0.13283821956116856 0.04605427149200189 -0.011351794669157304 0.9900020759541766
0.04661523 -0.9029005311585114 0.02480215576028276 0.04043157009875635 0.4272242596179735
0.046793737 0.6812536009488163 0.03098962025415509 -0.035909643955527065 0.7305091389395905
0.046975222000000004 -0.48911201517259434 0.04362502876598992 0.018620311597896514 0.8709302658872397
0.047148772000000005 0.9783363303550268 0.004492094713338628 -0.04721946897610206 0.20151238404363117
0.04731283 0.10512275970974275 0.046353490927524124 -0.01006046931320612 0.9933273921330131
0.047469041000000003 -0.9144858599294572 0.023662693129979488 0.04110882722732697 0.40182772257984906
0.047610673000000006 0.6605749974203982 0.031980941196593435 -0.035029680242538094 0.7492601323781289
0.047758046000000005 -0.5132573951637831 0.0430876873589836 0.019832053127467622 0.8569229459135312
0.047937067 0.9723235555563606 0.005809792070169382 -0.04707551296499939 0.22877131472204726
0.048129092000000005 0.07732520306657747 0.04661651006841556 -0.008761287119479377 0.9958769578057944
0.048292408 -0.9253570067197755 0.022504750854637674 0.0417539797654819 0.3761173741206996
0.048458783000000005 0.6393805100997723 0.03294728625434414 -0.03412235969059693 0.7674259824647137
0.048608877 -0.5370019406962789 0.04251669612646621 0.021028306577899322 0.8422464021197739
0.048754006 0.9655514038909412 0.007122952455733443 -0.04689479140406862 0.2558515859451385
0.048942557000000005 0.049467258457782326 0.046843123506905 -0.007455262699476089 0.9976487818614785
0.049124433 -0.9355054803909978 0.02132923324254774 0.04236652381702546 0.35011329316136963
0.049280153 0.6176866910822663 0.03388790074890159 -0.0331883908828975 0.7849925023669732
0.049444468000000005 -0.560327108178212 0.041912500990829396 0.022208137720515435 0.8269120963280685
0.049608305000000005 0.9580251749083997 0.008430550257518604 -0.046677445934628095 0.2827320484369352
0.049773119000000005 0.021570681870218746 0.04703315426667876 -0.006143416008214569 0.9986414805754098
0.049958299000000005 -0.9449233536564209 0.020137058326939326 0.04294598092658732 0.3238357880585914
0.050125417000000005 0.595510482420169 0.034802050096365986 -0.03222850321380902 0.801945973306698
0.050299566000000004 -0.5832146815337146 0.04127557380544851 0.02337062515172769 0.810932004047833
0.050458515 0.9497507525518097 0.009731564240761601 -0.046423646587994534 0.3093917091853167
0.050610805 -0.006342740539070676 0.047186453941092554 -0.004826771547688438 0.9988542786899558
0.050775282000000005 -0.9536032689645134 0.018929157148368535 0.043491898438661435 0.29730538076430574
0.050953737000000006 0.5728692028919604 0.03568902038112187 -0.031243446319262156 0.8182731552736394
0.051138732000000006 -0.6056467864285774 0.04060641198618465 0.0245148610125972 0.7943186051234599
0.051313548 0.9407346026614545 0.01102497833097926 -0.04613359175131846 0.3358097477468996
0.051463486 -0.03425120945699368 0.04730290280907079 -0.003506357566769884 0.998287010019961
0.051632483 -0.9615384437066775 0.017706473026321546 0.04400384982554561 0.2705427908299887
0.051797302 0.5497805344772638 0.03654811891337576 -0.03023398949132386 0.8339612973654169
0.051982234 -0.6276059042289223 0.03990553812292323 0.02563995169781383 0.7770848739881207
0.052152176 0.9309837689661797 0.012309782399816494 -0.045807508061538875 0.36196553245774565
0.052320507 -0.06213292943881242 0.04738240992860547 -0.0021832052581884248 0.9969401175825329
0.052480154 -0.9687226745242228 0.016469960819908272 0.044481434973438774 0.24356891927783245
0.052632899000000004 0.52626250854811 0.03737867477011796 -0.02920092107741959 0.8489981477454558
0.052785582000000004 -0.649074885681983 0.03917349957145332 0.026745018553538658 0.759244269531333
0.052946847000000005 0.9205058681341936 0.013584973049737539 -0.045445650254285465 0.38783863651732287
0.053134193 -0.08996612592952327 0.04742491320777747 -0.0008583479532101287 0.9948146532510687
0.053298990000000004 -0.9751503402201144 0.015220586176601417 0.04492428040319532 0.21640483237033156
0.053477345 0.5023334917873048 0.03818003931908568 -0.028145047864672652 0.8633719632111764
0.053646302 -0.6700369643082603 0.03841086802600509 0.02782919856356264 0.7408107245882068
0.053815076 0.9093090841335512 0.014849554395236577 -0.045048300979429384 0.4134088539236949
0.053987378 -0.11772906226892185 0.047430379453248545 0.00046717968535310827 0.9919122769337898
0.05415198500000001 -0.9808164020892368 0.013959324765471293 0.04533203936945631 0.1890717453321138
0.054314743000000006 0.4780121718448958 0.03895158672531812 -0.027067194449840754 0.8770715183649663
0.054485413 -0.690475769494569 0.03761823907278106 0.02889164502324476 0.7217986350585781
0.054641775000000004 0.8974021620217959 0.016102538839139157 -0.04461577058883286 0.438656215242664
0.054798947 -0.14540005666706793 0.04739880439618377 0.0017923424711741175 0.9882352552774211
0.054981307 -0.9857163985060703 0.012687161483912504 0.045704391688363925 0.16159100613453573
0.055174895 0.4533175427439586 0.03969271443990847 -0.025968202595343458 0.8900861143807682
0.055337908000000005 -0.71037533927769 0.03679623172482853 0.02993152820069954 0.7022228486645401
0.055489781 0.8847944012267149 0.01734294784297342 -0.04414839689914734 0.4635610031959655
0.055650716 -0.17295749913689806 0.047330212695586585 0.003116105502849419 0.9837864598970382
0.055826484 -0.9898464241559706 0.01140508960140458 0.046041042838607854 0.1339840796158833
0.056000397 0.4282688900470937 0.040402843670570024 -0.02484893057188265 0.9024055873594378
0.05616846700000001 -0.7297201328085634 0.03594548793861633 0.030948035984714628 0.6820986533551598
0.056339903000000004 0.8714956483533902 0.018569812690586534 -0.04364654493124966 0.4881037680548885
0.056515304 -0.20037986837075503 0.047224657919039806 0.004437434972115781 0.9785693651334524
0.056677347 -0.9932030590235638 0.010114109699889615 0.04634172068468565 0.1062725327553703
0.056869457000000005 0.4028857757952289 0.041081419833649935 -0.023710252488170144 0.9140203162663474
0.057037109 -0.7484950424872111 0.03506667211269453 0.03194037451888809 0.6614417653674379
0.057211044 0.8575162895395364 0.019782175244286385 -0.04311060662729012 0.5122653428264379
0.057350120000000004 -0.22764574854765995 0.04708222250087287 0.00575529897121232 0.9725880453398952
0.057508036000000005 -0.99578308398822 0.008815227720135821 0.04660616210444488 0.0784780242078015
0.057670391 0.3771880232304885 0.0417279129872365 -0.022553057608285663 0.9249212304450346
0.05783908200000001 -0.7666854057587564 0.034160470568827615 0.03290776882148305 0.6402683169528622
0.058023332000000004 0.8428672423743953 0.020979088692845312 -0.04254100054600766 0.5360268582196875
0.058187967 -0.2547338460581958 0.04690301767778352 0.0070686682987588425 0.9658471717001162
0.058356519 -0.9975818313861553 0.007509446994503081 0.04683403506831932 0.05062231484855321
0.058520999000000004 0.35119570131506833 0.042341818245023276 -0.021378249657198697 0.9350998167010285
0.058691035 -0.7842770165611577 0.033227591016006475 0.033849463390507734 0.6185948437791448
0.058868584 0.8275599473930405 0.022159618290738578 -0.04193817153681214 0.5593697573802817
0.059048179000000006 -0.2816230061339411 0.04668718340196655 0.00837651726351946 0.9583520085803806
0.059230409000000005 -0.9985704779298534 0.0061976617554944284 0.04702386559189568 0.022727480515073888
0.05938954900000001 0.3249291090581992 0.04292265617060497 -0.020186746114996667 0.9445481259503202
0.059566585000000005 -0.8012561364154506 0.03226876199775819 0.034764722793534715 0.5964382720170147
0.059721654000000006 0.8116063591560211 0.023322842088013298 -0.04130259039304083 0.5822758103813975
0.059897818000000005 -0.30829222936846423 0.04643488823181687 0.009677824485425075 0.9501084094182165
0.060070069000000004 0.9979793379175863 -0.004876638900469196 -0.04713924041549724 0.005191290991162708
0.060235697000000005 0.2984087596634506 0.043469973151898454 -0.01897947750037033 0.953258779427287
0.060400655000000004 -0.8176095051494592 0.031284732323183816 0.035652832241782124 0.5738159051221884
0.060562743 0.7950189369234356 0.024467851650200847 -0.040634753484760186 0.6047271284596987
0.060707356000000004 -0.3347206881169815 0.04614632920029258 0.010971573693228263 0.9411228121511213
0.060896585 0.9983039922603668 -0.003560954135700071 -0.04729777867377134 0.03309654442936052
0.061090636000000004 0.2716553645087445 0.04398334175539557 -0.01775738664391628 0.9612249744472199
0.061266204000000005 -0.8333243512460854 0.03027627048216917 0.03651309814798248 0.550745410322873
0.061445002000000006 0.7778106349320157 0.025593752767699235 -0.03993518237146056 0.6267061779850838
0.06161838 -0.3608877427618542 0.04582173166103985 0.012256754518167684 0.9314022341888001
0.061771857000000006 0.9970047842131459 -0.002237989288061604 -0.047379543102268364 0.06097947732322068
0.061968955000000006 0.24468981697160977 0.044462361059972776 -0.016521427951824753 0.9684404897189556
0.062153636000000005 -0.848388401807304 0.029244164045223783 0.037344848667567064 0.5272448048234327
0.062331791000000004 0.759994892283703 0.026699666154064168 -0.03920442339498737 0.6481957941532509
0.062498183000000006 -0.38677295783123905 0.045461349112401135 0.013532363283022647 0.9209542669328589
0.062672644 0.9949149605339821 -0.0009132053800408144 -0.04742374081045103 0.08881499362683161
0.062846236 0.21753317611228506 0.044906656969993956 -0.015272566660526002 0.9748996902034631
0.06301896 -0.8627898921249145 0.028189219048414895 0.038147434222686294 0.5033324417350827
0.063187907 0.741585622454189 0.027784728132658493 -0.03844304725305427 0.6691791943903412
0.06337408500000001 -0.4123561179582837 0.045065462999443216 0.014797403785940298 0.9097870698482386
0.06354148600000001 0.9920460084848703 0.00041230543924979796 -0.04743080176800893 0.11658120730828221
0.06370031500000001 0.19020665022743477 0.04531588250746482 -0.014011778082879487 0.9805975315145906
0.063869707 -0.8765175748488084 0.02711225936387453 0.03892022800857418 0.47902699574473906
0.06405590600000001 0.7225972024299948 0.028848091311120032 -0.03765164855368856 0.689639991459169
0.064241105 -0.43761724366841326 0.04463438249416015 0.016050888078424422 0.8979093640910144
0.064401336 0.9884016377267872 0.00173749886290034 -0.047400789641477085 0.14425640025071626
0.06456753400000001 0.1627315802873152 0.045689718083009236 -0.01274004684649354 0.9855295638585357
0.064734374 -0.8895607287428994 0.026014126056367236 0.039662626481731966 0.4543474485333829
0.064916502 0.7030444614828667 0.02988892524311907 -0.03683084535097102 0.7095622062567699
0.065094126 -0.4625366069823635 0.04416844425402235 0.01729183723687717 0.8853304256975418
0.06527279200000001 0.9839850874980399 0.0030613373842646387 -0.04733374636649473 0.1718189472457012
0.065438232 0.13512942326932287 0.046027871745456084 -0.011458366124770143 0.9896919355089637
0.065606565 -0.9019091670174642 0.02489567672641061 0.040374049829340744 0.4293130739556869
0.065760438 0.6829426695904209 0.030906417076886718 -0.03598127866244042 0.7289302802932678
0.065963187 -0.4870947468227809 0.04366801215906114 0.018519282127091346 0.8720600783402681
0.066144282 0.9787999482737242 0.004382786160705933 -0.04722973094545594 0.1992473176998059
0.066322438 0.10742173540094647 0.046330079409841685 -0.010167736861275837 0.9930813958150564
0.066503404 -0.9135532452244516 0.023757784840449662 0.04105394241920637 0.40394342299285874
0.066674042 0.6623075255122244 0.03189977219000628 -0.03510361196854627 0.7477290878422987
0.06685287200000001 -0.5112724842123412 0.04313347702769327 0.019732264161095706 0.858108685655867
0.067029746 0.9728503304568471 0.005700812750185646 -0.04708882747655762 0.22652008839355262
0.067211912 0.0796301553252076 0.04659610506364975 -0.008869166988044797 0.9956952977401484
0.067368259 -0.9244838686977728 0.02260133904858039 0.04170177322932303 0.3782583084912262
0.067532192 0.6411551445307326 0.03286821480997147 -0.03419853069454563 0.7659439477534876
0.067710175 -0.5350509372515119 0.042565256311507614 0.020929836045761714 0.8434871431516893
0.067909652 0.9661409103468181 0.007014387598738775 -0.04691114740252157 0.25361595880491533
0.068085029 0.051776387201738515 0.04682574095112859 -0.007563670638423579 0.9975315999289611
0.068259631 -0.9346924995125151 0.021427242490305854 0.042317036255759534 0.3522777896996341
0.068441785 0.6195020458666998 0.03381098862002516 -0.0332667416752507 0.7835606349177615
0.06860153100000001 -0.5584115358642574 0.041963793769253126 0.022111062522587068 0.8282068696968515
0.068781308 0.9586769437932925 0.008322484728385916 -0.046696830237566406 0.2805137671655692
0.06897101700000001 0.02388218375669274 0.04701880773553956 -0.0062522673550732145 0.9985888683018248
0.069154674 -0.944171162921418 0.020236412088773983 0.04289925089682808 0.3260221566196527
0.06934053600000001 0.5973651397789788 0.03472735734980687 -0.03230897260304968 0.8005653913765225
0.069523209 -0.5813360363001462 0.04132955912028131 0.023275021098076974 0.8122797986046134
0.069695245 0.9504642691255203 0.00962408248961236 -0.046446043789134535 0.3071925067189973
0.069875583 -0.0040306707052703145 0.047175154639213075 -0.004935981293747377 0.9988662771746438
0.070065732 -0.9529124531960959 0.019029777833860482 0.04344796231003322 0.2995119141842203
0.070238991 0.5747617143587894 0.03561660535034509 -0.031325971459631556 0.8169449370660141
0.070427749 -0.6038065353815248 0.04066304767771514 0.02442080276415238 0.7957183683130017
0.070596042 0.9415093057772481 0.010918164336456532 -0.046158984176470706 0.33363134198961175
0.070770287 -0.031940377313662414 0.047294659561298955 -0.0036158404234664663 0.998363609903726
0.070954641 -0.9609095387366319 0.017808282054268113 0.043962741735267805 0.27276776628313665
0.071124221 0.5517094220288109 0.03647803815294635 -0.030318505931861115 0.8326864801884847
0.07129673 -0.6258054844846096 0.03996477996163024 0.02554751270802138 0.7785355126709728
