0 -0.7067529998956005 0.00035399999994770805 0.0003529999999478558 0.7074602089259648
0.0008119140000000001 -0.6646120482866954 -0.21310703282123736 -0.18353682294237583 0.692235978797256
0.001107436 -0.3138374773972117 0.6232401780750481 0.6553141533120295 0.28920986366349394
0.001353952 -0.6370555726830175 -0.2851441050422254 -0.2587712493020085 0.6677505073572397
0.001538405 -0.25005054327061876 0.6514558747605453 0.6809128663319045 0.22235073534529248
0.001734436 -0.6815845093675803 -0.15015807618965452 -0.11815988252087871 0.7063523144560414
0.0019133770000000002 -0.6723412038403707 0.187011407907974 0.226856705539139 0.6793528845920973
0.00208733 -0.3438007450682612 0.6072277319395327 0.6404611333471617 0.3207588206445363
0.0022359890000000003 -0.672436675495648 -0.18693507467468362 -0.1563158478857921 0.6988918237624517
0.002377506 -0.16966389838660842 0.6768577008793051 0.7027577673647732 0.138617359457528
0.0025128050000000003 -0.6430800184273888 -0.2712755916459176 -0.24425013791981087 0.6732011366540257
0.002667276 -0.5905524079763703 0.3717798792543769 0.4119676449275378 0.5859271172753655
0.002811769 -0.6825062795860346 -0.14590694780676633 -0.11375634043199039 0.7070757343722117
0.002982081 -0.6859019982421111 -0.12898543712016353 -0.09624222498952072 0.709675251170149
0.0031317750000000003 -0.5459395373017144 0.4346359569509235 0.4740715763918169 0.5369341567211332
0.003291618 -0.0201829122983171 -0.6979148268980487 -0.71360700983829 0.057639992548351615
0.0034424480000000003 -0.6637680197586785 0.21545576221068044 0.2555613433612596 0.6690887110775695
0.0035821100000000003 -0.5251476651394543 0.4595356581691955 0.49851162939455174 0.5143286159871249
0.0037184590000000003 -0.5694113357009164 -0.4036843865233098 -0.3837218037143739 0.6046220552731811
0.003879477 -0.44980639952963963 0.5334903730999515 0.5703956249387884 0.43325775708441583
0.004030257000000001 -0.6701441498601667 -0.19500041018090603 -0.1646983404806427 0.6969623658777453
0.004189202 -0.694230369622337 -0.07160215155226383 -0.03701341567054589 0.7152256446441136
0.004343889 -0.5991590387460684 0.3577487128101476 0.3980343415443753 0.5954774943117351
0.004484364 -0.6598526426467964 0.22715810980510553 0.2673507344659786 0.6644679559484447
0.0046304530000000005 -0.15254561607816527 -0.6812675340304709 -0.6896805947826898 0.1922243782907693
0.0047888720000000004 -0.1454590127795669 -0.6828184450187117 -0.6916369345843019 0.18505199138116332
0.00497091 0.0036420832163371842 -0.6982374892609938 -0.7151748003090922 0.033281939887422826
0.005137509 -0.6790056268716758 -0.161429784953916 -0.12984265298265146 0.7042960611283284
0.005274089 -0.1248408102139149 0.6865445021064164 0.7103462633300843 0.09215967327959224
0.005422473000000001 -0.3621586315036648 -0.5967693161516155 -0.5922591002377684 0.40241437511303907
0.005572906000000001 -0.6085203842250982 -0.34186197356138404 -0.31835881111889536 0.6414680394811899
0.0057091730000000005 0.0003526353343709889 -0.6982200378476778 -0.7149872641726233 0.036645896333984025
0.0058913820000000006 -0.6610915318624595 0.22352870494896218 0.26369560160481326 0.665926226482728
0.006052653000000001 -0.4914066176621604 -0.4957324839024894 -0.48206166020663704 0.5295146266467489
0.006193141 -0.22144683340953258 0.6617259379309509 0.6899487865041646 0.19249251196068462
0.006345535 -0.5562187346186954 0.42140474733226535 0.46104472197996343 0.5481577198301372
0.006501304 0.014119725800432463 0.030107232248847527 -0.01811277101421284 0.9992829095183258
0.006642671 -0.6055507705933326 0.3468233000485318 0.38716909298104885 0.6025962939260758
0.006791040000000001 -0.26993261895154985 0.6434726338549883 0.6737659361193696 0.24314846274372237
0.006950607 -0.6848894376583737 -0.13426366874564793 -0.10170290289005823 0.7089121845189275
0.0071113850000000004 -0.6427213198567051 -0.272124903497323 -0.24513888757670013 0.6728778262770871
0.007252740000000001 -0.2121493748857681 0.6647655969785745 0.6925796695696667 0.18280271469208134
0.007396482 -0.06294259724430894 0.6950131367799905 0.7157934959000698 0.02825950702913313
0.007538896000000001 -0.6410805551612033 -0.275970405570544 -0.2491638134984042 0.6713968890824782
0.007670357000000001 -0.6094622133421063 0.33990523574631204 0.38028209514200273 0.6069647110349626
0.007837687000000001 -0.6475522231672861 -0.2604130580623321 -0.23288915014653006 0.6772179406180915
0.008014323 -0.5707922803299718 -0.4017282879702418 -0.38164627951065294 0.6059348328678119
0.008162945000000001 -0.24356048374704564 -0.654237608805318 -0.6572729447637419 0.28398115729047024
0.00831027 -0.6667194274771527 -0.20641456609019102 -0.17657062519111885 0.694047076484247
0.008474474000000001 -0.6685313728001419 -0.20046388490712735 -0.17037973800544137 0.6955940768920659
0.008634332 -0.6925551442044092 0.08607211663036517 0.12446713326084813 0.7053135424964322
0.008770539 -0.6978922991324058 0.002976912843539767 0.039595427344255495 0.7151013858203535
0.00893477 -0.26579910692176156 -0.6455143767270946 -0.6471846364653281 0.3062935326989849
0.00910297 -0.6560848139424958 0.23781603329016926 0.2780775094612222 0.6600526632149643
0.009277073 -0.14262907489700552 -0.6834161392630044 -0.6923960145995061 0.18218670436240533
0.00944785 -0.6725472372484671 0.1862697147662932 0.2261073216256612 0.6796025743755678
0.009610214 -0.5432781713960945 0.43795719680794126 0.4773373132733649 0.5340336965997705
0.009769603 -0.649832532198907 -0.25466582044512365 -0.22688260962152942 0.6792552245723019
0.009921175 -0.26299639579816425 0.6463386645794607 0.6763422641644276 0.2358886154521199
0.01009428 -0.6696270174605516 -0.19677015863239875 -0.16653840721304 0.6965245574076834
0.010248041000000001 -0.32235735747290006 -0.6191906004072589 -0.6172888401013749 0.3628285068493674
0.010411100000000001 -0.6880559920063595 0.11667175737423102 0.15559040243446473 0.6991127288113698
0.010554597 -0.6351852777725229 -0.2892889334398101 -0.263114712130191 0.6660500207390924
0.010711724 -0.5976377537317826 -0.3605589013494287 -0.33807779166751095 0.6312924938795909
0.010874328 -0.651330331487198 -0.25080778405393894 -0.22285220343899637 0.680589087287645
0.01104269 -0.18050152417627754 0.6740492778387986 0.7004446793696714 0.1498743313785726
0.011215826 -0.422681840091736 -0.5555217952866718 -0.5468704825137363 0.46224356313285125
0.011369738 -0.5859300623155004 -0.379297615415167 -0.35788211940289216 0.620274248677887
0.011517237000000001 -0.5354599849408214 0.4474798344215851 0.4866910866401644 0.5255252550741718
0.011661505 -0.36569963006269535 0.594298249980732 0.6283480711402012 0.3438800193798281
0.011833910000000001 -0.6897418329064436 -0.10652971032509737 -0.07303439361005855 0.7124421981765627
0.0120081 -0.1717318687285849 -0.6766779084922893 -0.6839839620242426 0.21162314761652157
0.012167805 -0.11737194911484713 -0.6882138178315023 -0.6986212322927438 0.1565870349010603
0.012318448000000001 0.0141577485757214 0.03160242820554539 -0.016428432995233593 0.999265334471586
0.012488810000000001 -0.626652646373562 -0.3073451185363242 -0.2820560473520757 0.6582478352267704
0.012638566 -0.6836471867234655 0.14019283545825142 0.17946498194893248 0.6933723206026574
0.012787986000000001 -0.07246706816501643 -0.6944005856501632 -0.7072902284009376 0.11095527845525349
0.012956619 -0.1829531302092138 0.6733874500344982 0.6998942191215911 0.15242216894105864
0.013114013 -0.6959662928381886 -0.052040372737746636 -0.016879304678994785 0.7159875263017389
0.013281586000000001 -0.6971232931824676 -0.03303355184579605 0.002656337469844364 0.7161851086998444
0.013441452000000001 -0.6833360589617552 0.14170014544963153 0.18099347098688434 0.6929751489026029
0.013612141000000001 -0.6666955780589399 0.20622418355644198 0.24625278071748316 0.6725686968651867
0.013774621 -0.6289213271934698 -0.30267301831757937 -0.2771517774520664 0.660328978161361
0.013984332 -0.1812031382904741 0.673861485877159 0.7002888020072635 0.15060340344777315
0.014146009000000001 -0.6007048398562798 0.3551479371284885 0.39544914332986336 0.5971969819045543
0.014298044000000001 -0.6646750786441917 0.21264270133545013 0.25272559642956066 0.6701644799185409
0.014453051000000001 -0.2982746718437927 -0.6311538396653246 -0.6307913697262304 0.33879421733430615
0.014593866 -0.29321121492069807 -0.6335238676160155 -0.6334815094148954 0.33373352121392835
0.014738074 -0.6955012711154318 -0.057939199718007615 -0.02294770829502263 0.715817660113789
0.014898843 -0.6916472316564078 0.09307785950294642 0.13159905678980408 0.704019065593015
0.015076491000000001 -0.5347305431011561 -0.44863407599343985 -0.4315678735157406 0.5714372985935329
0.015232200000000001 -0.6186231246508679 -0.3232113562277532 -0.2987274769321878 0.6508473463122184
0.015373739 -0.6833096405485206 -0.1420935825392986 -0.10980746566198697 0.7077005970807083
0.015527601 0.014165377760008493 0.018187972118970348 -0.0315460437954938 0.9992366007344975
0.015677059 -0.6954916775302423 0.057789644020406546 0.09563770881959824 0.7097926061265117
0.015846579 -0.566674490220984 -0.40751924127478323 -0.3877923125517216 0.6020181416745034
0.016018749000000002 -0.14973612830865635 -0.681892372669823 -0.6904664000377412 0.1893813883052774
0.016202093 -0.2114396465185942 -0.6653258827923001 -0.6702963879732234 0.2516769912089206
0.016336692 -0.4866004763890855 0.5001645075230776 0.5381506176502171 0.47270551795006654
0.016483077000000002 -0.6974373562957755 0.025256955991585058 0.06240208383788156 0.7134772061368496
0.016629701 -0.1925667973758627 0.6707024953630866 0.6976436820424485 0.16241783915628744
0.016773820000000002 -0.3380182001331498 -0.6107765039071129 -0.6078583199451142 0.37842546857392706
0.016945331 -0.30044402370703716 0.6298063404790971 0.6613471024546947 0.2751381753561004
0.017112046000000002 -0.5843347968147689 -0.3817520410212881 -0.3604793054230185 0.6187678070018268
0.017259267000000002 -0.60065803661864 -0.355502131368548 -0.33274063004120646 0.6341233873268919
0.017392473000000002 -0.6949417736986953 0.06405212831645858 0.1020264722393224 0.7089036283001391
0.017549033000000002 -0.4678434841297966 -0.5180400257412159 -0.5061345675866211 0.5065429924875696
0.017692808 -0.6973582669191385 -0.02760799277383917 0.008227943093184044 0.7161438706389713
0.017864902000000002 -0.09059820318692045 0.691920809284198 0.71406753450224 0.05677319095646967
0.018051845 -0.2167329501816798 -0.6636185100807853 -0.668273002845815 0.25700659325753267
0.018208385 -0.6834842529744763 0.14098465756125408 0.18026795607617116 0.693164198757336
0.018361055 -0.07478070403877184 -0.694156761995996 -0.7069202658523328 0.11331014227134285
0.018512973000000002 -0.31288544391971296 0.6237194064218764 0.6557557958760465 0.28820897478854834
0.018659755 -0.485055474548904 -0.5019519830088853 -0.48876206966039426 0.5233335701745342
0.018822792 -0.5007716900407496 -0.4862658962323326 -0.4718786808060533 0.5386136577347511
0.018996141 -0.05423161458937366 -0.6960769415417213 -0.7099546897025246 0.09238273895394854
0.019171068000000003 -0.6614642257284565 0.22242460756508994 0.26258346132989036 0.6663655535332592
0.019340124 -0.5974345293116293 0.36062062024266855 0.40088813869830586 0.5935607504348587
0.019496746000000002 -0.6871492374481566 0.12189399153231568 0.16089483986353945 0.6979121173675591
0.019643515 -0.6278860135027949 0.3045445085865894 0.34499900141131534 0.6276849076178859
0.019804754 -0.16079681640040128 0.6790238746994652 0.7045153013538802 0.1294139985006461
0.019980788000000003 -0.5260097318897394 -0.4588330339891571 -0.44246796886975986 0.5630356285966898
0.020147154 -0.4757903568495932 -0.510747303331613 -0.4982521250638362 0.5143022624960529
0.020294878000000002 -0.26714431744856926 -0.6449590442760895 -0.6465460587594117 0.3076417987204079
0.020434605 -0.022967811125922714 -0.6978436633649026 -0.713388997160266 0.06048575564204197
0.020576913000000002 -0.5380481064988334 -0.44464812712765683 -0.42731258756544316 0.5746279764082
0.020722581 -0.509447754420288 0.4768779773793732 0.515470573115988 0.49733478217204
0.020902142000000002 -0.4627082461663302 -0.5226343733343757 -0.5111070886834196 0.5015228970049651
0.021065292000000003 -0.677406317322668 0.1677545231721888 0.20738547858156742 0.6855443883661949
0.021227428000000003 -0.4738903359006269 -0.5125116519169304 -0.5001579788381265 0.5124481633045951
0.021376911000000002 -0.6375859542988326 -0.2839559369885339 -0.2575264367148922 0.668232072251645
0.021526103 -0.2263265231608431 0.6600749655940922 0.6885109363731421 0.19758099646771346
0.021703738 -0.28995637868035956 -0.6350218043741337 -0.6351845955634721 0.3304791582914603
0.02187725 -0.2891237087710301 -0.6354015718784748 -0.6356167626437437 0.3296464334059019
0.022038845 -0.19214312439856998 -0.6711608460961594 -0.6772739879173015 0.23222841617729714
0.022195476000000002 -0.16327588293571715 -0.6787726252380244 -0.686568287626711 0.20307713813584904
0.022344431 -0.619628568033817 -0.32127867776424607 -0.296695307536245 0.6517768258907554
0.02251736 -0.26344316044720784 -0.6464807255391698 -0.6482966203701552 0.30393192204581226
0.022662632000000002 0.004780015666137023 -0.6982752891692761 -0.7152700779554261 0.0321205823430498
0.022795724 -0.5171843121269862 -0.4687630993676179 -0.453097955420713 0.5545129774566048
0.022969917000000003 -0.1278951085240336 -0.6863334570850346 -0.6961489182057968 0.16725889268644464
0.023118759000000003 -0.5657758935532242 0.4084875083348951 0.44830220378747937 0.5586247950986643
0.023287702 -0.6778099951589857 -0.1663835172691476 -0.13498024533231617 0.7033285985978219
0.023452348 -0.1646045761433875 -0.678451393745852 -0.6861703104713772 0.20442037867818552
0.023595925 -0.11612250809609925 0.6880878078561286 0.7114727392230754 0.08314112700560192
0.023742033000000003 -0.4218870855020182 -0.5561263861632184 -0.5475309906208655 0.46146115380659686
0.023926529000000002 -0.268161001824118 0.6442145138200664 0.6744340724231882 0.24129367948249694
0.024072153000000002 -0.41797704958138 -0.5590726918084375 -0.5507517131334294 0.45761040379681656
0.024241205000000002 -0.47976012146188524 0.5067284221250868 0.5445227846470907 0.46535276013614335
0.024389498000000003 -0.16868675508948763 -0.6774465565778579 -0.6849292601598393 0.20854634409651165
0.024540758000000003 -0.3358837049048402 0.611643051188852 0.644574761827425 0.31241327040964245
0.024678138000000002 -0.6961921302002708 -0.04891985704203895 -0.01367011996901221 0.7160567294233813
0.024841357 -0.23836988076246599 0.6558223492965698 0.6847797690571946 0.21014886095140436
0.024998217000000003 -0.6970974961550163 -0.03357943634067974 0.002095647831342199 0.7161870493184396
0.025152347000000002 -0.3928141864094396 0.5767385416202608 0.6117601897198629 0.3725881730766392
0.025311473 -0.48333505605859145 0.5033203872842797 0.541215520977403 0.4691943283143446
0.025466062 -0.43216241146979534 0.5478787030415444 0.5842258501985155 0.4144236266786394
0.025610839000000003 -0.6974209483694565 0.025705665431963922 0.06286102582898756 0.7134370715795907
0.02575681 -0.5037349080135031 -0.48319422311143556 -0.46857845657876934 0.5414887607330564
0.025939543000000002 -0.40852377989314864 0.5657211615567174 0.6012846680273635 0.389264679452937
0.026114605000000003 -0.24378271881846134 -0.6541557567588098 -0.657177575766618 0.28420440298623484
0.026272861 -0.014119763757990915 -0.6980971149980673 -0.7141082487314045 0.05144633281342633
0.026434337000000002 -0.62194035021251 -0.3167779332603085 -0.2919644006244428 0.6539109923676288
0.026564745 -0.6841986907209596 -0.13774495542426038 -0.10530570220874215 0.7083854332181401
0.026715333 -0.16693688834884354 -0.6778804051275433 -0.6854644389231292 0.2067778650021705
0.026897746 -0.18239269606065517 0.6735422500286985 0.7000236563450858 0.15183956052651945
0.027078968000000002 -0.46174609273765566 -0.5234851122409577 -0.5120284360975134 0.5005817984960345
0.027234919000000003 -0.400556077786416 0.5713895403278155 0.6066802440593971 0.3808024091507302
0.027380643000000003 -0.650824690558342 -0.2521182270996304 -0.22422103423960998 0.6801392054182046
0.027510992 -0.5974999119122091 -0.36078772608173143 -0.3383193645044562 0.6311631942343545
0.027665715 -0.5369788264359873 0.4456569330265862 0.4849016630054097 0.5271767908097706
0.027822051 -0.2812273018584437 0.63861882037643 0.6693791137734222 0.2549797825713478
0.027999605 -0.2824797875488999 -0.6383856189220868 -0.6390177868005281 0.3229997235797699
0.028165612000000003 -0.18212455836357444 0.6736154093033245 0.7000846561642309 0.1515608589049772
0.028308157 -0.20482707074003034 -0.6673946087124515 -0.6727583372455128 0.24501581836739106
0.028444601000000003 -0.5166560907979032 -0.4693456828041582 -0.45372214133086436 0.5540022709881037
0.028587088 -0.5908517293342783 -0.37158071721650043 -0.34972121586459953 0.6249143952926781
0.028727548000000002 -0.6806898316075489 0.15390142233708956 0.19335959966846286 0.6896292435101601
0.028898661000000003 -0.3495513072121477 0.603936845583727 0.6373872656716761 0.3268249645691932
0.029081631 -0.6246107243206718 -0.31147637024643005 -0.2863944402355081 0.6563708767972777
0.029246766 -0.5526350611997698 0.42609262414637106 0.4656632169924524 0.544240921589763
0.029408052 -0.13711254962797068 0.684202209562926 0.7085864626921449 0.10486292258555711
0.029553313 -0.5581373108522125 0.4188613484599379 0.4585376315874598 0.5502563840822989
0.029700007 -0.6800371551063104 0.15675779949990737 0.1962528581095755 0.6888119439921171
0.029855498 -0.3027661489177196 -0.6290100638067642 -0.6283626354831305 0.3432811300822229
0.030011006000000003 -0.05321671434272406 -0.6961553883860142 -0.7100877862859173 0.09134833014689002
0.030176635 -0.3836600576470627 0.5828669078348192 0.6175654880722773 0.3628856893381978
0.030334225000000003 -0.46997873437764215 -0.516102710187896 -0.5040393440010467 0.5086289775201976
0.030481386000000003 -0.5563690671447921 0.42120663553898546 0.46084948434755263 0.5483221022385815
0.030621836000000003 -0.37556223131322686 0.588116594548265 0.6225250741949095 0.3543116505444207
0.030784713000000002 -0.37398461982664505 -0.5894260187067443 -0.5841241506792543 0.41414148761094866
0.030954541000000002 -0.35260075727665957 -0.6024701598791617 -0.5985940515120002 0.39292442736315764
0.03112213 -0.6555932136922538 0.23916753439682412 0.27943702821172894 0.6594786148877181
0.031274397 -0.13160444701086135 -0.6856305815219044 -0.6952364304084319 0.17101862659215694
0.031427898 -0.3709067488231414 0.5910633077184044 0.6253032121385105 0.3493860799132649
0.031573757 -0.4415638159729905 -0.5406265647393338 -0.5306337212134957 0.4808049530105256
0.031715318 -0.308973686967318 0.6256663542635773 0.6575477503425602 0.28409762005548256
0.031892311 -0.0743696059937417 0.6938931750381373 0.7152417262298698 0.040032744271155316
0.032054867 -0.10556048823422827 -0.6901321468308078 -0.7011993678032106 0.1445990178504122
0.032215607 -0.5179559376282242 0.46762501904125037 0.5064289912439845 0.5065366528383621
0.032387286 -0.5406916827420417 -0.44142805631927384 -0.4238768172023842 0.5771681768729147
0.032526643 -0.5700284852447651 -0.4028121622445416 -0.38279625582973875 0.6052088424338741
0.032681417000000004 -0.35290599308383336 -0.6022913017410555 -0.5983950208137475 0.3932276578322686
0.032840965 -0.5978409663620206 -0.3602219531375764 -0.33772205874852745 0.6314831341414966
0.033017888 -0.36466258872870644 -0.5952420309492852 -0.5905648668009552 0.404898808290783
0.033173541 -0.39318110148921676 0.5764881446195744 0.6115226225095091 0.3729773132831226
0.03333398 -0.2716155869465576 -0.6430868040673356 -0.6443964952197629 0.3121218723198614
0.033483428 -0.5756456537416258 -0.394739061554252 -0.37423450645113004 0.6105427102570276
0.033630006000000004 -0.2710319609244278 -0.6433332440352261 -0.6446791836006178 0.3115372019878196
0.033771858 -0.6178383257590896 -0.3247099001292728 -0.3003034314604305 0.6501213222926353
0.033946741 -0.6369933103624712 -0.2852835528169629 -0.25891734565253727 0.6676939741030943
0.034106865 -0.6884681891870345 0.1142174676871023 0.15309676060280655 0.6996626834797132
0.034267338 -0.6548077117288983 0.24130868730938207 0.28159053886857244 0.6585623256881173
0.034425679 -0.6244593592456866 0.31150764765943895 0.3519572636226973 0.6238111012076474
0.034577372 -0.05269978024186578 -0.6961944830582206 -0.7101546997401285 0.09082141442140292
0.034726316 -0.2312597357417681 -0.6586915350724523 -0.6624729562398732 0.2716207488555531
0.034900279 -0.5980299996268512 -0.35990778005067203 -0.337390393822198 0.6316604339954167
0.035064421000000005 -0.5375237323837468 -0.44528206875269594 -0.42798919729157914 0.5741238603698422
0.035227309000000005 -0.6648442704303303 0.2121135669614071 0.25219212125707025 0.670365370339114
0.035375128 -0.6589303646572968 0.2298185340559732 0.27002928740148996 0.6633845139740889
0.035528497 -0.6695293284294098 0.19683550174098263 0.23677839185092298 0.6759606940134776
0.03567853 -0.6050231815825773 0.34774284347716494 0.38808410946202604 0.6020077713347379
0.035839259000000005 -0.056076671468051446 -0.6959290661033499 -0.7097073557155553 0.09426298909652318
0.036006296 -0.4870803833064593 0.4996973076682992 0.5376967036418523 0.4732217202147898
0.03618345 -0.5986586151023046 0.35858537329011736 0.39886582799862985 0.5949211173179014
0.036328522 -0.44875954382237376 0.5343711414602476 0.5712439570707102 0.4321388870573912
0.036478764000000004 -0.4731091210011571 0.5129421904534485 0.5505459112981534 0.45821225784971803
0.03664042 -0.5381535904933339 -0.4445202158352541 -0.427176083823339 0.5747293651070384
0.036791225000000004 -0.6963385516162263 -0.04678186299806307 -0.011471803106644772 0.7160956301063062
0.036959918 -0.668992049437035 -0.19892014658385337 -0.16877416795128464 0.695985792948647
0.03712987 -0.5468353642273248 0.4335087951658245 0.4729628680485547 0.5379109412671299
0.037292625 -0.6106436184123009 0.33777921811658523 0.3781645569523612 0.6082860326846199
0.037446323000000004 0.014369424761244119 0.013196408086840482 -0.037173610427982916 0.999118610751031
0.037594583 -0.4155402524370087 -0.5608870565743878 -0.5527365651478983 0.4552094334055774
0.03774901 -0.2678830888351997 0.6443293880923994 0.6745373401188569 0.24100279698596858
0.037915765000000004 -0.29955520434483807 -0.6305467191559084 -0.6301031055230463 0.34007365667473566
0.038086025 -0.601803469939616 -0.35355868938201174 -0.33069021712136837 0.6351956653649368
0.038232765 -0.6634427462021198 -0.21672293515248517 -0.18730220107646814 0.6912260104834399
0.038387719 -0.013657590892604096 -0.6980967501832273 -0.7141321390299373 0.05097337749481564
0.038540181 -0.5827768542207388 -0.38412742137030215 -0.36299357321868214 0.6172954909121243
0.038691764000000003 -0.6816877980066712 0.14942251438291146 0.18882154761383402 0.6908847120496336
0.038863203000000006 -0.11940455578879332 0.687521850858365 0.7110640957026186 0.08653543022373397
0.039041192 -0.6918714653695216 -0.09166381368261023 -0.05769182803422302 0.7138514794655739
0.039202092 -0.564368085732965 -0.4107091464844391 -0.39117977848062896 0.5998215991792039
0.039350485000000004 -0.1781862022647324 0.6746675718280246 0.7009576282147859 0.14746848046301242
0.039515488 -0.6972252720829337 -0.030799220563778356 0.004951081542342801 0.7161734674312212
0.039660581 -0.49944135450483285 -0.4876329670699892 -0.4733480653767142 0.5373222649829774
0.039829627 -0.34700165633863544 -0.6057144374323754 -0.6022074723862241 0.3873602378309671
0.040004513000000005 -0.2973323845939213 0.631281363292593 0.6626969681213003 0.2718715730870528
0.040179123000000004 0.014292247654972216 0.03526352998341127 -0.012304213106244154 0.9992003857266594
0.040335879000000005 -0.5872821905026209 -0.3771997839037464 -0.35566285440684514 0.6215501857033577
0.040489265 -0.31304033252834956 0.6236419023322165 0.6556844183390247 0.28837178811708847
0.040627125 -0.6296517975144844 -0.30114980995112306 -0.27555334893870664 0.6609980858967481
0.040772806 -0.19064210378975313 0.6712529162093157 0.6981074633041692 0.1604160029463103
0.040950864000000003 -0.5929110829338079 -0.3682839977004191 -0.346237042295761 0.6268524447426173
0.041116061 -0.13672016849472668 -0.6846263484428804 -0.6939422838588628 0.1762020903816765
0.041274623 -0.6262577239526377 0.30787759724662794 0.34833037442373205 0.6258428769644279
0.04142796 -0.6941148043880694 0.07245182058575643 0.11059093257652133 0.7076196567630214
0.04157269 -0.29738565760840974 -0.6315736984686212 -0.6312675223086062 0.33790587911671377
0.041719729000000004 -0.6772393686324139 -0.16869316269732235 -0.13737629249201755 0.7028640334499706
0.04189918 -0.6765011550662144 0.17136564515914834 0.21103909913137384 0.6844291133550234
0.042079281 -0.49172733754284753 -0.49541460656582703 -0.481719403701922 0.5298265618479001
0.042244891 -0.697043081565871 -0.034693033340858506 0.0009517561372642111 0.716189175099935
0.042410552000000004 -0.6071862635497524 -0.34422746587667497 -0.3208514089140776 0.6402244041725171
0.042563209000000005 -0.5863012955060766 0.378446661997907 0.4185795549549464 0.5812235273304982
0.042698230000000004 -0.697788764369685 -0.012552449655727941 0.023677346194256335 0.7158024487441348
0.042883684000000005 -0.6825825686703525 0.14528370484092 0.18462667102507516 0.6920167501947587
0.043059449 -0.5303174644549222 -0.45384474316737133 -0.4371345645690997 0.5671882789633624
0.043230912 -0.4662583580548458 -0.5194679679081359 -0.5076794828312717 0.504993911553887
0.043380943000000005 -0.45028851049764296 -0.5333777025086094 -0.5227560076593243 0.4893626809034184
0.043525374000000006 -0.5877943449505241 0.3761242903280686 0.416276928569274 0.5828745032019816
0.043680133 -0.35439167371548264 -0.6014177042203249 -0.5974231630935576 0.3947034222263048
0.043842178 -0.3522203480532151 0.6023843315101561 0.6359348449435528 0.32964177514234805
0.044019796 -0.3577614153707461 -0.5994179320299431 -0.5952000754227632 0.3980497344486789
0.044192737 -0.6871910222621569 -0.12192376396249918 -0.08893984028594693 0.7106288761611497
0.044374355000000004 -0.40772214674749896 0.5662988540014131 0.6018350993823164 0.38841290521972305
0.044522572 -0.24630239079088748 -0.6532099138019835 -0.6560780970550086 0.2867345923371144
0.044681194 -0.28787332375101277 -0.6359693106572004 -0.6362631262131103 0.32839583604995465
0.044854002000000004 -0.3821871496991279 -0.5841375557076404 -0.5782818331966021 0.42226543737135974
0.045025132 -0.43250128552666267 -0.5479075355633468 -0.5385618001622557 0.47190307059620507
0.045188574 -0.6935391942358197 -0.07802507937433129 -0.043630504009355434 0.7148513128382149
0.045339895000000005 -0.17739380553200576 0.6748754149736245 0.7011293172316914 0.14664529173812302
0.045485564000000006 -0.5632874067815654 -0.4121906565489096 -0.39275353325332873 0.5987917170462744
0.045619081000000006 -0.2210366441645766 0.661864512026234 0.6900694417103205 0.192064784455349
0.045783135 -0.6799242851159186 -0.1575122939680358 -0.1257811456125832 0.7050336246614943
0.045972095000000004 -0.2034032126705114 -0.6678297930873848 -0.6732779497200632 0.24358097273022433
0.046159468 -0.45300026220749734 0.5307816658190415 0.5677853384681766 0.4366724443982032
0.046328474 -0.5882351919214635 -0.37571107987725216 -0.3540883127970814 0.6224489624584444
0.046466943000000004 -0.5329720239917922 0.4504397377765937 0.48959550137773344 0.5228212854415333
0.04661523 -0.6473223486082571 -0.26098453187097853 -0.23348656887050853 0.677012155374674
0.046793737 -0.28919863160876624 -0.6353671673530216 -0.6355776385836953 0.3297213485445843
0.046975222000000004 -0.26704370651987996 0.6446775376081298 0.674850464973945 0.24012418316191578
0.047148772000000005 -0.1169201132800371 0.6879464075034039 0.7113694307523644 0.08396619043940211
0.04731283 -0.654376476685069 0.24247507230973112 0.282763483442784 0.6580597614484053
0.047469041000000003 -0.567667141869919 0.4058557925866066 0.4457031883271026 0.5607000197246172
0.047610673000000006 -0.4762355426785065 0.5100414109154232 0.5477352482595579 0.4615677378240496
0.047758046000000005 -0.6047876826801473 -0.34842662926129736 -0.3252777678904985 0.6379857226549996
0.047937067 -0.6674589716553513 0.20374142881527396 0.24374808572603823 0.6734800638283844
0.048129092000000005 -0.645704128082853 0.2646955394939762 0.3050853118118188 0.6480171182199627
0.048292408 -0.6978957903300295 0.0020953402703435824 0.03869227052638375 0.7151507833610499
0.048458783000000005 -0.06580552617289263 -0.6950730931046682 -0.7083250788217279 0.10417363255282792
0.048608877 -0.38264324536855615 0.5835351728645197 0.6181975545108657 0.36180861150137716
0.048754006 0.01414099373249796 0.030982295995380243 -0.01712642424132902 0.99927351497186
0.048942557000000005 -0.6944229631851083 0.06944248718718053 0.10752318054699193 0.7080918384932426
0.049124433 -0.558596601873747 -0.41852896177095195 -0.39948996061850794 0.5943166260863734
0.049280153 -0.34508510022135835 -0.6068094040636086 -0.6034284160910686 0.38545483727432067
0.049444468000000005 -0.6869300039516294 -0.12338794640884972 -0.09045361048934032 0.7104375530063838
0.049608305000000005 -0.16027462631364578 0.6791489674481131 0.7046162696407715 0.12887213611037385
0.049773119000000005 -0.09083844958072725 0.6919058113023868 0.7140649621338179 0.05702039314140644
0.049958299000000005 -0.42733855451399505 -0.5519460667206023 -0.5429662969452875 0.4668262396482899
0.050125417000000005 -0.6612217321588372 0.22314431459041034 0.263308434186913 0.6660796361719419
0.050299566000000004 -0.5286652078888043 -0.4557695554178927 -0.43919203040018784 0.5655961003942949
0.050458515 -0.6977041259279607 0.016377323204920916 0.053316972855328625 0.7142120788818244
0.050610805 0.014185581960076936 0.017547509191873773 -0.0322676504844436 0.9992249344703232
0.050775282000000005 -0.5095778699592043 0.4767390771716458 0.515334970281969 0.4974753713816517
0.050953737000000006 -0.19757713757978954 -0.6695797969524911 -0.6753726563590411 0.23770839828627324
0.051138732000000006 -0.4533943736851853 0.5304454290036623 0.5674611964696689 0.4370939079195185
0.051313548 -0.5155047805405333 0.47032530870190875 0.5090692449256002 0.5038838588077638
0.051463486 -0.6482823051761262 0.25831986302014076 0.2986851921858863 0.650990717316271
0.051632483 -0.44633497256457333 -0.5366923137696576 -0.5263563100754368 0.48548633778742406
0.051797302 -0.696644101935095 -0.041972922361287565 -0.006528404687106631 0.7161587519651775
0.051982234 -0.6147428776987836 0.33026260048723705 0.3706739022191867 0.6128780240817396
0.052152176 -0.682799391742379 -0.14452810764576624 -0.11232836704356725 0.7073043692333638
0.052320507 -0.2888363358497526 0.6352131241257599 0.6662845737676902 0.2629573544449511
0.052480154 -0.6915640671806212 0.09369295097619536 0.1322250488085094 0.7039018759440067
0.052632899000000004 -0.6366788738278844 0.28571404368640396 0.3261572287942275 0.6376751319406021
0.052785582000000004 -0.4834819529708148 -0.5034685161815197 -0.49039715174116116 0.5218009319210964
0.052946847000000005 -0.4330828941137369 -0.5474475277069275 -0.5380604409993784 0.4724747425176625
0.053134193 -0.07048849094148146 0.6942917357664101 0.7154473832146284 0.03603294198571598
0.053298990000000004 -0.6924954091705023 0.0865511538049648 0.12495491931255774 0.7052274331711139
0.053477345 -0.5185813671524898 0.4669313227742196 0.5057504967031851 0.5072137747120455
0.053646302 -0.38870593634871353 0.5795144902886339 0.6143917937947483 0.3682325040496275
0.053815076 -0.5654699911508572 0.40891067386576874 0.4487200180489185 0.5582892650166763
0.053987378 -0.6786419080766165 0.16268741044331766 0.2022569508582609 0.6870739492222252
0.05415198500000001 -0.19252518296004342 -0.6710505308453213 -0.6771411779323703 0.23261374710862406
0.054314743000000006 -0.6484336043021778 -0.25820934631868353 -0.23058564993088682 0.6780063066177612
0.054485413 -0.6769718767188211 -0.16976416449703202 -0.1384875082167261 0.7026456526980526
0.054641775000000004 -0.6541705832888561 0.24302969418192671 0.28332118110089755 0.6578199297049309
0.054798947 -0.6142137126010953 -0.3315186876316076 -0.30746697215843055 0.6467623433253284
0.054981307 -0.447766710119767 0.5352032131326877 0.5720451852139666 0.43107792314859694
0.055174895 -0.42509679215978907 0.5533775717352041 0.5894946405736908 0.40689501215345847
0.055337908000000005 -0.10660823785573526 -0.6899695196350437 -0.7009783979300952 0.14566280428201395
0.055489781 -0.10766889670458007 0.6894577085587809 0.712435072268116 0.07440286826428995
0.055650716 -0.5830357077975614 0.38345704404256525 0.4235450374343141 0.5776161057341225
0.055826484 -0.6754040793808469 0.1756365749937039 0.21535892426614764 0.6830828737552861
0.056000397 -0.4355248635714918 -0.5455057969850043 -0.535944836467734 0.4748744619482807
0.05616846700000001 -0.6875969764304918 -0.11961017763419929 -0.08654823316950033 0.71092454495838
0.056339903000000004 -0.697412747767178 0.025924456046284843 0.0630847954840541 0.7134172969369186
0.056515304 -0.6878337279819947 -0.11823946635561938 -0.08513149116561913 0.7110958647115363
0.056677347 -0.37615985472773855 0.5877344757048812 0.6221644985214744 0.35494414409815406
0.056869457000000005 -0.6280541942074359 -0.30446933928366343 -0.279037098492243 0.6595340730416818
0.057037109 -0.697028099868466 -0.03499395637717642 0.0006426324118001147 0.7161894652707822
0.057211044 -0.163828517847094 0.678297685688115 0.7039292013934053 0.13255993012827721
0.057350120000000004 -0.01785363711628148 -0.6979953566867869 -0.7138102530064228 0.055261135373420305
0.057508036000000005 -0.6482480537822916 -0.2586752495190799 -0.2310726094539221 0.6778404402573441
0.057670391 -0.6087792608954145 -0.34140087423623433 -0.3178729959559904 0.6417092499013379
0.05783908200000001 -0.5892289003902345 0.3738736698915359 0.4140448031234919 0.5844617949956991
0.058023332000000004 -0.3998440634584614 -0.572188975855897 -0.5651272229240583 0.4397242505712297
0.058187967 -0.0935197188935123 -0.6918731514706093 -0.7036078935809829 0.13236746791854664
0.058356519 -0.6699914701161046 0.19525782630325242 0.2351855895186499 0.6765162934906475
0.058520999000000004 -0.695487833648115 0.05783662138178889 0.09568564796083677 0.7097862256686158
0.058691035 -0.05738708615984387 -0.6958210165942907 -0.709528596401616 0.09559824761466468
0.058868584 -0.5982952078036522 0.35919123211293646 0.39946788676949124 0.594517166108479
0.059048179000000006 -0.1273502310241311 -0.6864351149346157 -0.6962813276931343 0.1667065330181321
0.059230409000000005 -0.5471368193598942 0.43312848360226824 0.47258874114803673 0.5382396917895083
0.05938954900000001 -0.6134273955573459 0.33269874869660077 0.37310231318335685 0.6114031752208808
0.059566585000000005 -0.4750961612622323 0.5111027684827861 0.5487638690834202 0.4603446614997157
0.059721654000000006 -0.6673809698509718 0.20399672240572106 0.2440056609304293 0.6733868587537479
0.059897818000000005 -0.39888722730791953 -0.5728566556252095 -0.5658607517117111 0.4387791845747953
0.060070069000000004 -0.616797140850036 -0.32668446103193144 -0.3023803581805826 0.6491574115244458
0.060235697000000005 -0.6043605408637445 -0.34916737354918187 -0.3260587976077965 0.6375866908008008
0.060400655000000004 -0.6465266921133028 0.2626807125352774 0.3030631640737484 0.6489648380720789
0.060562743 -0.19581383126195628 -0.6700970486850201 -0.6759939441987122 0.2359303849998298
0.060707356000000004 -0.6586163231337381 -0.23098490349269288 -0.20216477918221823 0.6870228322515965
0.060896585 -0.03713702394048185 -0.6972061228574223 -0.7119997528518002 0.07494998556486414
0.061090636000000004 -0.11033773007923468 0.6890349268852244 0.7121411984435015 0.07716105579691337
0.061266204000000005 -0.25334646488031687 -0.650507763883118 -0.6529450335227025 0.2938051274119099
0.061445002000000006 -0.14142412007515365 -0.6836684703034963 -0.6927170003160033 0.18096659584185074
0.06161838 -0.136385033594415 -0.6846936453102993 -0.6940286072962073 0.1758625949571792
0.061771857000000006 -0.2866576156880725 -0.6365186369746656 -0.636888831518351 0.32717978600395003
0.061968955000000006 -0.6965274454469872 0.04360612353722061 0.08115738314876456 0.7115911373295242
0.062153636000000005 -0.6334256432254288 0.2928527567048155 0.33330437312440575 0.633969983714437
0.062331791000000004 -0.3937096759918206 -0.5764293224640991 -0.569788749939504 0.4336632602507461
0.062498183000000006 -0.389174149763068 0.5792001183424363 0.614093922999826 0.3687288121156411
0.062672644 -0.6321843442648448 -0.29579318754661427 -0.26993407150793464 0.6633139651949262
0.062846236 0.01407733936511307 0.02754794976614783 -0.020995992579112232 0.9993009961802714
0.06301896 -0.6394216696651718 -0.2797948327856677 -0.253168077812328 0.6698962998727189
0.063187907 -0.6799605814444997 -0.1573551822134362 -0.12561828624327587 0.7050626448018451
0.06337408500000001 -0.5581244385670499 0.4188782178702136 0.45855425265942 0.5502423136694414
0.06354148600000001 -0.4048399303760216 -0.5686626548964497 -0.5612561084287278 0.44465659695205034
0.06370031500000001 -0.5855457253141366 0.3796140623387129 0.4197367683737306 0.5803884443909609
0.063869707 -0.2791099208789293 -0.6398663181965233 -0.6407091890478325 0.31962676561192593
0.06405590600000001 -0.3111430920252037 -0.6249049722924715 -0.6237234841631086 0.3516441083732247
0.064241105 -0.6833602962921987 -0.14184896188615165 -0.10955419764720957 0.7077397809898199
0.064401336 -0.6051881938785829 -0.3477297987757759 -0.324543107937158 0.6383597587342826
0.06456753400000001 -0.45707686547462373 0.5272754196655917 0.5644034936333375 0.44103343429617453
0.064734374 -0.5462177447563326 -0.434567725950013 -0.41656241392246746 0.5824714702606543
0.064916502 -0.4975850175762545 -0.4895276017561455 -0.4753851498355449 0.5355195993451738
0.065094126 -0.5962895487405577 -0.3627851816328357 -0.34042847031873336 0.6300272247835897
0.06527279200000001 -0.5375459553265042 -0.4452548401239117 -0.4279601519678263 0.5741452057155709
0.065438232 -0.38807684061388537 -0.5802384116974278 -0.5739825167490329 0.42809348258790475
0.065606565 -0.6721575241182596 -0.18793695977807348 -0.15735684084511561 0.6986579099772381
0.065760438 -0.6015332843320412 -0.35401801272498684 -0.33117479542664796 0.6349427822400461
0.065963187 -0.5287940618250513 0.4553356566286884 0.49439638630238536 0.5182844476402767
0.066144282 -0.4543554451389085 -0.5299152637230039 -0.5189983902524957 0.49334749176751896
0.066322438 -0.07099030974099674 0.6941944766008042 0.7153724278447186 0.036551874676274604
0.066503404 -0.4768541221810668 -0.5097532346568977 -0.4971786789192908 0.5153399943734823
0.066674042 -0.2730067099917613 0.6421740412668221 0.6725950162401675 0.24636744865525104
0.06685287200000001 -0.686924054115152 0.12315434092152015 0.16217470130558367 0.6976158562871732
0.067029746 -0.40110360713300874 0.5710044851343501 0.6063140481078514 0.3813836933074498
0.067211912 -0.05995817389202018 -0.6955929011492131 -0.7091614646713478 0.09821721756935124
0.067368259 -0.5724632273177862 -0.39934218305437336 -0.3791151955893108 0.6075223032378944
0.067532192 -0.6683407956738022 -0.20109853826686935 -0.17103987243452964 0.6954318215999498
0.067710175 -0.4259096434440632 -0.5530493586178912 -0.5441705258239571 0.4654203586820356
0.067909652 -0.4641880357917091 0.5210272199857425 0.558369000342604 0.4486475112286252
0.068085029 -0.6953747694568309 -0.05944012784443312 -0.02449220563035654 0.7157660585011316
0.068259631 -0.6849691173222157 -0.13385579247786442 -0.10128085429237756 0.708972619498533
0.068441785 -0.4416073135834583 0.5402952198445791 0.5769440917147143 0.4244994798551226
0.06860153100000001 -0.6978748667226556 0.005689850033273333 0.04237444318602195 0.7149425171178926
0.068781308 0.013761717418209913 -0.6981097862277881 -0.7155603297413212 0.022925600314759143
0.06897101700000001 -0.44553734190327815 -0.5373544507785748 -0.5270759251474277 0.48470394143475104
0.069154674 -0.6963880409701574 -0.046034836775747774 -0.01070378589910594 0.7161075100830211
0.06934053600000001 -0.4556750593023936 0.5284868519568786 0.5655722925266151 0.4395335395422762
0.069523209 -0.5719060918157127 -0.40013996322961165 -0.3799613696032854 0.6069931142747849
0.069695245 -0.2816059321114521 0.6384493939114988 0.6692251716027917 0.2553767469683648
0.069875583 -0.40989985276943824 0.5647238748751353 0.600334037130556 0.3907271145115507
0.070065732 -0.5926356892674364 -0.36872660858157447 -0.34670476467974154 0.6265933629348942
0.070238991 -0.5819590557604412 -0.3853652085995755 -0.3643040418276399 0.6165221681246871
0.070427749 -0.11932931852541007 0.687512280382689 0.7110501810261773 0.08645869647984387
0.070596042 -0.6850989419061476 -0.13318859403827374 -0.10059049940303648 0.7090709513377048
0.070770287 -0.1696521933997098 -0.677201115514929 -0.6846277896634191 0.20952172863754107
0.070954641 -0.1026910858083256 0.6901956718575007 0.7129310724299983 0.06926090377265438
0.071124221 -0.3543511196203359 -0.6014407055736383 -0.5974488285089207 0.39466309366215935
0.07129673 -0.30877574550239445 0.625762478604341 0.6576359714521851 0.28388970122513024
