0 -0.7067529998956005 0.00035399999994770805 0.0003529999999478558 0.7074602089259648
0.0008119140000000001 -0.6869827007094549 0.018844340413118752 -0.002370736563965489 0.7264255222446981
0.001107436 -0.686982700708673 0.018844340441299953 -0.0023707365341781856 0.7264255222448036
0.001353952 -0.6869827007080173 0.018844340464956522 -0.0023707365091733515 0.726425522244892
0.001538405 -0.6869827007075263 0.01884434048264945 -0.002370736490472077 0.7264255222449584
0.001734436 -0.686982700707012 0.018844340501171473 -0.0023707364708944047 0.7264255222450279
0.0019133770000000002 -0.6869827007065388 0.018844340518248296 -0.002370736452844336 0.7264255222450916
0.00208733 -0.6869827007060765 0.018844340534926375 -0.002370736435215728 0.7264255222451537
0.0022359890000000003 -0.6869827007056812 0.018844340549135963 -0.0023707364201963166 0.7264255222452076
0.002377506 -0.6869827007053048 0.01884434056270162 -0.00237073640585751 0.7264255222452584
0.0025128050000000003 -0.6869827007049464 0.018844340575631682 -0.0023707363921905023 0.7264255222453069
0.002667276 -0.6869827007045377 0.018844340590370087 -0.00237073637661209 0.7264255222453618
0.002811769 -0.6869827007041539 0.018844340604221396 -0.0023707363619713696 0.7264255222454135
0.002982081 -0.686982700703702 0.018844340620467425 -0.0023707363447994304 0.7264255222454747
0.0031317750000000003 -0.6869827007033107 0.01884434063458693 -0.002370736329875249 0.7264255222455275
0.003291618 -0.6869827007028858 0.018844340649883096 -0.002370736313707285 0.7264255222455851
0.0034424480000000003 -0.6869827007024859 0.018844340664329315 -0.002370736298437764 0.7264255222456388
0.0035821100000000003 -0.6869827007021148 0.018844340677690922 -0.0023707362843146187 0.726425522245689
0.0037184590000000003 -0.6869827007017522 0.018844340690768298 -0.0023707362704919145 0.7264255222457381
0.003879477 -0.6869827007013248 0.01884434070616265 -0.002370736254220198 0.7264255222457957
0.004030257000000001 -0.6869827007009239 0.018844340720606208 -0.002370736238953483 0.7264255222458499
0.004189202 -0.6869827007005034 0.018844340735771466 -0.002370736222923919 0.7264255222459066
0.004343889 -0.6869827007000922 0.01884434075058943 -0.002370736207261416 0.7264255222459621
0.004484364 -0.6869827006997192 0.018844340764045685 -0.002370736193038287 0.7264255222460124
0.0046304530000000005 -0.6869827006993304 0.018844340778052474 -0.002370736178233182 0.7264255222460649
0.0047888720000000004 -0.6869827006989142 0.018844340793066346 -0.002370736162363627 0.7264255222461211
0.00497091 -0.6869827006984294 0.018844340810531882 -0.0023707361439026706 0.7264255222461867
0.005137509 -0.6869827006979856 0.01884434082652279 -0.002370736127000399 0.7264255222462466
0.005274089 -0.6869827006976232 0.018844340839576472 -0.0023707361132027692 0.7264255222462955
0.005422473000000001 -0.6869827006972284 0.018844340853808286 -0.002370736098159832 0.7264255222463489
0.005572906000000001 -0.6869827006968277 0.018844340868245223 -0.002370736082900049 0.7264255222464031
0.0057091730000000005 -0.6869827006964678 0.018844340881225705 -0.00237073606917981 0.7264255222464516
0.0058913820000000006 -0.6869827006959823 0.01884434089870303 -0.0023707360507064035 0.7264255222465171
0.006052653000000001 -0.6869827006955539 0.01884434091415951 -0.0023707360343690072 0.726425522246575
0.006193141 -0.6869827006951802 0.018844340927624856 -0.002370736020136209 0.7264255222466254
0.006345535 -0.6869827006947758 0.018844340942212393 -0.002370736004717307 0.72642552224668
0.006501304 -0.6869827006943617 0.018844340957153347 -0.002370735988924829 0.7264255222467358
0.006642671 -0.6869827006939876 0.01884434097060761 -0.0023707359747037423 0.7264255222467867
0.006791040000000001 -0.6869827006935941 0.01884434098483178 -0.002370735959668912 0.7264255222468393
0.006950607 -0.6869827006931686 0.018844341000147216 -0.002370735943480627 0.726425522246897
0.0071113850000000004 -0.6869827006927418 0.018844341015503006 -0.0023707359272496223 0.7264255222469548
0.007252740000000001 -0.686982700692366 0.01884434102906731 -0.0023707359129122624 0.7264255222470054
0.007396482 -0.6869827006919839 0.018844341042843663 -0.002370735898350786 0.7264255222470571
0.007538896000000001 -0.6869827006916039 0.01884434105650759 -0.0023707358839080914 0.7264255222471085
0.007670357000000001 -0.6869827006912566 0.01884434106904602 -0.0023707358706550642 0.7264255222471554
0.007837687000000001 -0.6869827006908132 0.01884434108504587 -0.0023707358537433613 0.7264255222472151
0.008014323 -0.6869827006903431 0.018844341101982034 -0.002370735835841928 0.7264255222472785
0.008162945000000001 -0.6869827006899478 0.01884434111623168 -0.0023707358207801584 0.7264255222473319
0.00831027 -0.6869827006895581 0.018844341130276988 -0.002370735805934392 0.7264255222473845
0.008474474000000001 -0.6869827006891224 0.01884434114599367 -0.002370735789321945 0.7264255222474434
0.008634332 -0.6869827006886962 0.01884434116132764 -0.0023707357731140364 0.726425522247501
0.008770539 -0.6869827006883348 0.018844341174371147 -0.002370735759327136 0.7264255222475497
0.00893477 -0.6869827006878992 0.018844341190048176 -0.0023707357427566285 0.7264255222476088
0.00910297 -0.6869827006874517 0.01884434120618147 -0.002370735725703889 0.7264255222476692
0.009277073 -0.686982700686991 0.01884434122281903 -0.0023707357081180777 0.726425522247731
0.00944785 -0.6869827006865356 0.018844341239187518 -0.002370735690816704 0.7264255222477931
0.009610214 -0.6869827006861082 0.018844341254622123 -0.00237073567450245 0.7264255222478504
0.009769603 -0.6869827006856875 0.018844341269794177 -0.0023707356584656693 0.7264255222479072
0.009921175 -0.6869827006852848 0.018844341284301253 -0.00237073564313177 0.7264255222479615
0.01009428 -0.6869827006848243 0.018844341300897363 -0.0023707356255898444 0.7264255222480238
0.010248041000000001 -0.6869827006844156 0.018844341315644313 -0.0023707356100024363 0.7264255222480788
0.010411100000000001 -0.6869827006839812 0.01884434133127159 -0.0023707355934844813 0.7264255222481377
0.010554597 -0.6869827006836001 0.018844341345028 -0.0023707355789440794 0.726425522248189
0.010711724 -0.6869827006831819 0.01884434136008967 -0.0023707355630239783 0.7264255222482456
0.010874328 -0.6869827006827489 0.018844341375693383 -0.0023707355465309625 0.7264255222483041
0.01104269 -0.6869827006823026 0.018844341391796228 -0.0023707355295103667 0.7264255222483643
0.011215826 -0.6869827006818406 0.018844341408407763 -0.002370735511952093 0.7264255222484269
0.011369738 -0.6869827006814349 0.018844341423067373 -0.0023707354964569967 0.7264255222484814
0.011517237000000001 -0.6869827006810422 0.018844341437205855 -0.0023707354815126836 0.7264255222485344
0.011661505 -0.6869827006806601 0.018844341450989226 -0.002370735466943809 0.7264255222485861
0.011833910000000001 -0.6869827006802013 0.01884434146752446 -0.002370735449466174 0.7264255222486481
0.0120081 -0.6869827006797371 0.018844341484233154 -0.0023707354318052163 0.726425522248711
0.012167805 -0.6869827006793132 0.0188443414995224 -0.00237073541564456 0.7264255222487681
0.012318448000000001 -0.6869827006789148 0.018844341513873597 -0.002370735400475458 0.726425522248822
0.012488810000000001 -0.6869827006784632 0.01884434153016063 -0.0023707353832601737 0.7264255222488828
0.012638566 -0.6869827006780673 0.01884434154444861 -0.002370735368157912 0.7264255222489361
0.012787986000000001 -0.68698270067767 0.018844341558756476 -0.0023707353530345774 0.7264255222489899
0.012956619 -0.686982700677225 0.018844341574791354 -0.0023707353360858043 0.72642552224905
0.013114013 -0.6869827006768086 0.018844341589805726 -0.002370735320215719 0.7264255222491062
0.013281586000000001 -0.6869827006763637 0.018844341605832517 -0.0023707353032755276 0.7264255222491665
0.013441452000000001 -0.6869827006759425 0.018844341621005425 -0.002370735287237834 0.7264255222492231
0.013612141000000001 -0.6869827006754906 0.01884434163731399 -0.0023707352699998316 0.7264255222492841
0.013774621 -0.6869827006750585 0.018844341652881697 -0.0023707352535448766 0.7264255222493426
0.013984332 -0.6869827006745022 0.018844341672973785 -0.0023707352323076975 0.7264255222494173
0.014146009000000001 -0.6869827006740742 0.01884434168838677 -0.0023707352160162866 0.7264255222494753
0.014298044000000001 -0.686982700673672 0.018844341702875297 -0.0023707352007020202 0.7264255222495297
0.014453051000000001 -0.6869827006732597 0.018844341717735615 -0.0023707351849947644 0.7264255222495853
0.014593866 -0.6869827006728875 0.018844341731133012 -0.0023707351708338186 0.7264255222496356
0.014738074 -0.6869827006725037 0.0188443417449654 -0.0023707351562130695 0.7264255222496877
0.014898843 -0.6869827006720783 0.018844341760303418 -0.002370735140000886 0.726425522249745
0.015076491000000001 -0.6869827006716049 0.018844341777352287 -0.002370735121980356 0.726425522249809
0.015232200000000001 -0.6869827006711924 0.018844341792242827 -0.0023707351062411176 0.7264255222498647
0.015373739 -0.6869827006708169 0.018844341805780568 -0.002370735091931887 0.7264255222499153
0.015527601 -0.6869827006704087 0.01884434182048544 -0.0023707350763889057 0.7264255222499703
0.015677059 -0.6869827006700109 0.018844341834815752 -0.0023707350612418546 0.7264255222500242
0.015846579 -0.6869827006695616 0.018844341851012726 -0.002370735044121815 0.7264255222500848
0.016018749000000002 -0.6869827006691059 0.018844341867447656 -0.0023707350267502167 0.7264255222501463
0.016202093 -0.6869827006686177 0.01884434188503481 -0.0023707350081606997 0.7264255222502123
0.016336692 -0.6869827006682634 0.01884434189781474 -0.0023707349946524028 0.72642552225026
0.016483077000000002 -0.6869827006678757 0.018844341911793714 -0.0023707349798767403 0.7264255222503123
0.016629701 -0.6869827006674852 0.018844341925850345 -0.002370734965018982 0.7264255222503653
0.016773820000000002 -0.6869827006671021 0.018844341939679106 -0.002370734950402058 0.7264255222504168
0.016945331 -0.6869827006666483 0.018844341956027157 -0.002370734933122262 0.7264255222504781
0.017112046000000002 -0.686982700666206 0.01884434197195222 -0.0023707349162895726 0.726425522250538
0.017259267000000002 -0.6869827006658146 0.018844341986051748 -0.002370734901386486 0.7264255222505911
0.017392473000000002 -0.6869827006654603 0.0188443419988335 -0.0023707348878762827 0.7264255222506386
0.017549033000000002 -0.686982700665046 0.018844342013765596 -0.0023707348720931475 0.7264255222506946
0.017692808 -0.686982700664664 0.018844342027502778 -0.002370734857573039 0.7264255222507464
0.017864902000000002 -0.6869827006642093 0.01884434204394753 -0.002370734840191052 0.7264255222508074
0.018051845 -0.6869827006637124 0.018844342061847087 -0.0023707348212713814 0.7264255222508745
0.018208385 -0.6869827006632955 0.018844342076858468 -0.002370734805404431 0.726425522250931
0.018361055 -0.6869827006628906 0.01884434209144944 -0.0023707347899818904 0.7264255222509858
0.018512973000000002 -0.6869827006624865 0.018844342106027263 -0.002370734774573248 0.7264255222510402
0.018659755 -0.6869827006620953 0.018844342120102584 -0.0023707347596957124 0.7264255222510931
0.018822792 -0.6869827006616617 0.01884434213574575 -0.0023707347431609987 0.7264255222511515
0.018996141 -0.6869827006612004 0.01884434215236317 -0.002370734725596491 0.726425522251214
0.019171068000000003 -0.6869827006607347 0.01884434216914806 -0.002370734707855013 0.7264255222512769
0.019340124 -0.6869827006602879 0.018844342185271434 -0.002370734690812734 0.726425522251337
0.019496746000000002 -0.6869827006598719 0.018844342200246916 -0.002370734674983725 0.7264255222513935
0.019643515 -0.6869827006594829 0.018844342214286935 -0.002370734660143554 0.7264255222514459
0.019804754 -0.6869827006590533 0.018844342229739162 -0.0023707346438106066 0.726425522251504
0.019980788000000003 -0.6869827006585881 0.018844342246529845 -0.002370734626062985 0.7264255222515665
0.020147154 -0.6869827006581459 0.018844342262449715 -0.0023707346092357766 0.7264255222516264
0.020294878000000002 -0.6869827006577556 0.018844342276548295 -0.0023707345943337205 0.726425522251679
0.020434605 -0.6869827006573844 0.01884434228991632 -0.00237073458020376 0.7264255222517292
0.020576913000000002 -0.6869827006570057 0.018844342303570277 -0.0023707345657716463 0.7264255222517803
0.020722581 -0.6869827006566175 0.01884434231755001 -0.0023707345509951993 0.7264255222518329
0.020902142000000002 -0.6869827006561399 0.018844342334769733 -0.0023707345327940305 0.7264255222518974
0.021065292000000003 -0.686982700655707 0.01884434235033657 -0.0023707345163400217 0.726425522251956
0.021227428000000003 -0.6869827006552767 0.018844342365874244 -0.002370734499916821 0.726425522252014
0.021376911000000002 -0.6869827006548813 0.01884434238013082 -0.0023707344848477143 0.7264255222520672
0.021526103 -0.6869827006544857 0.018844342394416656 -0.0023707344697476832 0.7264255222521203
0.021703738 -0.6869827006540123 0.01884434241144227 -0.0023707344517517196 0.7264255222521845
0.02187725 -0.6869827006535523 0.018844342428035895 -0.002370734434212393 0.7264255222522467
0.022038845 -0.6869827006531224 0.018844342443545718 -0.002370734417818617 0.7264255222523046
0.022195476000000002 -0.6869827006527065 0.018844342458505442 -0.0023707344020062852 0.7264255222523611
0.022344431 -0.6869827006523099 0.01884434247278936 -0.0023707343869082947 0.7264255222524146
0.02251736 -0.6869827006518502 0.01884434248937905 -0.002370734369373073 0.7264255222524767
0.022662632000000002 -0.6869827006514643 0.018844342503304842 -0.0023707343546536573 0.7264255222525284
0.022795724 -0.6869827006511106 0.01884434251605483 -0.002370734341177005 0.7264255222525763
0.022969917000000003 -0.68698270065065 0.018844342532625073 -0.002370734323662351 0.7264255222526388
0.023118759000000003 -0.6869827006502542 0.018844342546885478 -0.0023707343085892017 0.7264255222526921
0.023287702 -0.6869827006498047 0.018844342563094862 -0.0023707342914559854 0.7264255222527529
0.023452348 -0.6869827006493678 0.01884434257887049 -0.00237073427478131 0.7264255222528117
0.023595925 -0.686982700648994 0.01884434259233076 -0.0023707342605538673 0.7264255222528623
0.023742033000000003 -0.686982700648606 0.018844342606323252 -0.002370734245763901 0.7264255222529147
0.023926529000000002 -0.6869827006481147 0.018844342624024804 -0.002370734227053495 0.726425522252981
0.024072153000000002 -0.6869827006477269 0.018844342637994574 -0.0023707342122875276 0.7264255222530334
0.024241205000000002 -0.6869827006472771 0.018844342654205662 -0.002370734195152505 0.7264255222530941
0.024389498000000003 -0.6869827006468864 0.018844342668285705 -0.0023707341802700174 0.7264255222531469
0.024540758000000003 -0.6869827006464876 0.018844342682684437 -0.0023707341650506643 0.7264255222532006
0.024678138000000002 -0.6869827006461212 0.018844342695867388 -0.00237073415111639 0.7264255222532502
0.024841357 -0.6869827006456892 0.018844342711439224 -0.0023707341346570557 0.7264255222533086
0.024998217000000003 -0.6869827006452723 0.018844342726469614 -0.0023707341187700487 0.7264255222533648
0.025152347000000002 -0.6869827006448624 0.018844342741252473 -0.002370734103144669 0.72642552225342
0.025311473 -0.6869827006444388 0.018844342756506986 -0.0023707340870207866 0.7264255222534773
0.025466062 -0.68698270064403 0.01884434277125383 -0.0023707340714334614 0.7264255222535325
0.025610839000000003 -0.6869827006436459 0.018844342785116187 -0.0023707340567810584 0.7264255222535843
0.02575681 -0.6869827006432574 0.01884434279908679 -0.002370734042014193 0.726425522253637
0.025939543000000002 -0.6869827006427719 0.018844342816586215 -0.002370734023517429 0.7264255222537023
0.026114605000000003 -0.686982700642308 0.018844342833315073 -0.002370734005835165 0.726425522253765
0.026272861 -0.6869827006418874 0.01884434284845429 -0.002370733989833133 0.726425522253822
0.026434337000000002 -0.6869827006414597 0.018844342863893485 -0.0023707339735139932 0.7264255222538794
0.026564745 -0.6869827006411137 0.018844342876362795 -0.0023707339603340222 0.7264255222539263
0.026715333 -0.686982700640715 0.01884434289073282 -0.002370733945144998 0.7264255222539802
0.026897746 -0.6869827006402328 0.018844342908103804 -0.002370733926784014 0.7264255222540454
0.027078968000000002 -0.6869827006397556 0.018844342925343975 -0.002370733908561271 0.7264255222541094
0.027234919000000003 -0.6869827006393439 0.018844342940156467 -0.0023707338929045614 0.7264255222541653
0.027380643000000003 -0.6869827006389572 0.018844342954083014 -0.002370733878184322 0.7264255222542177
0.027510992 -0.6869827006386104 0.018844342966588802 -0.0023707338649657382 0.7264255222542644
0.027665715 -0.6869827006382007 0.01884434298133988 -0.0023707338493739846 0.7264255222543198
0.027822051 -0.6869827006377859 0.018844342996307595 -0.002370733833553224 0.7264255222543756
0.027999605 -0.6869827006373163 0.018844343013231304 -0.0023707338156649573 0.7264255222544392
0.028165612000000003 -0.6869827006368769 0.018844343029080734 -0.002370733798912234 0.7264255222544983
0.028308157 -0.6869827006364978 0.01884434304270397 -0.0023707337845125707 0.7264255222545499
0.028444601000000003 -0.6869827006361365 0.018844343055724997 -0.002370733770749437 0.7264255222545987
0.028587088 -0.6869827006357586 0.018844343069374367 -0.0023707337563221346 0.7264255222546495
0.028727548000000002 -0.6869827006353857 0.018844343082810446 -0.0023707337421202965 0.7264255222546998
0.028898661000000003 -0.6869827006349379 0.018844343098939766 -0.0023707337250717213 0.7264255222547603
0.029081631 -0.6869827006344518 0.018844343116477286 -0.002370733706534707 0.7264255222548257
0.029246766 -0.6869827006340143 0.018844343132262718 -0.002370733689849641 0.7264255222548849
0.029408052 -0.6869827006335857 0.018844343147709264 -0.0023707336735227457 0.7264255222549427
0.029553313 -0.686982700633199 0.018844343161632776 -0.002370733658805702 0.7264255222549949
0.029700007 -0.6869827006328092 0.0188443431756869 -0.0023707336439505633 0.7264255222550476
0.029855498 -0.6869827006324014 0.01884434319036271 -0.00237073362843833 0.7264255222551028
0.030011006000000003 -0.6869827006319883 0.018844343205274377 -0.002370733612676843 0.7264255222551584
0.030176635 -0.6869827006315491 0.018844343221105096 -0.0023707335959438722 0.7264255222552178
0.030334225000000003 -0.686982700631131 0.01884434323616495 -0.0023707335800256884 0.7264255222552745
0.030481386000000003 -0.6869827006307395 0.018844343250262637 -0.0023707335651245638 0.7264255222553274
0.030621836000000003 -0.6869827006303669 0.018844343263707458 -0.00237073355091347 0.7264255222553775
0.030784713000000002 -0.6869827006299356 0.018844343279236876 -0.0023707335344989484 0.7264255222554361
0.030954541000000002 -0.6869827006294849 0.0188443432954933 -0.0023707335173160917 0.7264255222554968
0.03112213 -0.6869827006290394 0.01884434331156542 -0.0023707335003279226 0.7264255222555568
0.031274397 -0.6869827006286389 0.018844343325993308 -0.002370733485077741 0.726425522255611
0.031427898 -0.6869827006282307 0.01884434334072085 -0.002370733469510844 0.7264255222556658
0.031573757 -0.6869827006278421 0.018844343354704644 -0.0023707334547300907 0.7264255222557183
0.031715318 -0.6869827006274657 0.018844343368271236 -0.0023707334403903196 0.7264255222557694
0.031892311 -0.6869827006269957 0.018844343385232065 -0.002370733422462814 0.7264255222558327
0.032054867 -0.6869827006265632 0.018844343400806714 -0.0023707334060005564 0.7264255222558912
0.032215607 -0.686982700626138 0.01884434341614186 -0.0023707333897913904 0.7264255222559485
0.032387286 -0.6869827006256809 0.018844343432599917 -0.00237073337239535 0.7264255222560102
0.032526643 -0.6869827006253106 0.018844343445959214 -0.00237073335827465 0.7264255222560604
0.032681417000000004 -0.6869827006249013 0.01884434346072584 -0.0023707333426664433 0.7264255222561153
0.032840965 -0.6869827006244773 0.01884434347597593 -0.002370733326547176 0.726425522256173
0.033017888 -0.6869827006240061 0.018844343492944546 -0.002370733308611479 0.7264255222562367
0.033173541 -0.686982700623593 0.018844343507844575 -0.0023707332928622287 0.7264255222562923
0.03333398 -0.6869827006231676 0.018844343523203258 -0.002370733276628281 0.7264255222563497
0.033483428 -0.6869827006227696 0.018844343537511243 -0.0023707332615047925 0.7264255222564038
0.033630006000000004 -0.6869827006223808 0.018844343551531965 -0.002370733246684992 0.7264255222564561
0.033771858 -0.6869827006220033 0.018844343565143497 -0.0023707332322977018 0.7264255222565071
0.033946741 -0.6869827006215387 0.018844343581900194 -0.002370733214586 0.7264255222565698
0.034106865 -0.6869827006211139 0.018844343597239854 -0.0023707331983720994 0.7264255222566267
0.034267338 -0.6869827006206859 0.018844343612642377 -0.0023707331820917166 0.7264255222566848
0.034425679 -0.6869827006202666 0.018844343627745133 -0.0023707331661281957 0.7264255222567415
0.034577372 -0.6869827006198633 0.018844343642296386 -0.0023707331507476473 0.7264255222567959
0.034726316 -0.6869827006194661 0.018844343656592384 -0.002370733135636904 0.7264255222568496
0.034900279 -0.6869827006190052 0.018844343673226686 -0.0023707331180545525 0.7264255222569116
0.035064421000000005 -0.6869827006185705 0.018844343688900925 -0.0023707331014869906 0.7264255222569703
0.035227309000000005 -0.6869827006181376 0.018844343704487846 -0.0023707330850117163 0.726425522257029
0.035375128 -0.6869827006177436 0.018844343718669925 -0.0023707330700213367 0.7264255222570823
0.035528497 -0.6869827006173389 0.01884434373328278 -0.002370733054575683 0.7264255222571366
0.03567853 -0.6869827006169451 0.01884434374747888 -0.0023707330395705013 0.7264255222571899
0.035839259000000005 -0.6869827006165168 0.018844343762889616 -0.002370733023281472 0.7264255222572478
0.036006296 -0.6869827006160723 0.018844343778897807 -0.002370733006360885 0.7264255222573082
0.03618345 -0.6869827006156027 0.018844343795843682 -0.002370732988449248 0.7264255222573713
0.036328522 -0.6869827006152174 0.01884434380975472 -0.00237073297374541 0.7264255222574231
0.036478764000000004 -0.6869827006148194 0.018844343824093522 -0.002370732958589371 0.7264255222574769
0.03664042 -0.6869827006143934 0.01884434383943941 -0.002370732942368841 0.7264255222575345
0.036791225000000004 -0.6869827006139922 0.018844343853892442 -0.0023707329270921235 0.7264255222575887
0.036959918 -0.6869827006135438 0.018844343870061318 -0.0023707329100016955 0.7264255222576493
0.03712987 -0.6869827006130921 0.0188443438863614 -0.0023707328927726557 0.7264255222577101
0.037292625 -0.6869827006126602 0.01884434390189896 -0.0023707328763495576 0.7264255222577687
0.037446323000000004 -0.6869827006122518 0.018844343916627686 -0.002370732860781387 0.7264255222578236
0.037594583 -0.686982700611857 0.018844343930841424 -0.0023707328457575607 0.726425522257877
0.03774901 -0.6869827006114465 0.018844343945656913 -0.002370732830097714 0.7264255222579324
0.037915765000000004 -0.6869827006110046 0.018844343961585044 -0.0023707328132617613 0.7264255222579921
0.038086025 -0.6869827006105518 0.01884434397789252 -0.002370732796024937 0.7264255222580533
0.038232765 -0.6869827006101622 0.018844343991942923 -0.002370732781173745 0.7264255222581059
0.038387719 -0.6869827006097499 0.0188443440068082 -0.0023707327654612807 0.7264255222581615
0.038540181 -0.6869827006093454 0.01884434402139121 -0.002370732750047144 0.7264255222582161
0.038691764000000003 -0.6869827006089422 0.018844344035913747 -0.0023707327346969105 0.7264255222582706
0.038863203000000006 -0.6869827006084863 0.01884434405236451 -0.002370732717308539 0.726425522258332
0.039041192 -0.6869827006080131 0.01884434406941846 -0.0023707326992826357 0.7264255222583959
0.039202092 -0.6869827006075891 0.018844344084679693 -0.002370732683151618 0.7264255222584534
0.039350485000000004 -0.6869827006071969 0.01884434409882281 -0.002370732668202464 0.7264255222585062
0.039515488 -0.6869827006067574 0.018844344114658594 -0.002370732651464127 0.7264255222585656
0.039660581 -0.6869827006063712 0.018844344128582092 -0.0023707326367470908 0.7264255222586178
0.039829627 -0.686982700605922 0.018844344144770347 -0.0023707326196362303 0.7264255222586785
0.040004513000000005 -0.6869827006054583 0.018844344161493044 -0.00237073260196044 0.726425522258741
0.040179123000000004 -0.6869827006049954 0.018844344178160454 -0.002370732584343129 0.7264255222588036
0.040335879000000005 -0.6869827006045789 0.018844344193180564 -0.0023707325684669787 0.7264255222588597
0.040489265 -0.6869827006041707 0.018844344207886155 -0.0023707325529232384 0.7264255222589149
0.040627125 -0.6869827006038051 0.018844344221104932 -0.002370732538951115 0.7264255222589641
0.040772806 -0.6869827006034166 0.018844344235078626 -0.0023707325241810115 0.7264255222590168
0.040950864000000003 -0.6869827006029433 0.018844344252157325 -0.0023707325061289404 0.7264255222590805
0.041116061 -0.6869827006025033 0.018844344268000416 -0.002370732489382915 0.72642552225914
0.041274623 -0.6869827006020821 0.018844344283186893 -0.002370732473330902 0.7264255222591968
0.04142796 -0.6869827006016744 0.01884434429785158 -0.0023707324578304493 0.726425522259252
0.04157269 -0.6869827006012903 0.018844344311712294 -0.0023707324431797906 0.7264255222593039
0.041719729000000004 -0.6869827006009007 0.018844344325767284 -0.002370732428323749 0.7264255222593564
0.04189918 -0.6869827006004241 0.01884434434296272 -0.0023707324101482985 0.7264255222594206
0.042079281 -0.6869827005999461 0.01884434436017101 -0.0023707323919592554 0.7264255222594853
0.042244891 -0.6869827005995071 0.018844344375991518 -0.0023707323752370593 0.7264255222595446
0.042410552000000004 -0.6869827005990663 0.018844344391863995 -0.002370732358459964 0.7264255222596043
0.042563209000000005 -0.686982700598661 0.01884434440648107 -0.0023707323430098206 0.726425522259659
0.042698230000000004 -0.6869827005983019 0.018844344419406325 -0.0023707323293479395 0.7264255222597076
0.042883684000000005 -0.6869827005978115 0.018844344437109414 -0.0023707323106359024 0.7264255222597735
0.043059449 -0.686982700597344 0.01884434445395911 -0.00237073229282588 0.7264255222598367
0.043230912 -0.686982700596888 0.01884434447039098 -0.0023707322754575534 0.7264255222598982
0.043380943000000005 -0.6869827005964886 0.018844344484756848 -0.0023707322602728753 0.7264255222599524
0.043525374000000006 -0.6869827005961042 0.018844344498617945 -0.0023707322456218128 0.7264255222600043
0.043680133 -0.6869827005956969 0.01884434451330818 -0.0023707322300943415 0.7264255222600593
0.043842178 -0.6869827005952671 0.018844344528800065 -0.002370732213719523 0.7264255222601174
0.044019796 -0.686982700594796 0.01884434454578288 -0.0023707321957688356 0.726425522260181
0.044192737 -0.6869827005943365 0.018844344562359016 -0.0023707321782479797 0.7264255222602428
0.044374355000000004 -0.6869827005938528 0.018844344579769908 -0.0023707321598447533 0.7264255222603082
0.044522572 -0.6869827005934604 0.01884434459393253 -0.002370732144874964 0.7264255222603611
0.044681194 -0.6869827005930391 0.018844344609127518 -0.0023707321288139707 0.7264255222604179
0.044854002000000004 -0.6869827005925818 0.018844344625590103 -0.0023707321114131413 0.72642552226048
0.045025132 -0.6869827005921263 0.01884434464199922 -0.002370732094068815 0.7264255222605415
0.045188574 -0.6869827005916916 0.018844344657681752 -0.0023707320774925076 0.7264255222606001
0.045339895000000005 -0.686982700591289 0.018844344672191506 -0.0023707320621557783 0.7264255222606545
0.045485564000000006 -0.6869827005909023 0.01884434468614888 -0.0023707320474029452 0.7264255222607064
0.045619081000000006 -0.6869827005905464 0.018844344698959913 -0.002370732033861761 0.7264255222607546
0.045783135 -0.6869827005901115 0.01884434471465201 -0.002370732017275336 0.7264255222608134
0.045972095000000004 -0.6869827005896093 0.018844344732737214 -0.002370731998159411 0.7264255222608811
0.046159468 -0.6869827005891117 0.018844344750675368 -0.002370731979198895 0.7264255222609485
0.046328474 -0.6869827005886611 0.01884434476688715 -0.002370731962063141 0.7264255222610095
0.046466943000000004 -0.686982700588294 0.01884434478013068 -0.00237073194806485 0.7264255222610589
0.04661523 -0.6869827005878999 0.018844344794353658 -0.0023707319330312734 0.726425522261112
0.046793737 -0.6869827005874258 0.01884434481141017 -0.0023707319150026458 0.7264255222611763
0.046975222000000004 -0.6869827005869437 0.01884434482881496 -0.0023707318966059063 0.726425522261241
0.047148772000000005 -0.6869827005864833 0.01884434484539483 -0.002370731879081094 0.7264255222613035
0.04731283 -0.6869827005860466 0.01884434486113301 -0.0023707318624459264 0.7264255222613624
0.047469041000000003 -0.6869827005856329 0.01884434487604995 -0.0023707318466788647 0.7264255222614181
0.047610673000000006 -0.6869827005852566 0.018844344889625782 -0.002370731832329329 0.7264255222614687
0.047758046000000005 -0.6869827005848641 0.01884434490375352 -0.0023707318173963768 0.7264255222615221
0.047937067 -0.6869827005843917 0.018844344920768787 -0.002370731799411349 0.726425522261586
0.048129092000000005 -0.6869827005838808 0.018844344939196102 -0.0023707317799338107 0.7264255222616549
0.048292408 -0.6869827005834478 0.018844344954811222 -0.002370731763428765 0.7264255222617132
0.048458783000000005 -0.6869827005830053 0.018844344970777374 -0.002370731746552658 0.7264255222617727
0.048608877 -0.6869827005826049 0.018844344985183756 -0.0023707317313251784 0.7264255222618271
0.048754006 -0.6869827005822184 0.018844344999108774 -0.002370731716606547 0.7264255222618792
0.048942557000000005 -0.6869827005817174 0.01884434501716529 -0.00237073169752092 0.726425522261947
0.049124433 -0.6869827005812343 0.018844345034586773 -0.0023707316791065406 0.726425522262012
0.049280153 -0.6869827005808209 0.018844345049490067 -0.0023707316633538875 0.7264255222620679
0.049444468000000005 -0.6869827005803928 0.018844345064924266 -0.002370731647040031 0.7264255222621258
0.049608305000000005 -0.686982700579958 0.01884434508059201 -0.0023707316304793333 0.7264255222621845
0.049773119000000005 -0.6869827005795193 0.018844345096407263 -0.0023707316137627494 0.7264255222622437
0.049958299000000005 -0.6869827005790281 0.018844345114098934 -0.0023707315950627916 0.7264255222623102
0.050125417000000005 -0.6869827005785836 0.018844345130137656 -0.0023707315781099822 0.72642552226237
0.050299566000000004 -0.6869827005781197 0.01884434514684365 -0.002370731560451829 0.7264255222624327
0.050458515 -0.6869827005776972 0.018844345162098073 -0.002370731544328015 0.7264255222624896
0.050610805 -0.6869827005772914 0.01884434517669806 -0.0023707315288959605 0.7264255222625448
0.050775282000000005 -0.686982700576854 0.018844345192485012 -0.0023707315122092295 0.7264255222626036
0.050953737000000006 -0.6869827005763824 0.018844345209476168 -0.0023707314942497354 0.7264255222626672
0.051138732000000006 -0.6869827005758904 0.018844345227204115 -0.0023707314755113873 0.7264255222627337
0.051313548 -0.6869827005754265 0.018844345243928074 -0.0023707314578343005 0.7264255222627964
0.051463486 -0.6869827005750273 0.018844345258300674 -0.0023707314426425377 0.7264255222628504
0.051632483 -0.6869827005745787 0.018844345274472308 -0.002370731425549269 0.7264255222629108
0.051797302 -0.6869827005741406 0.018844345290254767 -0.002370731408867303 0.7264255222629702
0.051982234 -0.6869827005736522 0.018844345307887315 -0.00237073139022984 0.7264255222630358
0.052152176 -0.6869827005732009 0.018844345324148127 -0.0023707313730422564 0.7264255222630969
0.052320507 -0.6869827005727549 0.018844345340211878 -0.0023707313560630207 0.7264255222631572
0.052480154 -0.6869827005723314 0.018844345355510973 -0.002370731339891964 0.7264255222632141
0.052632899000000004 -0.6869827005719287 0.018844345370016523 -0.002370731324559729 0.7264255222632685
0.052785582000000004 -0.6869827005715216 0.018844345384671588 -0.0023707313090694155 0.7264255222633236
0.052946847000000005 -0.6869827005710977 0.01884434539993379 -0.002370731292937379 0.726425522263381
0.053134193 -0.6869827005706025 0.018844345417812453 -0.002370731274039756 0.7264255222634475
0.053298990000000004 -0.686982700570164 0.018844345433611468 -0.002370731257340328 0.726425522263507
0.053477345 -0.6869827005696895 0.018844345450722343 -0.0023707312392542345 0.7264255222635709
0.053646302 -0.6869827005692432 0.018844345466781192 -0.0023707312222801366 0.7264255222636313
0.053815076 -0.686982700568795 0.018844345482952763 -0.0023707312051869244 0.7264255222636916
0.053987378 -0.6869827005683367 0.018844345499453824 -0.002370731187745412 0.7264255222637538
0.05415198500000001 -0.6869827005678997 0.018844345515229195 -0.0023707311710709825 0.7264255222638127
0.054314743000000006 -0.6869827005674665 0.01884434553083614 -0.00237073115457454 0.726425522263871
0.054485413 -0.6869827005670123 0.01884434554720782 -0.002370731137269742 0.7264255222639325
0.054641775000000004 -0.6869827005665977 0.01884434556212705 -0.0023707311215002283 0.7264255222639887
0.054798947 -0.6869827005661849 0.018844345577021075 -0.0023707311057574267 0.7264255222640444
0.054981307 -0.6869827005656997 0.01884434559450913 -0.002370731087272633 0.72642552226411
0.055174895 -0.6869827005651843 0.018844345613074458 -0.0023707310676491775 0.7264255222641794
0.055337908000000005 -0.6869827005647519 0.018844345628674434 -0.002370731051160136 0.7264255222642377
0.055489781 -0.6869827005643478 0.018844345643246888 -0.0023707310357571868 0.7264255222642922
0.055650716 -0.6869827005639211 0.018844345658615418 -0.0023707310195127088 0.72642552226435
0.055826484 -0.6869827005634576 0.018844345675334374 -0.002370731001840902 0.7264255222644126
0.056000397 -0.6869827005629957 0.018844345691960522 -0.0023707309842672048 0.726425522264475
0.05616846700000001 -0.6869827005625482 0.018844345708091858 -0.0023707309672164664 0.7264255222645355
0.056339903000000004 -0.6869827005620918 0.018844345724535052 -0.002370730949836148 0.7264255222645971
0.056515304 -0.6869827005616264 0.0188443457413429 -0.0023707309320703815 0.7264255222646595
0.056677347 -0.6869827005611949 0.01884434575688066 -0.002370730915647081 0.726425522264718
0.056869457000000005 -0.6869827005606839 0.018844345775293748 -0.0023707308961845976 0.726425522264787
0.057037109 -0.6869827005602395 0.01884434579133123 -0.0023707308792330828 0.7264255222648468
0.057211044 -0.6869827005597765 0.018844345808006233 -0.0023707308616076855 0.7264255222649093
0.057350120000000004 -0.6869827005594054 0.018844345821352443 -0.0023707308475008604 0.72642552226496
0.057508036000000005 -0.6869827005589856 0.018844345836488495 -0.0023707308315021347 0.7264255222650166
0.057670391 -0.6869827005585565 0.018844345851970614 -0.002370730815137649 0.7264255222650743
0.05783908200000001 -0.6869827005581081 0.018844345868131315 -0.0023707307980559084 0.7264255222651349
0.058023332000000004 -0.6869827005576193 0.018844345885751387 -0.002370730779431598 0.7264255222652009
0.058187967 -0.6869827005571822 0.018844345901496196 -0.0023707307627894806 0.7264255222652599
0.058356519 -0.6869827005567336 0.01884434591767121 -0.0023707307456925838 0.7264255222653205
0.058520999000000004 -0.6869827005562966 0.018844345933428694 -0.002370730729037052 0.7264255222653795
0.058691035 -0.686982700555844 0.018844345949743727 -0.002370730711792214 0.7264255222654405
0.058868584 -0.6869827005553715 0.018844345966770894 -0.0023707306937945784 0.7264255222655045
0.059048179000000006 -0.6869827005548952 0.01884434598394254 -0.002370730675644293 0.7264255222655688
0.059230409000000005 -0.6869827005544104 0.0188443460014075 -0.002370730657183951 0.7264255222656344
0.05938954900000001 -0.6869827005539872 0.018844346016652965 -0.002370730641069621 0.7264255222656913
0.059566585000000005 -0.6869827005535177 0.018844346033568674 -0.0023707306231897977 0.7264255222657549
0.059721654000000006 -0.6869827005531064 0.01884434604839212 -0.002370730607521507 0.7264255222658105
0.059897818000000005 -0.6869827005526382 0.01884434606528532 -0.0023707305896655097 0.7264255222658734
0.060070069000000004 -0.686982700552187 0.018844346081558713 -0.002370730572464672 0.7264255222659343
0.060235697000000005 -0.6869827005517462 0.018844346097422447 -0.0023707305556968485 0.7264255222659942
0.060400655000000004 -0.6869827005513072 0.01884434611324864 -0.0023707305389686437 0.7264255222660534
0.060562743 -0.6869827005508764 0.018844346128780366 -0.002370730522551729 0.7264255222661113
0.060707356000000004 -0.6869827005504916 0.01884434614266057 -0.0023707305078804054 0.7264255222661632
0.060896585 -0.686982700549988 0.018844346160803275 -0.0023707304887037356 0.7264255222662315
0.061090636000000004 -0.6869827005494727 0.018844346179392037 -0.00237073046905557 0.7264255222663009
0.061266204000000005 -0.6869827005490059 0.018844346196203104 -0.0023707304512863717 0.7264255222663641
0.061445002000000006 -0.6869827005485294 0.018844346213357163 -0.0023707304331546442 0.7264255222664285
0.06161838 -0.6869827005480681 0.018844346229996537 -0.002370730415566936 0.7264255222664907
0.061771857000000006 -0.6869827005476655 0.018844346244512464 -0.0023707304002237115 0.726425522266545
0.061968955000000006 -0.6869827005471423 0.018844346263355367 -0.0023707303803069193 0.7264255222666158
0.062153636000000005 -0.6869827005466511 0.018844346281073808 -0.002370730361578598 0.7264255222666819
0.062331791000000004 -0.6869827005461766 0.018844346298170882 -0.002370730343507126 0.7264255222667462
0.062498183000000006 -0.6869827005457404 0.018844346313893676 -0.0023707303268882102 0.726425522266805
0.062672644 -0.6869827005452758 0.018844346330634833 -0.0023707303091929444 0.7264255222668677
0.062846236 -0.6869827005448147 0.018844346347270672 -0.002370730291609013 0.7264255222669298
0.06301896 -0.6869827005443555 0.018844346363812353 -0.0023707302741245782 0.726425522266992
0.063187907 -0.6869827005439066 0.0188443463799912 -0.0023707302570236447 0.7264255222670528
0.06337408500000001 -0.6869827005434153 0.0188443463977086 -0.002370730238296492 0.726425522267119
0.06354148600000001 -0.6869827005429703 0.018844346413759303 -0.002370730221331037 0.7264255222671788
0.06370031500000001 -0.6869827005425476 0.018844346428997603 -0.002370730205224251 0.726425522267236
0.063869707 -0.6869827005420986 0.018844346445151584 -0.0023707301881496 0.7264255222672967
0.06405590600000001 -0.6869827005416058 0.018844346462949607 -0.002370730169337198 0.726425522267363
0.064241105 -0.6869827005411138 0.018844346480666338 -0.0023707301506107263 0.7264255222674297
0.064401336 -0.6869827005406879 0.01884434649600608 -0.0023707301343967504 0.7264255222674872
0.06456753400000001 -0.6869827005402507 0.018844346511777084 -0.002370730117726882 0.7264255222675461
0.064734374 -0.6869827005398077 0.018844346527716813 -0.002370730100878712 0.7264255222676061
0.064916502 -0.6869827005393232 0.018844346545198405 -0.0023707300824007695 0.7264255222676714
0.065094126 -0.6869827005388522 0.018844346562179957 -0.0023707300644514122 0.726425522267735
0.06527279200000001 -0.6869827005383763 0.018844346579315302 -0.0023707300463394793 0.7264255222677994
0.065438232 -0.6869827005379378 0.018844346595147658 -0.0023707300296048374 0.7264255222678584
0.065606565 -0.6869827005374901 0.018844346611251905 -0.0023707300125827267 0.7264255222679192
0.065760438 -0.6869827005370838 0.018844346625905586 -0.0023707299970938916 0.7264255222679741
0.065963187 -0.6869827005365474 0.018844346645250122 -0.002370729976646867 0.7264255222680464
0.066144282 -0.6869827005360654 0.018844346662624557 -0.0023707299582822108 0.7264255222681114
0.066322438 -0.6869827005355911 0.01884434667970952 -0.0023707299402235165 0.7264255222681755
0.066503404 -0.6869827005351092 0.018844346697061948 -0.0023707299218820948 0.7264255222682408
0.066674042 -0.6869827005346565 0.018844346713405055 -0.0023707299046075553 0.7264255222683016
0.06685287200000001 -0.6869827005341823 0.01884434673046626 -0.0023707298865739967 0.7264255222683659
0.067029746 -0.6869827005337129 0.0188443467474184 -0.002370729868655683 0.7264255222684289
0.067211912 -0.6869827005332277 0.01884434676490188 -0.0023707298501757937 0.7264255222684944
0.067368259 -0.6869827005328117 0.018844346779888593 -0.002370729834334938 0.7264255222685508
0.067532192 -0.6869827005323754 0.01884434679561728 -0.002370729817709817 0.7264255222686097
0.067710175 -0.6869827005319031 0.018844346812625326 -0.002370729799732471 0.7264255222686734
0.067909652 -0.6869827005313744 0.01884434683171283 -0.0023707297795570828 0.7264255222687447
0.068085029 -0.6869827005309076 0.018844346848544472 -0.002370729761766159 0.7264255222688076
0.068259631 -0.6869827005304419 0.01884434686529549 -0.0023707297440604593 0.7264255222688709
0.068441785 -0.6869827005299599 0.01884434688268905 -0.0023707297256756023 0.7264255222689358
0.06860153100000001 -0.6869827005295349 0.018844346897985385 -0.0023707297095074864 0.7264255222689935
0.068781308 -0.6869827005290575 0.01884434691520509 -0.0023707296913063787 0.7264255222690578
0.06897101700000001 -0.6869827005285535 0.018844346933382355 -0.0023707296720931292 0.7264255222691256
0.069154674 -0.6869827005280662 0.018844346950945702 -0.00237072965352878 0.7264255222691914
0.06934053600000001 -0.6869827005275715 0.01884434696875332 -0.0023707296347062596 0.7264255222692585
0.069523209 -0.6869827005270863 0.018844346986244386 -0.002370729616218319 0.726425522269324
0.069695245 -0.6869827005266296 0.01884434700271983 -0.002370729598803877 0.7264255222693856
0.069875583 -0.6869827005261513 0.018844347019966137 -0.0023707295805747213 0.7264255222694501
0.070065732 -0.6869827005256468 0.018844347038133577 -0.0023707295613718126 0.7264255222695182
0.070238991 -0.686982700525188 0.018844347054682093 -0.002370729543880145 0.7264255222695801
0.070427749 -0.6869827005246869 0.01884434707275126 -0.0023707295247812296 0.7264255222696476
0.070596042 -0.686982700524239 0.018844347088865794 -0.002370729507748238 0.7264255222697085
0.070770287 -0.6869827005237819 0.018844347105354622 -0.002370729490319675 0.7264255222697702
0.070954641 -0.6869827005232931 0.01884434712296986 -0.0023707294717004996 0.7264255222698361
0.071124221 -0.6869827005228428 0.018844347139193435 -0.0023707294545522823 0.726425522269897
0.07129673 -0.6869827005223854 0.018844347155697577 -0.0023707294371075236 0.7264255222699587
