0 -0.7067529998956005 0.00035399999994770805 0.0003529999999478558 0.7074602089259648
0.0008119140000000001 0.8965683258680142 0.01783265273155888 0.020850763925270393 0.44205483656526495
0.001107436 -0.14835814959626112 -0.014696511511614165 0.023030650827697705 0.9885562507293647
0.001353952 -0.9868215628650484 -0.026198764630179193 -0.007368648212658142 0.15950710212434685
0.001538405 0.4508855776869639 0.0015115978722521136 0.027329223842580432 0.892161994136421
0.001734436 -0.7127505033545786 -0.025606361288570988 0.009376978457840131 0.7008873698330014
0.0019133770000000002 0.8838738826109009 0.017233490641692537 0.02134434684411717 0.4669201021031431
0.00208733 -0.17591332792235137 -0.015339312169483275 0.022604951635980072 0.9840265351046448
0.0022359890000000003 -0.9908901502257526 -0.02597649804362661 -0.008108528391931043 0.13189436779911826
0.002377506 0.4257898770655222 0.0007395207820365285 0.027358553926192984 0.9044080615545217
0.0025128050000000003 -0.7320480868151219 -0.02585895526768734 0.008648898635655027 0.680707063861839
0.002667276 0.870489778829878 0.016620819188443072 0.02182069369638476 0.49142155505798296
0.002811769 -0.20333118933000469 -0.01596980938374713 0.022161311097123146 0.9787289038889615
0.002982081 -0.9941861212531358 -0.025733235624005014 -0.00884196785027723 0.10417975906988824
0.0031317750000000003 0.40036180893500295 -3.2971108584100106e-05 0.027366098961586482 0.9159484239483727
0.003291618 -0.7507743426833651 -0.026090869217558255 0.007913944206172387 0.6599958469242558
0.0034424480000000003 0.8564264347247478 0.015995127808267166 0.02227944033122227 0.5155400436115066
0.0035821100000000003 -0.23059033143252214 -0.01658750390381098 0.021700082092860843 0.9726674960552353
0.0037184590000000003 -0.9967069325550384 -0.025469151004851722 -0.009568380027983568 0.07638495711374967
0.003879477 0.3746212198748247 -0.0008052666003216166 0.02735185878781811 0.9267740642311492
0.004030257000000001 -0.7689146668985983 -0.026301914393911795 0.007172697596460406 0.6387699041239487
0.004189202 0.8416948027802317 0.015356915893711834 0.02272023611102283 0.5392567159207358
0.004343889 -0.25766947593275064 -0.017191906494608535 0.021221631300264082 0.9658470473347057
0.004484364 -0.9984504663259183 -0.025184428728172902 -0.010287181264758602 0.0485317116263678
0.0046304530000000005 0.3485882008398796 -0.001576754723050159 0.027315850255344148 0.9368765238152534
0.0047888720000000004 -0.7864549139966983 -0.02649191823085079 0.006425746278745288 0.6170458231242821
0.00497091 0.8263063590711857 0.01470669241404538 0.023142744205330395 0.5625530347908569
0.005137509 -0.2845474852608119 -0.01778253831555094 0.020726338907560735 0.9582728865223966
0.005274089 0.02016985584270682 -0.03185709785416723 0.039605834413344136 0.998503718818499
0.005422473000000001 0.32228307144389307 -0.0023468252099626374 0.027258107216995998 0.9462479092095898
0.005572906000000001 -0.8033814082337943 -0.026660724464057563 0.00567368231682512 0.5948405812229458
0.0057091730000000005 0.8102730941719496 0.014044975527751668 0.023546641872396724 0.5854107921060012
0.0058913820000000006 -0.3112033791025589 -0.018358931291233012 0.020214598319421274 0.9499509313199908
0.006052653000000001 -0.007714074576611349 -0.033615305274240774 0.03839333163737263 0.998667338070318
0.006193141 0.2957263640654415 -0.003114868971278121 0.027178680505460635 0.9548808981762519
0.006345535 -0.8196809543492003 -0.026808193240411157 0.004917101909200749 0.5721715321245971
0.006501304 0.7936075036752727 0.013372292187230198 0.023931620728311665 0.6078121230064043
0.006642671 -0.3376163508059514 -0.018920628473596116 0.019686815851948966 0.9408876837193839
0.006791040000000001 0.9989398400894192 0.024928356331887138 0.011605303178747703 0.03687126496056064
0.006950607 0.2689388077889393 -0.0038802785671184516 0.02707763789730179 0.9627687454417831
0.0071113850000000004 -0.835340847959718 -0.026934201213851736 0.004156604929301108 0.5490563924220218
0.007252740000000001 0.7763225783268751 0.012689177736046794 0.024297387003624847 0.6297395198006158
0.007396482 -0.363765783652625 -0.019467184395249783 0.01914341041762158 0.9310902249305405
0.007538896000000001 0.9975225880711923 0.02458439708703724 0.012306430572535734 0.06474198144465455
0.007670357000000001 0.24194131219300372 -0.0046424486791733985 0.026955064063564634 0.9699052879585176
0.007837687000000001 -0.8503488855777313 -0.027038641627327564 0.003392794463185808 0.5255132277965964
0.008014323 0.7584317937822633 0.01199617549908888 0.024643661787374673 0.6511758456016392
0.008162945000000001 -0.38963126698205075 -0.019998165413663397 0.01858481320043772 0.9205662098576384
0.00831027 0.9953269372661508 0.02422096452270438 0.012997203311567292 0.09256340481277016
0.008474474000000001 0.21475495099875988 -0.005400776580776241 0.026811060507018092 0.9762849497118657
0.008634332 -0.8646933742457508 -0.027121424380658295 0.0026262763451102332 0.5015604389490896
0.008770539 0.7399490999928262 0.011293836365982223 0.024970181258437862 0.672104347676143
0.00893477 -0.41519261215580644 -0.020513150045943538 0.018011467321531624 0.9093238611278434
0.00910297 0.9923551768020945 0.023838375755074182 0.01367710447003522 0.12031375675817982
0.009277073 0.1874009455907505 -0.006154662605010991 0.026645745486097508 0.981902746069766
0.00944785 -0.8783631407803156 -0.02718247608414616 0.001857658691345198 0.47721674727208174
0.009610214 0.7208889102287059 0.010582718368128817 0.025276696904113095 0.6925086704961018
0.009769603 -0.44042986834959724 -0.021011729293919763 0.01742382749552581 0.8973719626774059
0.009921175 0.9886096593511438 0.023436948191615667 0.014345618979200673 0.14797132440082986
0.01009428 0.15990064842322813 -0.0069035106104767515 0.026459253925620287 0.9867542876708844
0.010248041000000001 -0.8913475406182808 -0.027221740097758195 0.001087551432646051 0.45250118027554015
0.010411100000000001 0.701266089746283 0.00986338624973009 0.025562975725852834 0.7123728684825028
0.010554597 -0.46532333816082366 -0.021493506959267925 0.016822359677898996 0.8847198529001244
0.010711724 0.9840932663729243 0.023017011376883986 0.015002238996136277 0.17551447118926683
0.010874328 0.1322755263246939 -0.0076467284443348755 0.026251737314356583 0.9908357838485045
0.01104269 -0.9036364662584925 -0.02723917655569106 0.00031656584577661106 0.4274330567773299
0.011215826 0.6810959441085164 0.00913641103316125 0.02582880043205897 0.7316814184309823
0.011369738 -0.48985359301964365 -0.021958099948407275 0.01620754070365458 0.8713774173635611
0.011517237000000001 0.9788094662214288 0.022578908328175544 0.01564646500082758 0.20292165256797606
0.011661505 0.10454714371363838 -0.00838372840226835 0.02602336358954672 0.994144045587421
0.011833910000000001 -0.9152203552915152 -0.027234762376106374 -0.0004546859154982867 0.40203197187071066
0.0120081 0.6603942071666901 0.008402369579065512 0.02607396961786092 0.7504192316095409
0.012167805 -0.5140014883916207 -0.02240513856691273 0.015579857917580854 0.8573550810987414
0.012318448000000001 0.9727623246468141 0.02212299564682273 0.01627780639316118 0.23017143235228305
0.012488810000000001 0.07673714573851013 -0.009113927684984136 0.025774317008466698 0.9966764880115107
0.012638566 -0.9260901980091308 -0.027208491255785547 -0.0012255912895159813 0.3763177816811867
0.012787986000000001 0.6391770287124652 0.007661844141539317 0.026298297931798723 0.7685716655187464
0.012956619 -0.53774817876026 -0.022834266803192893 0.014939808796402835 0.8426638004694025
0.013114013 0.9659565053276382 0.02164964337163961 0.0168957819788928 0.2572424992228044
0.013281586000000001 0.048867241354996156 -0.009836748850892784 0.02550479800715229 0.9984311324000248
0.013441452000000001 -0.9362375445833524 -0.027160373649385627 -0.0019955377754515675 0.35031058792537434
0.013612141000000001 0.6174609618094362 0.006915421918781699 0.026501616229336913 0.7861245353051108
0.013774621 -0.5610751323778858 -0.02324514260118871 0.014287900563130375 0.8273150546271925
0.013984332 0.9583972673541207 0.02115923475259031 0.017499920415823222 0.28411368319610514
0.014146009000000001 0.02095918635375788 -0.0105516202646027 0.025215023046403412 0.9994066077310234
0.014298044000000001 -0.9456545118003604 -0.027090436732850814 -0.0027639134011564607 0.32403072228506385
0.014453051000000001 0.5952629498136811 0.006163694599582594 0.026683771713141676 0.8030641248186114
0.014593866 -0.583964145773521 -0.02363743812185607 0.013624649793915214 0.8113208365595477
0.014738074 0.9500904614033129 0.020652165989799996 0.018089760638188037 0.3107639720195432
0.014898843 -0.006965233648200351 -0.011257976540869508 0.024905224445196678 0.9996021517507355
0.015076491000000001 -0.9543337893259317 -0.02699872435029376 -0.003530107189456941 0.2974987306102445
0.015232200000000001 0.5726003130930952 0.005407257906026767 0.026844628060057888 0.8193771973056138
0.015373739 -0.6063973580066402 -0.02401083999320172 0.012950582017735298 0.7946936437373001
0.015527601 0.9410425251449376 0.02012884595212162 0.01866485226495794 0.33717252746311177
0.015677059 -0.03488422023931991 -0.011955258983644135 0.024575650201647484 0.9990176115680035
0.015846579 -0.9622686454598803 -0.026885296943168026 -0.004293509622021933 0.2707353569659552
0.016018749000000002 0.5494907354555468 0.004646711132792164 0.02698406553473002 0.8350510057287448
0.016202093 -0.6283572646558756 -0.02436504954864893 0.012266231309230902 0.7774464683693865
0.016336692 0.9312604780720091 0.019589695880593054 0.019224755994184276 0.36331870148922296
0.016483077000000002 -0.06277597925520413 -0.012642916019868224 0.02422656380166972 0.9976534437733469
0.016629701 -0.9694529322944897 -0.02675023145948956 -0.005053513099373061 0.2437615275397253
0.016773820000000002 0.5259522502961688 0.0038826566834214873 0.02710198108981672 0.850073302705574
0.016945331 -0.6498267315319824 -0.02469978305351561 0.011572139875023028 0.75959278727234
0.017112046000000002 0.9207519158351256 0.019035149079138922 0.019769043984302754 0.3891820522846073
0.017259267000000002 -0.09061873781702608 -0.01332040362766785 0.02385824401549117 0.9955107140825502
0.017392473000000002 -0.975881090090507 -0.026593621238356586 -0.0058095123943399584 0.21659833443031057
0.017549033000000002 0.5020032264743294 0.0031156996039487356 0.02719828845275656 0.8644323500582543
0.017692808 -0.6707890081045983 -0.025014771919394555 0.010868857633850489 0.7411465513625644
0.017864902000000002 0.9095250041164661 0.018465650593744252 0.02029730022283698 0.41474236013987686
0.018051845 -0.11839076135339284 -0.01398718575860209 0.023470984682192303 0.9925910965050534
0.018208385 -0.9815481504226279 -0.026415575858611155 -0.006560905093031749 0.1892670193472274
0.018361055 0.47766235393108397 0.002346447114261475 0.02727291819904969 0.8781169279665917
0.018512973000000002 -0.6912277406325982 -0.0253097629062315 0.010156941790867218 0.72212217477968
0.018659755 0.8975884720619846 0.017881656880863624 0.02080912088271399 0.4399796431631036
0.018822792 -0.1460703705924456 -0.014642734753626431 0.023065094482445234 0.9888968720377977
0.018996141 -0.9864497368970933 -0.02621622092217505 -0.007307092008178329 0.16178895727274434
0.019171068000000003 0.45294862905810973 0.001575508137582281 0.027325817812028218 0.89111634371733
0.019340124 -0.7111269849880755 -0.025584518311903337 0.00943695640644678 0.7025345236495323
0.019496746000000002 0.8849516052828738 0.01728363546561814 0.02130411466630115 0.4648741728142021
0.019643515 -0.17363595851099817 -0.01528653175243708 0.02264089669963834 0.9844309268855517
0.019804754 -0.9905820597901759 -0.025995697682643547 -0.008047477519774563 0.13418564020117185
0.019980788000000003 0.42788133982934484 0.0008034928284516847 0.027356951729095327 0.9034204400427558
0.020147154 -0.7304712191642497 -0.025838816149103716 0.008709471959846001 0.6823989044957592
0.020294878000000002 0.8716242384340942 0.016672064590239625 0.02178190313720593 0.4894064892472486
0.020434605 -0.20106600722755302 -0.0159180670958651 0.02219872896958125 0.9791967502091123
0.020576913000000002 -0.9939418913359046 -0.02575416219441689 -0.008781469681471185 0.10647866128145755
0.020722581 0.4024800507067732 3.101209959674261e-05 0.027366301374423335 0.9150196030420533
0.020902142000000002 -0.7492453554578896 -0.026072450309350334 0.007975064908085428 0.6617310523090735
0.021065292000000003 0.857616747376338 0.016047432853165778 0.022242121039839507 0.5135574164481732
0.021227428000000003 -0.22833910482607947 -0.016536840720996423 0.02173894301899437 0.9731984314031554
0.021376911000000002 -0.9965264595483104 -0.02549178246070661 -0.009508479344107349 0.07868970057357051
0.021526103 0.3767645873319617 -0.0007413228519322674 0.027353865178107607 0.9259047696791741
0.021703738 -0.7674347523170918 -0.026285230713931684 0.0072343172404072615 0.6405471182837211
0.02187725 0.8429400409273488 0.015410238839172311 0.02268441660671909 0.5373080771554812
0.022038845 -0.255433962097489 -0.017142362548697013 0.021261904392994222 0.9664406569058619
0.022195476000000002 -0.9983328226240347 -0.025208722820186425 -0.010227913061226876 0.05084051887900265
0.022344431 0.350755021015154 -0.001512901018972527 0.027319658581783243 0.93606743485132
0.02251736 -0.7850252258455493 -0.026476983451616525 0.006487816028677918 0.6188636572308421
0.022662632000000002 0.8276055522084209 0.014760990740909865 0.023108451853464263 0.5606399075519184
0.022795724 -0.2823294291858265 -0.01773415286323069 0.02076799217179655 0.958928706542834
0.022969917000000003 0.022478996608381256 -0.031710297399063496 0.03970409201728657 0.9984551661127788
0.023118759000000003 0.32447165303388686 -0.002283112058424588 0.027263714030719477 0.9454996580224748
0.023287702 -0.802003060954745 -0.026647550902953284 0.005736152974105309 0.5966976146787173
0.023452348 0.8116252295920794 0.0141002059722121 0.02351390286142749 0.5835346717152186
0.023595925 -0.3090045121262525 -0.018311742683659402 0.020257598676865676 0.9506684494081695
0.023742033000000003 -0.005404518015758669 -0.033470672152356405 0.03849560026857941 0.9986834209717464
0.023926529000000002 0.29793499875326585 -0.0030513467650105635 0.02718608095241771 0.9541940694167682
0.024072153000000002 -0.8183550221557293 -0.026796791850987753 0.004979923950646259 0.5740663136701868
0.024241205000000002 0.7950115272571576 0.013428410773534677 0.02390046004788998 0.605974475816319
0.024389498000000003 -0.33543838926199565 -0.018874674126724344 0.019731129166748834 0.9416663392859282
0.024540758000000003 0.9990161213014893 0.024955803227991673 0.011546722994376929 0.034561521449814274
0.024678138000000002 0.2711657715801683 -0.003816997544233504 0.027086825721745526 0.9621438757668006
0.024841357 -0.834068363982485 -0.026924581578231747 0.004219728545483519 0.5509874412677318
0.024998217000000003 0.7777773953578706 0.01274613980988684 0.02426782842374612 0.627941782053643
0.025152347000000002 -0.36161042752755174 -0.01942250076091076 0.019189001522840213 0.9319294096155885
0.025311473 0.9976677096229429 0.024613581277311537 0.01224872819424649 0.062435247898139326
0.025466062 0.24418486676379578 -0.004579458884156827 0.02696603161265106 0.969342865612407
0.025610839000000003 -0.8491308410390359 -0.027030811949711794 0.0034561695969566146 0.5274790347770253
0.02575681 0.7599362698137779 0.012053935761617814 0.024615727838595704 0.6494194223122952
0.025939543000000002 -0.3875001985855092 -0.01995478795140636 0.018631645925329638 0.9214652680054493
0.026114605000000003 0.995537403355271 0.024251774368536524 0.012940387556771075 0.09026154596508702
0.026272861 0.21701334505511474 -0.005338127825625282 0.026823798736509703 0.9757854141456964
0.026434337000000002 -0.8635307176627025 -0.027115391481927265 0.002689852730336514 0.5035594676999724
0.026564745 0.7415020617278739 0.011352348908419544 0.024943893213159343 0.670390611537275
0.026715333 -0.4130874948045067 -0.020471113195668182 0.0180595045195969 0.9102820902982892
0.026897746 0.9926302106445181 0.023870769910775098 0.013621212263031401 0.1180185908760061
0.027078968000000002 0.18967241623785344 -0.006092404430549217 0.026660243967166083 0.9814664875985555
0.027234919000000003 -0.8772567771959491 -0.027178245397537992 0.0019213858918390463 0.4792474354285368
0.027380643000000003 0.7224891464404253 0.010641936706910512 0.025252074758931712 0.6908389608100263
0.027510992 -0.43835234506596094 -0.02097106644932114 0.017473031073321297 0.898388614193948
0.027665715 0.9889488575276983 0.02347089503083517 0.014290690882526925 0.14568465439515701
0.027822051 0.1621834225438084 -0.006841692247876844 0.026475500852742043 0.9863816471691703
0.027999605 -0.8902983308592082 -0.027219315665591406 0.0011513788812835542 0.4545619406909141
0.028165612000000003 0.7029123522264757 0.009923263362167135 0.02554003818498793 0.7107484901179293
0.028308157 -0.4632750303873416 -0.02145425044211575 0.016872690624584134 0.8857941324338414
0.028444601000000003 0.9844962894739664 0.023052481054335956 0.01494831602023797 0.1732380896048409
0.028587088 0.13456782196533545 -0.007585398776880213 0.0262697195142931 0.9905270524844809
0.028727548000000002 -0.902645226216671 -0.027238561027076332 0.0003804428838109451 0.42952227876187166
0.028898661000000003 0.6827869486452982 0.009196899393570069 0.02580756489185891 0.7301036408065745
0.029081631 -0.4878360993499171 -0.021920280983681022 0.016258959121246617 0.872508485552774
0.029246766 0.9792759659059652 0.022615870914846764 0.015593587832847512 0.20065734215997622
0.029408052 0.10684717147796112 -0.008322935927384163 0.026043066531403213 0.9938994645958438
0.029553313 -0.9142878552260193 -0.027235957005553372 -0.00039080999889985003 0.4041480224494277
0.029700007 0.6621286345503783 0.008463421195336149 0.026054452152394554 0.7488892877049412
0.029855498 -0.5120163833190737 -0.022368787258814138 0.015632323051896515 0.8585420542037473
0.030011006000000003 0.9732919204755538 0.02216142054545051 0.016226015128466942 0.22792096547564145
0.030176635 0.07904311018613963 -0.009053720476568484 0.025795724814818854 0.9964962485055529
0.030334225000000003 -0.9252171618612781 -0.0272114959025501 -0.0011617672174517703 0.3784590068702897
0.030481386000000003 0.6409535257688403 0.007723410592106756 0.02628051327953701 0.7670907509138554
0.030621836000000003 -0.5357970114454679 -0.022799412112055415 0.014993279068660836 0.8439057510618025
0.030784713000000002 0.9665487759725035 0.021689499102689767 0.01684511599643254 0.25500763681157057
0.030954541000000002 0.05117734240523817 -0.009777174521978087 0.02552789346623295 0.9983153752222326
0.03112213 -0.9354246492937658 -0.02716518677729173 -0.0019318162430587613 0.3524753140270734
0.031274397 0.6192781424595173 0.0069774543899677475 0.026485577780930865 0.7846938072483955
0.031427898 -0.5591594254354549 -0.02321181232130395 0.014342333602189412 0.8286110123132756
0.031573757 0.9590517469035783 0.02120048887186006 0.017450418304271118 0.281896173578511
0.031715318 0.023271620692883327 -0.010492725930376996 0.025239787625337254 0.9993554233434859
0.031892311 -0.9449023866086241 -0.027097055410130626 -0.002700345034754048 0.3262172572007733
0.032054867 0.5971193961591456 0.00622614392327471 0.02666949150030023 0.8016847013251882
0.032215607 -0.5820853940794442 -0.023605658860236318 0.013680002469121622 0.8126697887371603
0.032387286 0.9508066377623702 0.020694785060252435 0.018041460143121656 0.3085655496618897
0.032526643 -0.004652271157150921 -0.011199808782087955 0.024931638304273147 0.9996155801645565
0.032681417000000004 -0.9536430150184245 -0.027007144248629447 -0.0034667425046442067 0.29970536517305746
0.032840965 0.5744945765264806 0.005470074597661811 0.026832116745531626 0.8180501562858218
0.033017888 -0.604557027527025 -0.023980637149297053 0.01300681047235428 0.7960945363856083
0.033173541 0.9418198394031446 0.02017279554083485 0.018617790246004275 0.33499491168284157
0.03333398 -0.03257253514530801 -0.01189786381045916 0.024603692209619714 0.9990956423121317
0.033483428 -0.9616397535025005 -0.026895512334424276 -0.004230398979948264 0.27296036629448966
0.033630006000000004 0.5514213377943422 0.004709845429612206 0.026973332403403844 0.833777384147909
0.033771858 -0.6265567912979123 -0.024336447295036357 0.012323290994434116 0.7788982068709114
0.033946741 0.9320983243657666 0.019634940568546633 0.019178968387531203 0.3611635951568153
0.034106865 -0.060467376107637825 -0.01258633883610839 0.0242562115520662 0.9977960159027893
0.034267338 -0.9688864037277286 -0.026762235207192894 -0.0049907066596512764 0.24600317241795622
0.034425679 0.5279176849399073 0.003946058582969348 0.02709303404091565 0.8488540957756204
0.034577372 -0.6480675200180106 -0.02467280431757788 0.011629985584405598 0.7610942372666231
0.034726316 0.9216496414868889 0.019081652478179268 0.019724565768483405 0.3870511405247567
0.034900279 -0.08831501875497365 -0.013264689195593102 0.023889473843927398 0.9957177162259613
0.035064421000000005 -0.9753773539351545 -0.026607404777852058 -0.005747060061459122 0.21885486272292198
0.035227309000000005 0.5040019595837741 0.0031793189027713403 0.027191133993167745 0.8632685104618205
0.035375128 -0.6690724308700916 -0.024989438366004424 0.010927443538449898 0.7426965396307921
0.035528497 0.9104819099434446 0.018513375367918753 0.020254165386763057 0.41263730903812346
0.03567853 -0.116093724696661 -0.013932378164164514 0.023503771684667787 0.9928623669516633
0.035839259000000005 -0.9811075810394172 -0.02643112915241963 -0.006498856449332754 0.19153666747062129
0.036006296 0.4796928256285812 0.0024102334467885683 0.027267561437762735 0.8770093651142483
0.03618345 -0.6895551367488638 -0.025286094921457922 0.01021622147465592 0.7237194901595713
0.036328522 0.8986038127980494 0.017930564770636717 0.020767362395429787 0.4379020984818673
0.036478764000000004 -0.1437818094356164 -0.014588877372264103 0.023099412534611 0.9892321988636131
0.03664042 -0.986072648950644 -0.02623353235778525 -0.0072454962166815665 0.16406995176652203
0.036791225000000004 0.4550092546481785 0.0016394110151482359 0.027322262455696057 0.8900659230384993
0.036959918 -0.7094996591104156 -0.025562534987753543 0.0094968829022708 0.7041779179797838
0.03712987 0.8860245900825756 0.01733368731413904 0.021263764448171026 0.4628257587209912
0.037292625 -0.17135765932151606 -0.01523366721542851 0.022676718477019443 0.9848300481187273
0.037446323000000004 -0.990268697137271 -0.02601475382316015 -0.00798638315161629 0.13647619950870235
0.037594583 0.429970511038549 0.0008674616784289037 0.027355200078716748 0.9024279823108892
0.03774901 -0.7288904405063203 -0.02581853526931576 0.008769997785781004 0.6840870935892973
0.037915765000000004 0.8727540314407877 0.01672322037117045 0.021742992032373516 0.4873888070571341
0.038086025 -0.19879974844894976 -0.015866237257271477 0.022236025968737486 0.9796593540343693
0.038232765 -0.9936923980990243 -0.025774947095615793 -0.008720924324799326 0.10877699803837441
0.038387719 0.40459613694191693 9.499630460785375e-05 0.02736635432314766 0.914085883734599
0.038540181 -0.7477123567929236 -0.026053888336249092 0.008036142104182173 0.663462716954361
0.038691764000000003 0.8588024683435403 0.01609965169976799 0.02220467878986647 0.5115720433822212
0.038863203000000006 -0.22608665548741927 -0.01648608662521831 0.02177768557960197 0.9737241564050775
0.039041192 -0.996340786633299 -0.025514275411145683 -0.009448528429316901 0.08099402539167092
0.039202092 0.3789059369556227 -0.0006773739147546182 0.027355722210161082 0.9250305183728439
0.039350485000000004 -0.7659507290065999 -0.026268402776359858 0.007295897405797558 0.6423209052733402
0.039515488 0.8441807658864542 0.0154634790744512 0.022648471825348838 0.5353565651165904
0.039660581 -0.25319708043011707 -0.017092724398672106 0.02130206172083134 0.9670290923508874
0.039829627 -0.9982103072481907 -0.02523288806645245 -0.010168594756641718 0.053149049965053916
0.040004513000000005 0.3529199626375718 -0.0014490379387111021 0.027323317772516596 0.9352533346531267
0.040179123000000004 -0.7835913348960671 -0.02646190333395166 0.006549850359013519 0.6206781804165502
0.040335879000000005 0.8289003141782486 0.014815209908682965 0.023074032002478966 0.5587237819193487
0.040489265 -0.2801098612484862 -0.017685669989297707 0.020809532362612872 0.9595793926997188
0.040627125 0.024788021455202664 -0.03156331617948184 0.03980201917262496 0.9984012609000277
0.040772806 0.32665849682019976 -0.0022193853511191823 0.027269172047774945 0.9447463450369955
0.040950864000000003 -0.8006204201030781 -0.026634231035218867 0.005798592299302095 0.5985514560521691
0.041116061 0.8129730193271248 0.014155360869000561 0.023481034227581396 0.5816554301589792
0.041274623 -0.3068039904396389 -0.018264453513113905 0.020300488741117843 0.9513808779066685
0.04142796 -0.003094926976892227 -0.03332586014058343 0.038597535440722607 0.9986941501479153
0.04157269 0.30014203774508064 -0.0029878068344481837 0.027193333058012654 0.9535021322500471
0.041719729000000004 -0.8170247089830683 -0.026785243300065823 0.005042718772906697 0.5759580244684875
0.04189918 0.7964112940322903 0.013484457481203594 0.023869167720909582 0.6041335871325075
0.042079281 -0.33325863145380674 -0.01882861615409143 0.01977533505518104 0.9424399535134155
0.042244891 0.9990852148291799 0.02498306643296261 0.011488056560436924 0.03225163227035937
0.042410552000000004 0.273391283030438 -0.0037536946428184306 0.027095865776070087 0.9615138550672866
0.042563209000000005 -0.8327914150576048 -0.02691481404017991 0.004282829077572123 0.5529155431029845
0.042698230000000004 0.7792280477877289 0.012803033728972948 0.024238136275393885 0.6261406850217729
0.042883684000000005 -0.3594531349890766 -0.01937771051895837 0.0192344881528897 0.9327636051513053
0.043059449 0.9978072007884272 0.024642624237214607 0.012190952210503396 0.06012819750767061
0.043230912 0.24642711348396829 -0.004516443073892515 0.026976852078375184 0.9687752536492854
0.043380943000000005 -0.8479082510905918 -0.02702283374318455 0.0035195258007048222 0.529442020789029
0.043525374000000006 0.7614366767054759 0.012111631645293077 0.024587658502797514 0.6476595245755967
0.043680133 -0.385367055140797 -0.019911300982923475 0.01867837720833557 0.9223593930920393
0.043842178 0.9957424496220943 0.02428245017519216 0.01288349661517074 0.08795921614359926
0.044019796 0.2192705767735102 -0.005275448939238885 0.026836390684395882 0.9752806544249478
0.044192737 -0.8623634387803615 -0.02710920954269453 0.0027534143553567467 0.5055558037312189
0.044374355000000004 0.743051052965835 0.011410800897045489 0.02491746806719756 0.6686732885069109
0.044522572 -0.410980165393143 -0.020428964026030845 0.018107443388790955 0.9112354463502492
0.044681194 0.9928998929723347 0.023903033552339772 0.013565241847485199 0.11572280325530912
0.044854002000000004 0.19194287096820722 -0.006030112032790765 0.026674597082780912 0.9810249745170432
0.045025132 -0.8761457180596894 -0.027173865274085773 0.0019851025144328794 0.48127556122067455
0.045188574 0.7240855139022822 0.010701098363142557 0.02522731390570787 0.6891655545941469
0.045339895000000005 -0.43627247444046385 -0.02093028855986914 0.017522139512577372 0.8994004563425978
0.045485564000000006 0.9892827433127778 0.02350471411915968 0.014235681277330797 0.14339721331592242
0.045619081000000006 0.16446532796292654 -0.006779835597023512 0.02649160344426147 0.9860037257070305
0.045783135 -0.8892443559955008 -0.02721674151577499 0.0012151999435353442 0.4566202711018573
0.045972095000000004 0.7045548507290972 0.009983087706570528 0.025516960436359815 0.7091203084764323
0.046159468 -0.4612242418261797 -0.021414876244362033 0.016922929697903544 0.8868636701083825
0.046328474 0.9848940326277524 0.02308782556018566 0.014894308187829086 0.1709607886097234
0.046466943000000004 0.13685939679878392 -0.0075240267864771105 0.02628755852139339 0.9902130179360538
0.04661523 -0.9016491552793034 -0.02723779561577523 0.00044431773287186585 0.43160920500279376
0.046793737 0.6844742969200069 0.009257338940711537 0.02578618775305668 0.7285219561324398
0.046975222000000004 -0.4858159933871421 -0.02188234179437551 0.016310289002956 0.8736348830969846
0.047148772000000005 0.9797372178700872 0.022652710890721912 0.015540622479830039 0.1983919649207862
0.04731283 0.10914662689271895 -0.008262097128251874 0.02606262753523049 0.993649562339362
0.047469041000000003 -0.9133504622978905 -0.027237001703243446 -0.00032693207131521864 0.4062619133409162
0.047610673000000006 0.663859516246499 0.008524427990315683 0.02603479180752198 0.7473553360329501
0.047758046000000005 -0.5100285364915329 -0.022332313275882427 0.015684703057533337 0.8597244315278243
0.047937067 0.9738163029061854 0.02219972543424937 0.01617413239556333 0.22566928529374863
0.048129092000000005 0.08134865118913047 -0.00899346297910843 0.025816992049027904 0.9963106738117663
0.048292408 -0.9243391747709179 -0.02721435068464942 -0.001097936935300766 0.3805982101171297
0.048458783000000005 0.642726590484694 0.007784936247496514 0.026262584578162648 0.7656057309575071
0.048608877 -0.5338429750585586 -0.022764432391433533 0.015046667686521817 0.8451431843288466
0.048754006 0.9671358705924039 0.02172923748867225 0.016794355320364576 0.2527714156397948
0.048942557000000005 0.053487169246654614 -0.00971754597880501 0.02555084982908611 0.998194273102119
0.049124433 -0.934606748936326 -0.027169850224040053 -0.0018680843058303293 0.35463815751127126
0.049280153 0.6210920068000092 0.00703945012312331 0.0264693942257743 0.7832588794657839
0.049444468000000005 -0.5572407243483578 -0.023178354754688244 0.014396688525517013 0.8299025346598717
0.049608305000000005 0.959701091284073 0.021241628384720553 0.017400818338743473 0.2796771608546115
0.049773119000000005 0.025583930273214102 -0.0104337734993099 0.025264414692852916 0.9992988884351691
0.049958299000000005 -0.9441452062536678 -0.027103524706588167 -0.002636762076751718 0.3284020502928658
0.050125417000000005 0.5989726448190781 0.006288560593987116 0.026655065236019085 0.8003009870145946
0.050299566000000004 -0.580203525510756 -0.02357375015376786 0.013735280628902067 0.8140143910274963
0.050458515 0.9515177234951797 0.020737292341043295 0.0179930587037419 0.30636548106100553
0.050610805 -0.002339283877483981 -0.011141579089527443 0.024957916344413435 0.9996236566595217
0.050775282000000005 -0.9529471395735476 -0.027015415184060323 -0.0034033590533183275 0.3019104000623547
0.050953737000000006 0.5763857633987155 0.005532862746116667 0.026819458548612944 0.8167187367117394
0.051138732000000006 -0.6027134598816887 -0.023950302803199156 0.01306296807070132 0.7974911679985343
0.051313548 0.942592111358441 0.02021663623606211 0.01857062426632729 0.3328155078346574
0.051463486 -0.030260675734798712 -0.011840402915182702 0.024631600197504405 0.9991683239207939
0.051632483 -0.9610057186761791 -0.026905579299714905 -0.0041672654125821905 0.2751839193400904
0.051797302 0.5533489871019375 0.004772955314623819 0.026962451673164984 0.8324992996981982
0.051982234 -0.6247529630163251 -0.024307711584222895 0.012380283538531295 0.7803457765193241
0.052152176 0.932931180496927 0.019680079338461675 0.019133073880972302 0.35900656034928397
0.052320507 -0.058158449252126834 -0.012529692193510323 0.024285727186201353 0.9979332458594452
0.052480154 -0.9683146949829897 -0.02677409118770532 -0.004927873157048592 0.24824350552457136
0.052632899000000004 0.5298802923913285 0.004009440220457601 0.027083938791617666 0.847630345150462
0.052785582000000004 -0.6463048384481548 -0.024645690273249567 0.011687767920980452 0.7625916138485357
0.052946847000000005 0.9225424329371193 0.01912805301289865 0.01967997779374457 0.3849181614058773
0.053134193 -0.08601082684675669 -0.013208901622399565 0.023920573563434352 0.995919387333116
0.053298990000000004 -0.9748684050142666 -0.026621041336413465 -0.005684576555887069 0.22111022474985337
0.053477345 0.5059979935502755 0.003242922104448603 0.027183830847244555 0.8621000498951135
0.053646302 -0.6673522711635297 -0.024963967758250067 0.010985969888751796 0.7442425531114151
0.053815076 0.9114339413346565 0.018561000408246316 0.020210918015627403 0.4105300533224663
0.053987378 -0.1137960664253723 -0.013877493803651294 0.02353643068749936 0.9931283216637047
0.05415198500000001 -0.9806617715812121 -0.02644653639087792 -0.006436772560754606 0.19380529569146596
0.054314743000000006 0.48172072834283725 0.002474007859024939 0.027262055620168986 0.8758971076280662
0.054485413 -0.6878788407813717 -0.025262288242875217 0.01027544546991044 0.725312932483723
0.054641775000000004 0.8996143426398235 0.01797937613194817 0.020725488682341756 0.43582221366603513
0.054798947 -0.14149247838197893 -0.014534939660005203 0.023133604796739215 0.9895622294097618
0.054981307 -0.9856903000652288 -0.02625069882958552 -0.007183861163202265 0.16635007341802277
0.055174895 0.4570674434232242 0.0017033061579827989 0.027318557789374982 0.8890107377311985
0.055337908000000005 -0.7078685344280438 -0.025540411438105724 0.009556757619581972 0.7058175440139056
0.055489781 0.8870928312671126 0.017383645912421135 0.021223296401284744 0.46077487081094515
0.055650716 -0.16907844255505322 -0.01518071884560316 0.022712416772579406 0.9852238966651692
0.055826484 -0.9899500619292978 -0.026033666323736136 -0.007925245597090607 0.1387660335200908
0.056000397 0.43205737950609097 0.0009314269846947626 0.027353298981189794 0.9014306936794273
0.05616846700000001 -0.7273057592975838 -0.02579811274123752 0.008830475784453578 0.6857716220923475
0.056339903000000004 0.8738791518042446 0.016774286250682027 0.021703960585894057 0.4853685193095662
0.056515304 -0.19653242513074357 -0.01581432014955679 0.0222732018911109 0.9801167128854434
0.056677347 -0.9934376379290507 -0.02579559010597485 -0.008660332051074873 0.11107475718436091
0.056869457000000005 0.4067100563090393 0.00015898115913899364 0.027366257804226062 0.9131472710316043
0.057037109 -0.7461753548878137 -0.026035183402014727 0.00809717546243491 0.6651908315768214
0.057211044 0.8599835912819895 0.016151784061996303 0.02216711377758183 0.509583935061711
0.057350120000000004 -0.22383299547900234 -0.016435241892294124 0.021816309563423706 0.9742446682433614
0.057508036000000005 -0.9961498987895047 -0.025536629355481674 -0.00938852741718079 0.08329791963225518
0.057670391 0.3810452572789213 -0.0006134201358666762 0.027357429870779448 0.9241513149989379
0.05783908200000001 -0.7644626049030486 -0.026251430675726276 0.0073574377578398634 0.6440912555835617
0.058023332000000004 0.8454169710190998 0.015516636308152747 0.02261240195529476 0.5334021902700209
0.058187967 -0.25095884290957365 -0.017042992314364444 0.021342103064900215 0.9676123505159915
0.058356519 -0.998082834940245 -0.025256922240569718 -0.010109225643696174 0.05545729401863184
0.058520999000000004 0.35508301411372284 -0.0013851658288422445 0.02732682780468768 0.9344342275849847
0.058691035 -0.782153248814414 -0.026446677963086376 0.006611848932456977 0.6224893829536403
0.058868584 0.830190638053047 0.01486934962086295 0.02303948483270131 0.5568046681688951
0.059048179000000006 -0.27788879333483696 -0.01763708995738677 0.020850959253689 0.9602249415055698
0.059230409000000005 -0.9992187197287801 -0.024956260676985142 -0.010821648988458653 0.027574880694951242
0.05938954900000001 0.3288435910919605 -0.002155645433852247 0.02727448123566383 0.943987974291591
0.059566585000000005 -0.7992334930690332 -0.02662076493672264 0.005860999952878697 0.6004020954046079
0.059721654000000006 0.8143164561655126 0.014210439916729038 0.023448036142977136 0.579773077514847
0.059897818000000005 -0.3046018258265771 -0.018217064036831727 0.020343268278587016 0.9520882129970372
0.060070069000000004 -0.0007853139167604253 -0.033180869132283235 0.03869913738471809 0.9986995255410462
0.060235697000000005 0.3023474692217093 -0.0029242495243577715 0.02720043678012825 0.9528050903855069
0.060400655000000004 -0.8156900219395516 -0.02677354765409661 0.005105486034467793 0.5778466543776413
0.060562743 0.7978067965106401 0.013540432004188188 0.023837743911136446 0.6022894668265264
0.060707356000000004 -0.33107708905383676 -0.018782454806334004 0.019819433276566 0.9432085222554053
0.060896585 0.9991464577486211 0.025010127050272536 0.011429296709188137 0.02994161687380485
0.061090636000000004 0.27561533022150686 -0.003690370206333481 0.027104758008570293 0.960878686720746
0.061266204000000005 -0.831510008005692 -0.02690489865668218 0.0043459061823412585 0.5548406875906822
0.061445002000000006 0.7806745278537184 0.012859859182825992 0.0242083107138446 0.6243362383628851
0.06161838 -0.3572939175891118 -0.019332813913237018 0.01927987006018823 0.9335928070664969
0.061771857000000006 0.9979410068755121 0.02467152441280544 0.012133102370725098 0.05782084373646593
0.061968955000000006 0.24866804034553433 -0.0044534015902673516 0.026987525399482737 0.9682024551121104
0.062153636000000005 -0.8466811222596302 -0.027014707055224543 0.0035828627297615745 0.531402175308351
0.062331791000000004 0.762933006427922 0.012169262835440153 0.02455945392663735 0.645896161828237
0.062498183000000006 -0.3832318480702484 -0.019867704745078586 0.018725006795163632 0.9232485803249492
0.062672644 0.9959420633141772 0.024312991467590687 0.012826530666478498 0.08565642804929169
0.062846236 0.22152663406559986 -0.005212740261665171 0.026848836279919085 0.9747706732556578
0.06301896 -0.8611915438270473 -0.0271028786008958 0.002816960874329495 0.5075494363396497
0.063187907 0.7445960654167901 0.011469192013229327 0.024890905958468396 0.6669523877932212
0.06337408500000001 -0.40887063520553185 -0.020386702766732125 0.01815528366830921 0.9121839241737385
0.06354148600000001 0.9931642185033958 0.02393516639767996 0.013509193477414451 0.11342640636789149
0.06370031500000001 0.19421229762255823 -0.005967785749680892 0.026688804752734788 0.9805782091922376
0.063869707 -0.8750299692955086 -0.027169335742151395 0.002048808212385442 0.4833011137747773
0.06405590600000001 0.7256780040703197 0.010760203014481018 0.025202414473501498 0.6874884608209453
0.064241105 -0.4341902676095707 -0.020889395847924125 0.01757115254617885 0.9004074836998314
0.064401336 0.9896113133227185 0.023538405224358624 0.014180590435126938 0.1411090135175423
0.06456753400000001 0.16674635245992647 -0.006717940993496701 0.02650756161058259 0.9856205253105971
0.064734374 -0.8881856216413768 -0.02721401766706989 0.0012790142720365393 0.45867616047265247
0.064916502 0.7061935764628017 0.01004285895712995 0.025493742600065074 0.7074883322878255
0.065094126 -0.45917098345773544 -0.021375384580855916 0.016973076624638917 0.8879284601909173
0.06527279200000001 0.9852864929375053 0.023123044675799988 0.014840215773537772 0.1686825804704669
0.065438232 0.13915023855253508 -0.007462612806079629 0.026305254236741255 0.9898936818868999
0.065606565 -0.9006482587454313 -0.027236880330922898 0.0005081900452505573 0.43369382431104936
0.065760438 0.6861579799007665 0.009317729345558566 0.02576466912668608 0.7269363728889249
0.065963187 -0.4837932859470469 -0.021844282587663164 0.01636153006967317 0.8747566039585274
0.066144282 0.9801932192383626 0.022689428038839988 0.015487569214663538 0.19612553303523247
0.066322438 0.1114454976431539 -0.008201212334941135 0.02608204649286785 0.9933943401578849
0.066503404 -0.912408181485348 -0.027237896468659026 -0.00026305248051112715 0.40837363321163817
0.066674042 0.6655868429896933 0.008585389632013342 0.026014988685122146 0.7458173848178449
0.06685287200000001 -0.5080379585515841 -0.022295716817454465 0.015736997649706916 0.8609022067331846
0.067029746 0.9743354689021414 0.02223791009330381 0.016122158463558738 0.2234164039075013
0.067211912 0.08365375640009759 -0.008933155519532542 0.02583811859377146 0.9961197649252469
0.067368259 -0.9234562413894157 -0.027217055591879584 -0.0010341007905933898 0.38273537995265733
0.067532192 0.6444962133684233 0.007846420773009212 0.026244511920314944 0.7641166136115013
0.067710175 -0.5318860800606373 -0.022729327832675804 0.01509997435974761 0.8463760936375675
0.067909652 0.9677177859091853 0.021768858304723145 0.016743500214985194 0.25053384771879667
0.068085029 0.05579670950888607 -0.009657863544907485 0.025573666969317975 0.9980678266891908
0.068259631 -0.933783847828693 -0.02717436396969045 -0.0018043423107531277 0.3567991067825701
0.068441785 0.6229025451204803 0.007101408781098458 0.026453065647189994 0.7818197596503983
0.06860153100000001 -0.5553190393880175 -0.023144770084555337 0.014450965037646328 0.8311896147440104
0.068781308 0.9603452969376319 0.02128265306045748 0.017351120778105106 0.2774566569388985
0.06897101700000001 0.02789610271108756 -0.010374763291289038 0.02528890411358289 0.9992370033094858
0.069154674 -0.9433829747111073 -0.02710984459246431 -0.002573164873262332 0.3305850898489558
0.06934053600000001 0.6008226858718041 0.006350944272379313 0.02664049299423481 0.7989129893052827
0.069523209 -0.578318550141141 -0.02354171217738979 0.01379048397279028 0.8153546362229831
0.069695245 0.9522237147450459 0.020779687595207354 0.017944556573053754 0.3041637780265376
0.069875583 -2.6284196484240873e-05 -0.011083287779181526 0.024984058421380493 0.9996263811927137
0.070065732 -0.9522461666137952 -0.02702353711686299 -0.003339957180350671 0.304113823458383
0.070238991 0.5782738635846392 0.005595622010122221 0.026806653533790577 0.8153829457213678
0.070427749 -0.6008666649386722 -0.02391983712143917 0.01311905450754365 0.798883531089526
0.070596042 0.9433593368462203 0.020260367794439488 0.01852335457273885 0.33063432761495687
0.070770287 -0.027948654389015077 -0.01178287660966863 0.024659374012306282 0.9992356560047774
0.070954641 -0.960366544234059 -0.026915497789086702 -0.004104109263117485 0.277406004185631
0.071124221 0.555273673057602 0.004836040444893116 0.026951423399000148 0.8312167592315993
0.07129673 -0.6229457894657598 -0.024278842574205158 0.012437208631759957 0.7817891695549349
