0 -0.7067529998956005 0.00035399999994770805 0.0003529999999478558 0.7074602089259648
0.0008119140000000001 -0.5300667096213221 0.47292648571085394 0.4890070547293216 0.506084572908519
0.001107436 -0.03532424266203487 0.5080068447247422 0.6408358540466081 0.008524626448590106
0.001353952 -0.4806089150789072 -0.5228974630237488 -0.4983529484208068 0.4968512756799861
0.001538405 -0.709888553118558 -0.024979073139891554 0.003535962483565338 0.7037106153330397
0.001734436 -0.5162638811497515 0.48772659561665344 0.5031037764636703 0.4917710908608752
0.0019133770000000002 -0.002842719534907721 -0.514170475206724 -0.5007390904525306 0.02008582758127112
0.00208733 -0.4955780511826165 -0.5085507182858335 -0.48355325152533457 0.5110107806149923
0.0022359890000000003 -0.7102657370228336 -0.0044937227771636645 0.023819322308420213 0.7032128085368106
0.002377506 -0.5020519289125386 0.502083293135624 0.5167460045193346 0.4770660897743572
0.0025128050000000003 -0.01659644639258031 -0.6264302615514676 -0.6190151260274108 0.03936212612209898
0.002667276 -0.5101144533129865 -0.4938085265914711 -0.468379904702269 0.5247301333207732
0.002811769 -0.710051572839328 0.01597766361921067 0.044065192716472724 0.7021306417056755
0.002982081 -0.4874448532376765 0.5159797216164993 0.5299176717190884 0.4619834238732497
0.0031317750000000003 -0.035058946824212456 -0.6582536695487238 -0.6502818532252219 0.05921503704137565
0.003291618 -0.5242078681561544 -0.47868047234837574 -0.45284280736080007 0.537999127584792
0.0034424480000000003 -0.709247097136243 0.03641791131403307 0.06425664024211156 0.7004656966205064
0.0035821100000000003 -0.47245725151454443 0.5293982592733782 0.5426019865956049 0.44653746174659814
0.0037184590000000003 -0.05456899601390084 -0.6716392980637246 -0.6628410782894731 0.07919941899066711
0.003879477 -0.5378482260528387 -0.4631769705625995 -0.43695267058837733 0.5508078286365863
0.004030257000000001 -0.7078538428157266 0.056809825141366455 0.08437673146513759 0.6982200442865231
0.004189202 -0.45710436197119797 0.5423202214921761 0.5547811433852403 0.43074311851583197
0.004343889 -0.07443048862232474 -0.6780180318370189 -0.6683735794291353 0.09918761159751865
0.004484364 -0.5510256806170013 -0.44730915991746434 -0.42072091018697083 0.563146598745977
0.0046304530000000005 -0.7058738406342172 0.07713620154219505 0.10440854498101036 0.6953962449783077
0.0047888720000000004 -0.4414021209314508 0.5547254622229212 0.5664359337279623 0.4146158992717187
0.00497091 -0.09441619879379155 -0.6808286226886278 -0.6703484461200485 0.11912473810815391
0.005137509 -0.5637306423773308 -0.43108881650278047 -0.40415956029992167 0.5750061194465639
0.005274089 -0.7033096204023321 0.09737983971182747 0.12433518248271155 0.6919973479618591
0.005422473000000001 -0.4253672377504279 0.5665918355640861 0.5775452221889159 0.39817195753549395
0.005572906000000001 -0.11442379497794537 -0.6814391386618568 -0.670138296271151 0.13897768403841668
0.0057091730000000005 -0.5759538076443543 -0.4145282832221941 -0.38728120267949595 0.5863774110121646
0.0058913820000000006 -0.7001642119073106 0.11752355177134725 0.1441397788718095 0.6880268909244313
0.006052653000000001 -0.40901729312827956 0.577894461099216 0.5880852306294388 0.38142817394726675
0.006193141 -0.13439539829286853 -0.6804977967247134 -0.6683916791297435 0.15872167157361974
0.006345535 -0.5876861835203516 -0.39764041120305665 -0.3700989079352035 0.5972518496684373
0.006501304 -0.6964411456044133 0.13755017185236865 0.16380551129184956 0.6834888991458263
0.006642671 -0.3923708686241612 0.5886047098532629 0.5980285504643388 0.36440226248973845
0.006791040000000001 -0.15429215929569542 -0.6783511738695096 -0.665454886890992 0.17833571547049795
0.006950607 -0.5989191097578164 -0.38043851046663374 -0.35262618603180884 0.6076211829132012
0.0071113850000000004 -0.6921444531281556 0.15744256395548084 0.18331560694902665 0.6783878844486576
0.007252740000000001 -0.3754477182287618 0.5986887864329934 0.6073427616344975 0.34711291466201283
0.007396482 -0.17408450829298908 -0.6752020189991004 -0.6615304501223357 0.19780080037560924
0.007538896000000001 -0.6096442780139987 -0.3629363077954636 -0.33487694398170015 0.6174775432371262
0.007670357000000001 -0.6872786676800361 0.17718362840882557 0.20265334955202327 0.6727288439698454
0.007837687000000001 -0.3582689972490565 0.608105717826771 0.6159884737802559 0.3295799966804282
0.008014323 -0.19374787457300088 -0.6711777021407138 -0.656745688484574 0.21709905695367046
0.008162945000000001 -0.6198537489297694 -0.34514791023364333 -0.31686544917296366 0.6268134604741921
0.00831027 -0.6818488243567509 0.19675630671272024 0.22180208416341138 0.6665172588015368
0.008474474000000001 -0.3408575702000285 0.6168044547264713 0.623916503333739 0.3118248219055529
0.008634332 -0.21326060946193356 -0.6663631477172255 -0.6511856251066422 0.23621335600919025
0.008770539 -0.6295399673702933 -0.3270877730258444 -0.29860629714289044 0.6356218729636813
0.00893477 -0.6758604604918699 0.21614358450713897 0.2407452202072125 0.6597590925569511
0.00910297 -0.32323842895127153 0.6247196194912089 0.6310637332608993 0.2938705317874019
0.009277073 -0.23260289887148664 -0.6608180061911826 -0.6449101214262325 0.25512709589318866
0.00944785 -0.638695776095397 -0.3087706710777979 -0.28011438288238677 0.6438961376687423
0.009610214 -0.6693196160951872 0.23532849233885034 0.2594662323187856 0.652460789925584
0.009769603 -0.30543926670931487 0.6317651464022992 0.6373469218853722 0.27574263626213213
0.009921175 -0.2517561592576798 -0.6545862011296043 -0.6379633918690565 0.27382408658210433
0.01009428 -0.6473144280738822 -0.2902116732300347 -0.2614048749649421 0.651630039368063
0.010248041000000001 -0.6622328344876108 0.25429410383084206 0.27794865865102925 0.64462927529324
0.010411100000000001 -0.28749127513849393 0.6378245632823212 0.6426532451289855 0.25746979322629177
0.010554597 -0.27070268633106415 -0.6477015230423728 -0.6303795729528847 0.2922884852604424
0.010711724 -0.6553895976143326 -0.2714261187957573 -0.24249319195226965 0.6588177990150037
0.010874328 -0.6546071632463257 0.2730235307644043 0.2961760961610811 0.636271951515871
0.01104269 -0.26943026507995477 0.6427357860256868 0.6468255055315012 0.2390849545229639
0.011215826 -0.28942544349320837 -0.6401910531121171 -0.6221861288763171 0.3105047607980263
0.011369738 -0.6629153904524371 -0.2524295959358712 -0.2233949806503899 0.6654540813411568
0.011517237000000001 -0.6464501555956654 0.29149991446857404 0.3141321922891272 0.6273966989528738
0.011661505 -0.2512982620105149 0.6462667033218666 0.6496383977661815 0.22062708760502753
0.011833910000000001 -0.3079079311971281 -0.632077337243347 -0.6134060123698277 0.32845767514279933
0.0120081 -0.6698863529093892 -0.23323792153872777 -0.20412609588409794 0.6715340017676429
0.012167805 -0.6377698724045493 0.3097064127656483 0.33180063229883544 0.6180118748861334
0.012318448000000001 -0.23314580408302393 0.6480748483445652 0.6507593407157733 0.20214382557217447
0.012488810000000001 -0.32613410505587 -0.6233798105397471 -0.6040590795223975 0.3461322749692673
0.012638566 -0.6762974802158372 -0.2138671223459377 -0.18470258153128338 0.6770531326767452
0.012787986000000001 -0.6285748849828385 0.32762618153605944 0.3491651213684522 0.6081263134766649
0.012956619 -0.21503528277874173 0.6476387223004066 0.6496818657393219 0.18369565727890516
0.013114013 -0.3440883243170868 -0.6141157561012389 -0.5941630414434212 0.36351388972311
0.013281586000000001 -0.682144224080097 -0.1943334171238189 -0.16514065261652558 0.6820075090880324
0.013441452000000001 -0.618874278907876 0.3452423497288552 0.3662093602908569 0.5977493264426694
0.013612141000000001 -0.1970458157970082 0.6441370312348985 0.6456087179099596 0.16536274856683028
0.013774621 -0.36175531980206055 -0.6043009655098185 -0.5837341193992848 0.38058813374313105
0.013984332 -0.6874224995669117 -0.17465319972638185 -0.1454566783095553 0.6863936337765189
0.014146009000000001 -0.6086776591609541 0.36253798633903694 0.38291701334398265 0.5868907046828247
0.014298044000000001 -0.17928029077040328 0.6362294551549531 0.6372403108501733 0.14725638955439263
0.014453051000000001 -0.3791201746291723 -0.5939502029931147 -0.57278750490479 0.397340911021968
0.014593866 -0.6921286913432472 -0.15484302293314015 -0.12566716571136813 0.6902084818652735
0.014738074 -0.5979951569140384 0.379496057478058 0.3992716665085172 0.5755607211190786
0.014898843 -0.16187518623852895 0.6216476323889035 0.6223821920761587 0.12953876696140143
0.015076491000000001 -0.3961683135084707 -0.5830775372512724 -0.5613376884006145 0.413758421687273
0.015232200000000001 -0.696259659340033 -0.1349195829756117 -0.10578874434121117 0.6934495049209297
0.015373739 -0.5868374383830876 0.39609937114882 0.41525677370845915 0.5637701350972096
0.015527601 -0.14501298088822384 0.5964226440501758 0.59721153189922 0.11245780093815792
0.015677059 -0.4128854978803623 -0.571696582142953 -0.5493986974643399 0.4298271696016964
0.015846579 -0.6998127438728609 -0.11489970469184341 -0.08583815126295785 0.6961146345775922
0.016018749000000002 -0.5752157162604151 0.4123305066604675 0.4308555880919281 0.5515301987649586
0.016202093 -0.128934154219254 0.5534686055195306 0.5549670942695673 0.09640791422787028
0.016336692 -0.4292578250919982 -0.5598206733747774 -0.5369842715241101 0.44553397067801465
0.016483077000000002 -0.7027857702602459 -0.09480032726994604 -0.06583221681089707 0.6982022857124855
0.016629701 -0.5631417643603613 0.42817172472415393 0.44605107449910153 0.5388526659523784
0.016773820000000002 -0.1139416212811485 0.48034019259467525 0.4840736467125603 0.08202435740704853
0.016945331 -0.4452717303892311 -0.5474629994568343 -0.5241079912125248 0.4608659616324727
0.017112046000000002 -0.7051770529748307 -0.0746384905605337 -0.0457878508936894 0.6997113591952628
0.017259267000000002 -0.5506279362682713 0.44360485307963066 0.4608257981042494 0.5257498042144304
0.017392473000000002 -0.10040108920244649 0.35680998488009646 0.3677117294979214 0.07023449931890376
0.017549033000000002 -0.4609139908812888 -0.5346366994456117 -0.5107833747921441 0.4758106089823795
0.017692808 -0.7069853993607591 -0.05443132195497316 -0.02572202987207244 0.7006412442320659
0.017864902000000002 -0.5376871889826983 0.4586111409022364 0.4751617826608343 0.5122344108722733
0.018051845 -0.08686113973029472 0.093113795510624 0.15717707404262732 0.06059974789945216
0.018208385 -0.4761717308864074 -0.5213549362083836 -0.4970239503211153 0.4903557181493648
0.018361055 -0.7082101129491777 -0.03419602384219803 -0.0056517840215350905 0.7009918203251916
0.018512973000000002 -0.5243331127992545 0.4731710730725089 0.48904032966851857 0.4983198341211245
0.018659755 0.013300481712343264 -0.5319542368820036 -0.49456482513098604 0.708690417750071
0.018822792 -0.4910324282361346 -0.5076309513981423 -0.48284330969989464 0.5044894425673956
0.018996141 -0.7088509964034415 -0.013949861672159886 0.014405814393741523 0.7007634588694658
0.019171068000000003 -0.5105799690209074 0.4872641324291827 0.502441786897914 0.48402000057870004
0.019340124 -0.07641918366971695 -0.2692022251389129 -0.2535295566231413 0.06773948533595472
0.019496746000000002 -0.5054839212322467 -0.4934781065889422 -0.4682551490132007 0.5182002927207167
0.019643515 -0.7089083541259205 0.006289847330621331 0.034433662394266276 0.699957024407235
0.019804754 -0.49644273752025464 0.5008684940424591 0.5153452507334466 0.4693494510565178
0.019980788000000003 -0.07866313400083015 -0.4077721646550221 -0.39942966503381283 0.07896414821012991
0.020147154 -0.5195144160312754 -0.47890991381443176 -0.4532732983832249 0.5314771450552335
0.020294878000000002 -0.7083829945594848 0.02650574474391435 0.054414636848829454 0.6985738755651453
0.020434605 -0.4819371767606655 0.513960629857353 0.5277281812593362 0.45432338688599083
0.020576913000000002 -0.08672869182222241 -0.497532439566241 -0.48920884874095905 0.09286542707316806
0.020722581 -0.5331124942889739 -0.4639400579024975 -0.4379117437068038 0.5443092507199874
0.020902142000000002 -0.7072762322186121 0.04668044073828627 0.07433160425430861 0.6966158656977247
0.021065292000000003 -0.46707989965590935 0.5265147940561732 0.5395659012274601 0.43895772987771403
0.021227428000000003 -0.0985635447048986 -0.5535414311126623 -0.5444168265935229 0.10858578080973821
0.021376911000000002 -0.5462671209381985 -0.44858241239284263 -0.4221846420479288 0.5566862441049008
0.021526103 -0.7055898894877658 0.06679652298537576 0.09416742963901521 0.6940853432651714
0.021703738 -0.4518884696821526 0.5385023481107408 0.5508309389748469 0.42326920001672746
0.02187725 -0.11279506792789502 -0.5886753307735121 -0.5786449020919073 0.12543086938450915
0.022038845 -0.558967652003569 -0.4328510503865977 -0.4061063320228632 0.5685981511480519
0.022195476000000002 -0.7033262982282772 0.08683656456632542 0.11390498447573405 0.6909851519757761
0.022344431 -0.4363815230511912 0.5498908681281062 0.5614921594379013 0.407275416416765
0.02251736 -0.128549362021772 -0.6109592789218125 -0.6000378156873263 0.14296464758020472
0.022662632000000002 -0.57120384237833 -0.41676025135760114 -0.38969134019827273 0.5800353973909962
0.022795724 -0.7004883012394656 0.10678313073763776 0.1335271534661232 0.6873186307271685
0.022969917000000003 -0.42057892464902047 0.560642953267894 0.5715136042419886 0.39099502904742045
0.023118759000000003 -0.14528073052023902 -0.6250670890530291 -0.6132873241564563 0.1609146969550652
0.023287702 -0.5829658535052388 -0.4003245047192245 -0.3729543842890661 0.5909888157647564
0.023452348 -0.6970792536253656 0.12661878438218252 0.1530168400293845 0.6830896133851418
0.023595925 -0.4045019680376741 0.570714618887419 0.5808529277058716 0.3744478915718583
0.023742033000000003 -0.16264190825099864 -0.6337312437606475 -0.6211244120712944 0.17910467262687937
0.023926529000000002 -0.5942442609157847 -0.3835585107651342 -0.3559103737686309 0.6014496540921983
0.024072153000000002 -0.6931030241252694 0.14632608993793683 0.1723569702939081 0.6783024284443847
0.024241205000000002 -0.3881736333924251 0.580053105611837 0.5894592646361944 0.35765528968655513
0.024389498000000003 -0.18040410233167858 -0.6385930467764407 -0.6251861162610025 0.1974149838871716
0.024540758000000003 -0.6050300615914995 -0.36647717947045355 -0.33857440837341424 0.6114095822951054
0.024678138000000002 -0.6885639964746659 0.16588761555479115 0.19153049534948663 0.6729618986221408
0.024841357 -0.3716189222016362 0.5885938560942011 0.5972702886690248 0.34064024524970604
0.024998217000000003 -0.1984104290729441 -0.6406721787336064 -0.6264884743888619 0.21576050494047092
0.025152347000000002 -0.6153146811185625 -0.3490956275399949 -0.320961774884849 0.6208606992962648
0.025311473 -0.683467070873185 0.18528593317853564 0.21052039146786733 0.6670733404439623
0.025466062 -0.3548652944596734 0.5962562892462464 0.6042081015857931 0.3234279251723706
0.025610839000000003 -0.21654884357550028 -0.6406242371297405 -0.6256845093118274 0.23407774509223378
0.02575681 -0.6250899806127416 -0.33142917401410293 -0.30308794249619303 0.6297955396086113
0.025939543000000002 -0.6778176656483942 0.2045036161986291 0.22930965793859154 0.6606425638904739
0.026114605000000003 -0.3379432437253924 0.602937811680197 0.610173409886212 0.306046197026315
0.026272861 -0.23473610467396874 -0.6388847685626733 -0.6232080890267973 0.2523172567838343
0.026434337000000002 -0.6343482633963532 -0.3134933346842527 -0.28496855701395396 0.6382070796049817
0.026564745 -0.671621719218919 0.22352323421951 0.2478813120923265 0.6536758721859824
0.026715333 -0.3208870588742047 0.6085052057740015 0.6150371543121463 0.28852639298745963
0.026897746 -0.2529080284368384 -0.6357521354578216 -0.6193565508725374 0.2704390042794354
0.027078968000000002 -0.6430822814128212 -0.29530381552560464 -0.2666194340990218 0.6460887434632913
0.027234919000000003 -0.6648856924781713 0.2423273444202689 0.2662183809915272 0.6461800618241128
0.027380643000000003 -0.3037358400171306 0.6127820526237917 0.6186282933822324 0.2709043739401434
0.027510992 -0.2710133996048531 -0.6314366651467856 -0.6143396527917149 0.28840945345575975
0.027665715 -0.651285241367554 -0.2768765053189167 -0.24805655171813257 0.6534344087831765
0.027822051 -0.6576165717414911 0.2608984788494967 0.2843038891534648 0.6381624229432006
0.027999605 -0.2865348614438782 0.6155300679556381 0.6207156906406421 0.25322203256797565
0.028165612000000003 -0.2890100655697373 -0.6260906813720664 -0.6083094620996445 0.3061996921074274
0.028308157 -0.6589508105866475 -0.2582274676073539 -0.22929604194963255 0.6602384118712332
0.028444601000000003 -0.6498218724256075 0.279219126854655 0.3021208415271856 0.6296307401856092
0.028587088 -0.2693374077156245 0.6164209528766215 0.6209808311810797 0.23552944818549837
0.028727548000000002 -0.3068623674343825 -0.619827375521966 -0.6013791276725893 0.32378418521242125
0.028898661000000003 -0.6660731225872822 -0.23937293211294053 -0.21035418226688482 0.6664955526930689
0.029081631 -0.6415096436612482 0.297271711660105 0.3196522007657608 0.6205932942014002
0.029246766 -0.2522072492123671 0.6149932692382425 0.6189760985405535 0.2178880231072237
0.029408052 -0.3245394115189056 -0.612732975749048 -0.5936349810311251 0.3411399320823469
0.029553313 -0.6726467823558854 -0.22032928572149663 -0.19124738640685462 0.6722010994914265
0.029700007 -0.6326884740786828 0.31503855987397844 0.3368808576075482 0.6110588639892217
0.029855498 -0.23522196296839015 0.6105854563354451 0.6140601417551645 0.20037511523135568
0.030011006000000003 -0.34201388210666733 -0.6048747823694548 -0.585144524906789 0.3582458842559091
0.030176635 -0.6786668713320972 -0.20111306313282118 -0.17199219491939174 0.6773507930707229
0.030334225000000003 -0.6233674990538273 0.3325018624069913 0.3537895928910999 0.6010367303074291
0.030481386000000003 -0.21847731895877628 0.6022308077008541 0.6052969628621285 0.18309096758204868
0.030621836000000003 -0.35926121068777706 -0.5963065896215378 -0.5759618225079597 0.3750825364405848
0.030784713000000002 -0.684128952098546 -0.18174093726399057 -0.15260526548386716 0.681940850749413
0.030954541000000002 -0.6135564097616064 0.349643624906908 0.37036102935917575 0.5905366804384247
0.03112213 -0.20209287873849194 0.5884927759086921 0.591298794975561 0.1661691507781502
0.031274397 -0.37625898494768867 -0.58707241658765 -0.566131205655725 0.39163163469888373
0.031427898 -0.689029072778248 -0.16222970948735377 -0.13310336307351223 0.685967969982775
0.031573757 -0.603265464456327 0.3664456053250233 0.38657757093307676 0.5795690146517711
0.031715318 -0.18621866369203915 0.5672115232161655 0.5699875884147656 0.14979222938531614
0.031892311 -0.3929865220927954 -0.5772091209403987 -0.5556898723571551 0.40787596557800515
0.032054867 -0.6933637711434163 -0.1425962997807748 -0.11350335004374949 0.6894293316598887
0.032215607 -0.592505502489788 0.3828892356013199 0.40242132652571166 0.5681445547903373
0.032387286 -0.1710420715108672 0.5351365131333484 0.5382600212175026 0.13421452350893567
0.032526643 -0.4094245568127594 -0.566748260069242 -0.5446697363054855 0.42379920208363436
0.032681417000000004 -0.6971300784413367 -0.12285773686562103 -0.09382217621866852 0.69232260307993
0.032840965 -0.5812879616915076 0.3989555236360717 0.41787401466495433 0.5562746555033717
0.033017888 -0.1567932996341398 0.4874716472807636 0.4916140178828679 0.11979180567652258
0.033173541 -0.42555501050238076 -0.555717436029981 -0.5330987633619091 0.4393857901971372
0.03333398 -0.7003255229450739 -0.1030311484077591 -0.07407686904946942 0.6946459406143017
0.033483428 -0.5696248998782764 0.41462493064401684 0.4329168441560064 0.5439712187772364
0.033630006000000004 -0.14374813583922008 0.41751348611648703 0.424044404891229 0.10700590164219864
0.033771858 -0.44136081893501705 -0.5441412805887168 -0.5210019503505765 0.4546208647182823
0.033946741 -0.7029481332388986 -0.08313375135830939 -0.05428452392004159 0.696397992062724
0.034106865 -0.5575290214405038 0.429877217575113 0.4475303646374248 0.531246712577051
0.034267338 -0.13222583926631723 0.31627494259193306 0.3288543562145444 0.09641056380933152
0.034425679 -0.4568258025487486 -0.5320421854639672 -0.5084020506277412 0.46949018658971303
0.034577372 -0.7049964412507629 -0.06318284251412938 -0.034462294677899796 0.697577898713115
0.034726316 -0.5450137101815863 0.4446912524120977 0.46169427906231203 0.5181141946220756
0.034900279 -0.12196561231351576 0.15163708589014135 0.18920116759483624 0.08781202502261529
0.035064421000000005 -0.4719345681807849 -0.5194408496102473 -0.49532011782432606 0.4839800961370663
0.035227309000000005 -0.7064694850467094 -0.04319578938297706 -0.014627384473465026 0.6981852971170808
0.035375128 -0.5320930698783404 0.4590447676502882 0.4753872076992792 0.5045873425897912
0.035528497 -0.035419537279076624 0.5295336807445972 0.559959352522562 0.7070454603851551
0.03567853 -0.4866724342704114 -0.5063566933948984 -0.48177591730377806 0.4980774782205499
0.035839259000000005 -0.7073668114050541 -0.023190021445204843 0.005202963002680082 0.6982203205949897
0.036006296 -0.5187819744047938 0.47291405389111724 0.4885863899657858 0.49068049239942746
0.03618345 -0.11553545786772625 -0.07669950017618894 -0.01195739437550312 0.08537427466349974
0.036328522 -0.5010253737530346 -0.4928081747469832 -0.467788240195539 0.5117697363806015
0.036478764000000004 -0.7076884781913927 -0.0031830219128300514 0.025011471786241118 0.6976836004871279
0.03664042 -0.5050961297440582 0.48627357089968354 0.5012673059508576 0.4764086866945171
0.036791225000000004 -0.11016101324829145 -0.2701657334681216 -0.25857956580908226 0.0951195533923899
0.036959918 -0.5149799704117356 -0.47881303228567573 -0.45337514485596747 0.5250447738266661
0.03712987 -0.7074350565592176 0.01680767990177709 0.04478084130002528 0.6965762671702493
0.037292625 -0.49105215083849146 0.4990954512045634 0.5134031933854736 0.4617877362663111
0.037446323000000004 -0.11323364829367867 -0.37416303637898746 -0.3655376885273232 0.10536148601503145
0.037594583 -0.5285233855489951 -0.4643884734739835 -0.4385541436907474 0.5378909796656757
0.03774901 -0.7066076330051116 0.03676451548118928 0.06449375328605965 0.6948999508620896
0.037915765000000004 -0.47666765704320785 0.51134886265669 0.524964427399281 0.4468342979928236
0.038086025 -0.1202988050029933 -0.4509489829573667 -0.4420603508896754 0.11784636236643849
0.038232765 -0.5416433326291431 -0.44955132096945094 -0.42334234842929014 0.55029721916245
0.038387719 -0.7052078113123118 0.05666988311838528 0.08413287786906648 0.6926567822401706
0.038540181 -0.46196139101530825 0.5229991842962902 0.5359177186754863 0.4315659739922174
0.038691764000000003 -0.130364596745435 -0.505467962719026 -0.4957726845778689 0.13203127571521556
0.038863203000000006 -0.5543280581146892 -0.43431812688928795 -0.4077565835092452 0.5622528271134839
0.039041192 -0.7032377144219981 0.07650615288726222 0.10368087859068015 0.6898493929055682
0.039202092 -0.44695336727549445 0.5340069329076658 0.5462250691334649 0.41600143821938945
0.039350485000000004 -0.14263356411964423 -0.5436389018296939 -0.5330481930600758 0.14741345673236397
0.039515488 -0.5665663271403729 -0.4187052622317742 -0.3918134747691356 0.5737476036291205
0.039660581 -0.7006999862781026 0.09625567037710535 0.12312041622857485 0.6864809157273764
0.039829627 -0.4316650585342799 0.544326353555243 0.5558424008863829 0.4001605988362537
0.040004513000000005 -0.15649053913062305 -0.570211236778289 -0.5587361155718898 0.1636198225344546
0.040179123000000004 -0.5783474129808367 -0.4027289869026046 -0.37552951886523367 0.58477181177846
0.040335879000000005 -0.6975977936989418 0.1159007589682758 0.14243415118393993 0.6825549851095298
0.040489265 -0.41611963033473437 0.5539035528782512 0.564717740737422 0.3840648075995934
0.040627125 -0.1714822186401729 -0.5885561392997302 -0.5762280711795087 0.1803841392484579
0.040772806 -0.589661089501613 -0.3864055044830973 -0.35892113752512284 0.5953161766712526
0.040950864000000003 -0.6939348283377613 0.13542372038780484 0.1616047441832663 0.6780757372286136
0.041116061 -0.40034223783065875 0.5626740039858407 0.5727887940791228 0.3677371315866887
0.041274623 -0.18727966473564978 -0.6009702596114882 -0.5878215922796691 0.19751602075960137
0.04142796 -0.6004976259597814 -0.3697510049084825 -0.3420047197877137 0.6053718856421741
0.04157269 -0.689715308804574 0.1548068332364845 0.180614854994645 0.673047810299524
0.041719729000000004 -0.3843604028574628 0.5705591788748027 0.5799796714644145 0.3512027083360762
0.04189918 -0.2036432722190084 -0.6090061781495515 -0.5950658823080787 0.214876835591352
0.042079281 -0.6108477836553494 -0.3527816975030093 -0.3247966546623494 0.6149305892726742
0.042244891 -0.6849439830338656 0.17403234912143015 0.1994471388027812 0.6674763449356038
0.042410552000000004 -0.368204495194923 0.5774619568705555 0.586196427272785 0.33448921368620715
0.042563209000000005 -0.2203959989039747 -0.6137213297518113 -0.5990148006885746 0.23236308617836057
0.042698230000000004 -0.6207028140379045 -0.3355138362767004 -0.3073133561010066 0.6239844030395529
0.042883684000000005 -0.6796261309971402 0.19308248595739527 0.2180842398182073 0.6613669846815263
0.043059449 -0.35190834945648386 0.5832602981174609 0.5913209160316067 0.3176274833903587
0.043230912 -0.23740443523831564 -0.6158464298767479 -0.6003962302800122 0.24989534158454646
0.043380943000000005 -0.6300544579533339 -0.3179637389785157 -0.2895712817699494 0.6325259094214339
0.043525374000000006 -0.6737675678764313 0.21193941791311402 0.23650878161159442 0.6547258768111247
0.043680133 -0.3355100587639019 0.5877984330080149 0.595202242808574 0.3006523466694895
0.043842178 -0.25456580156145 -0.6158953904032018 -0.5997220629550041 0.26741090963544983
0.044019796 -0.6388949457780165 -0.3001478010881599 -0.27158694679646883 0.6405481603273088
0.044192737 -0.6673746478353633 0.23058526137147176 0.25470335355955487 0.6475596734991362
0.044374355000000004 -0.31905299852355473 0.5908744619232115 0.5976447423327629 0.2836037547406698
0.044522572 -0.2717990781307253 -0.6142365029407161 -0.5973592396256172 0.284858950901178
0.044681194 -0.6472169982371996 -0.28208250568901044 -0.2533769334279552 0.6480446797374743
0.044854002000000004 -0.6604542685488922 0.24900205613906873 0.2726504926587674 0.639875533496066
0.045025132 -0.30258714792631963 0.5922227275356172 0.598390914271222 0.2665283236474152
0.045188574 -0.28903893003348535 -0.6111387846521585 -0.5935759309930687 0.3021971796129296
0.045339895000000005 -0.6550138277433876 -0.2637844299796937 -0.23495789735659864 0.6550094664680346
0.045485564000000006 -0.653013876682375 0.2671717409748399 0.29033265980392325 0.6316811244599503
0.045619081000000006 -0.2861707915825116 0.591488538019829 0.597097001510718 0.249481463412306
0.045783135 -0.3062315070359604 -0.606802501759206 -0.5885719230937244 0.319389602860028
0.045972095000000004 -0.6622791401218246 -0.24527024903837844 -0.21634657132031504 0.66143699698698
0.046159468 -0.6450614745462966 0.2850761223000064 0.3077322094232689 0.6229846261287375
0.046328474 -0.2698726941735485 0.5881917011267347 0.593297858266724 0.23253034079336382
0.046466943000000004 -0.32333150489070567 -0.6013795619191123 -0.5824989050413295 0.33640494732064674
0.04661523 -0.6690071366154073 -0.22655673734218768 -0.19755976647939527 0.6673222282234973
0.046793737 -0.636605628196256 0.3026968346911167 0.32483135111215816 0.6137947345536974
0.046975222000000004 -0.2537748358540232 0.5816738453779247 0.5863564197254817 0.21575802614244263
0.047148772000000005 -0.3403000825710185 -0.5949873489355423 -0.5754742272980615 0.3532155478498934
0.04731283 -0.6751925160818432 -0.20766076845690393 -0.1786143719815382 0.6726606003234569
0.047469041000000003 -0.6276554773004953 0.3200152914292052 0.34161210158526617 0.6041206676594069
0.047610673000000006 -0.23797575208202362 0.5710228665826318 0.5753917462470277 0.19926930323504202
0.047758046000000005 -0.3571033668293311 -0.5877182549754238 -0.5675903788264364 0.3697965510612449
0.047937067 -0.6808304773128088 -0.18859931324397464 -0.1595273530600484 0.6774480393133162
0.048129092000000005 -0.6182207471617375 0.33701262296121137 0.3580562248626219 0.5939721724516833
0.048292408 -0.2225943974011344 0.554967025720423 0.5591794563004807 0.18319874006285755
0.048458783000000005 -0.3737113648260596 -0.579646348227715 -0.5589216152002584 0.386125337013133
0.048608877 -0.6859167214188454 -0.16938943687858635 -0.14031574795692545 0.6816809596426174
0.048754006 -0.6083117633591731 0.3536696005983359 0.37414515808767707 0.5833595342642489
0.048942557000000005 -0.20777419509066095 0.531734251558793 0.5360229737726201 0.16772159374996795
0.049124433 -0.3900971639535504 -0.5708321047105749 -0.5495286619325598 0.40218109414686326
0.049280153 -0.6904474542355892 -0.15004829493117156 -0.1209966639212729 0.6853562665819614
0.049444468000000005 -0.5979394695740361 0.3699665420949524 0.38985991971319706 0.572293588521582
0.049608305000000005 -0.19368653983129105 0.4988863649774361 0.503612583563803 0.15306752155929518
0.049773119000000005 -0.406236336380002 -0.5613258124790232 -0.5394620980561086 0.41794450342399225
0.049958299000000005 -0.6944193887170317 -0.13059312873288356 -0.10158727250165507 0.6884713584592465
0.050125417000000005 -0.5871154492829767 0.3858831948739539 0.4051809959370463 0.5607857356043339
0.050299566000000004 -0.18053274881058554 0.45317448618288547 0.4589403881965245 0.13953456730694078
0.050458515 -0.4221064913413706 -0.5511700523382981 -0.528764821783984 0.43339750130801324
0.050610805 -0.6978297472903048 -0.11104126022148533 -0.08210480432691607 0.6910241287221776
0.050775282000000005 -0.5758519521536282 0.40139859152667656 0.4200882001634773 0.5488479595412286
0.050953737000000006 -0.16854397434922408 0.39049908102859787 0.3984362432555963 0.12749204832941255
0.051138732000000006 -0.4376869353357222 -0.5404015273670913 -0.5174738689537025 0.44852310038139814
0.051313548 -0.7006762641542994 -0.09141008644652157 -0.06256654355231694 0.6930129678198096
0.051463486 -0.5641619261643028 0.41649087073200247 0.4345604988228514 0.5364928514260546
0.051632483 -0.15797399800221673 0.30565890373958704 0.31842246425182524 0.11732451409085515
0.051797302 -0.4529584120113354 -0.5290524272862313 -0.5056217691665205 0.46330525258190663
0.051982234 -0.7029571875115027 -0.07171707390058982 -0.04298982213564754 0.6944367649003269
0.052152176 -0.5520590567048886 0.43113705479264297 0.4485757949900686 0.5237336386816054
0.052320507 -0.1488259940100463 0.18340544106219836 0.21094689056936808 0.10899523719142745
0.052480154 -0.4679029015413626 -0.517151456466202 -0.49323756762374105 0.4777287442920637
0.052632899000000004 -0.7046712817290657 -0.05197975283634001 -0.02339201410059333 0.6952949093264931
0.052785582000000004 -0.5395578142121634 0.44531277241613504 0.4621106587431204 0.5105842215793205
0.052946847000000005 0.06908580563116695 -0.9973239676792127 -0.9291798324418171 0.7410263524738959
0.053134193 -0.4825034648448077 -0.5047246158742682 -0.4803476024005118 0.4917791154703669
0.053298990000000004 -0.7058178294313646 -0.03221571172607267 -0.0037905299416180213 0.6955872920144033
0.053477345 -0.5266735122670665 0.4589919119512104 0.47513998988230544 0.497059218794596
0.053646302 0.0013979963287394698 -0.6993353845377313 -0.6492775149354261 0.7048150328497229
0.053815076 -0.4967441219315454 -0.4917958030415565 -0.4669761008384331 0.5054425970923485
0.053987378 -0.7063966335325647 -0.012442592022245364 0.01579718867425608 0.6953143066053658
0.05415198500000001 -0.5134223785568233 0.472146185717428 0.48763659418755856 0.4831740242608514
0.054314743000000006 -0.1366406224435028 -0.17629214219338538 -0.15365134208381961 0.10876048593467777
0.054485413 -0.5106097564371722 -0.4783872760469616 -0.45314564076767705 0.5187060626507223
0.054641775000000004 -0.7064080192238906 0.007321916617224164 0.03535367374820319 0.6944768504851329
0.054798947 -0.4998216417101868 0.4847445799034689 0.49957064840572546 0.46894487821879666
0.054981307 -0.13630294093026127 -0.2811044525844761 -0.2710445593468633 0.11697131791201612
0.055174895 -0.524086040418948 -0.46452001489484424 -0.43887750972893436 0.5315569905303428
0.055337908000000005 -0.7058528359367774 0.027060080465124082 0.05486143516295201 0.6930763256693352
0.055489781 -0.48588963778815575 0.4967526561460624 0.5109090210397443 0.45438895619285846
0.055650716 -0.14019555693303645 -0.3652484970484966 -0.35624960803748296 0.12695474467378814
0.055826484 -0.5371593749412503 -0.4502140047565037 -0.42419198651484125 0.5439834348500198
0.056000397 -0.7047324593099316 0.04675412503444605 0.0743029640849849 0.6911146395789989
0.05616846700000001 -0.47164594120455244 0.5081316594696743 0.5216144049187393 0.43952448073697464
0.056339903000000004 -0.14715904374675284 -0.4307213678651417 -0.4212238302391798 0.13885268770322
0.056515304 -0.5498168430482281 -0.435488459191332 -0.40910856303666165 0.5559740029339114
0.056677347 -0.7030487931957182 0.0663862373536275 0.0936607353530639 0.6885942057355808
0.056869457000000005 -0.4571115261249828 0.5188373715300247 0.5316442022676771 0.4243708622774524
0.057037109 -0.1565766515628955 -0.480039224070002 -0.4697188612244451 0.15225861971554402
0.057211044 -0.5620461725132638 -0.4203619968842969 -0.3936461199716531 0.5675178379987729
0.057350120000000004 -0.7008042717494433 0.08593856697476507 0.11291720862621367 0.685517944411175
0.057508036000000005 -0.44230896603008624 0.5288186262895402 0.5409490818587638 0.4089488773822263
0.057670391 -0.16791373925184347 -0.5165652157568081 -0.5053665656379269 0.16679105549830786
0.05783908200000001 -0.5738357063465771 -0.40485278210423165 -0.3778230663352115 0.5786046059605799
0.058023332000000004 -0.6980018616542586 0.10539322545016919 0.1320548280334393 0.6818892832766055
0.058187967 -0.42726268123132277 0.5380153748116345 0.5494710983635582 0.39328089550157735
0.058356519 -0.18072269682779857 -0.5433183746756268 -0.531254915316248 0.18214515178627885
0.058520999000000004 -0.5851743794882394 -0.38897863664031446 -0.36165745069007044 0.5892244855037123
0.058691035 -0.6946450645447131 0.12473228397286444 0.15105602002889865 0.6777121580982512
0.058868584 -0.4119992468168963 0.5463561431247054 0.5571412227176946 0.3773911689345766
0.059048179000000006 -0.194645105862709 -0.5626747686323692 -0.5497762269433052 0.19808723689504465
0.059230409000000005 -0.5960517004526709 -0.37275712916148684 -0.34516704990331104 0.5993681607383995
0.05938954900000001 -0.6907379197038915 0.143937768827399 0.16990318910846647 0.6729910135438455
0.059566585000000005 -0.3965477769202836 0.5537546668066781 0.5638760741289172 0.36130620587230766
0.059721654000000006 -0.20940063188874897 -0.5764046841779479 -0.5627020723621285 0.21443963343415282
0.059897818000000005 -0.606457736950043 -0.3562056465896468 -0.3283694400162652 0.6090268159123307
0.060070069000000004 -0.6862850071227565 0.1629916542365617 0.1885787109846303 0.6677308041685238
0.060235697000000005 -0.3809404054813436 0.5601054005633368 0.5695735621746748 0.3450552534085756
0.060400655000000004 -0.2247715925991428 -0.5857988617865949 -0.571320610799587 0.23106632614621303
0.060562743 -0.6163831047101667 -0.3393414510584605 -0.3112820527794854 0.6181921317506947
0.060707356000000004 -0.6812914510263531 0.18187585211475427 0.20706492274395216 0.6619369956653399
0.060896585 -0.3652128889029781 0.5652774800793099 0.5741070313401708 0.3286709271664644
0.061090636000000004 -0.24058842327798 -0.5917938004209753 -0.576565281582275 0.24786170359039486
0.061266204000000005 -0.6258189588898521 -0.3221817252568857 -0.293922220636759 0.6268562830834762
0.061445002000000006 -0.6757629239902646 0.20057219814649874 0.2253441094216887 0.6556155664798834
0.06161838 -0.34940536214690604 0.5691065424962509 0.5773173370924523 0.3121900377283365
0.061771857000000006 -0.2567177910917271 -0.5950717339697844 -0.5791157357162612 0.2647422761476989
0.061968955000000006 -0.6347569875664133 -0.30474360836661146 -0.2763072123556386 0.6350119374851321
0.062153636000000005 -0.6697056517929219 0.21906243349472151 0.243398486317524 0.6487730099069396
0.062331791000000004 -0.3335632864747023 0.5713835728061004 0.5790020558049865 0.2956546827830954
0.062498183000000006 -0.2730534754936189 -0.5961341273757595 -0.5794715035147737 0.28164073598535383
0.062672644 -0.6431894069158449 -0.28704422434929155 -0.25845426105119246 0.6426522547042224
0.062846236 -0.6631264191756844 0.23732818130262046 0.26121017623949144 0.6414163368091392
0.06301896 -0.3177386331151221 0.5718396162506488 0.5789007238702213 0.2791136995404211
0.063187907 -0.28950957504312613 -0.5953538817749896 -0.5780041346435977 0.29850172799010977
0.06337408500000001 -0.6511089577501847 -0.26910070398903885 -0.2403805860011782 0.6497708867023533
0.06354148600000001 -0.6560325767139732 0.25535091697821494 0.2787611806933228 0.6335530791240644
0.06370031500000001 -0.3019913500822802 0.570124768229943 0.5766746071265005 0.26262460625631645
0.063869707 -0.30601550886586293 -0.5930119465908325 -0.5749936921281125 0.31527883399779594
0.06405590600000001 -0.6585089031493306 -0.2509302018233446 -0.22210340937997508 0.6563619781552762
0.064241105 -0.6484320490404203 0.27311193103325104 0.2960333438230948 0.625191294358352
0.064401336 -0.2863911539870869 0.5657793413871735 0.571879050733834 0.24625620543000776
0.06456753400000001 -0.32251234902107545 -0.5893229522363005 -0.5706542724528788 0.33193240875303065
0.064734374 -0.6653830269714195 -0.23254990888292495 -0.20363996882703317 0.6624201672960678
0.064916502 -0.6403333447061703 0.29059228297643436 0.3130083076448854 0.6163395713064659
0.065094126 -0.2710196653185571 0.558194626738529 0.5639260901223296 0.23009207126231157
0.06527279200000001 -0.3389501227337026 -0.584453232321846 -0.5651519357255654 0.34842801365274817
0.065438232 -0.6717256330654346 -0.2139770619943073 -0.18500752659969386 0.6679405870023735
0.065606565 -0.6317455680212667 0.3077727444202024 0.32966745678386 0.6070070372795439
0.065760438 -0.2559728483095253 0.5465605632545105 0.5520351262692293 0.21423518583122267
0.065963187 -0.35528581716313995 -0.5785335902304067 -0.558617401412074 0.36473527216312923
0.066144282 -0.6775315450420121 -0.19522895026787027 -0.16622337592973144 0.6729188660478516
0.066322438 -0.6226784332812845 0.3246337291308659 0.34599185050774806 0.5972033671885127
0.066503404 -0.24136360358768877 0.5297987963906697 0.5351711204984122 0.19881397754086824
0.066674042 -0.37148189329193665 -0.571668426318644 -0.5511551224441201 0.38082702502988386
0.06685287200000001 -0.6827961064850319 -0.17632291929083224 -0.14730484510015301 0.6773511304529822
0.067029746 -0.6131422818682 0.34115520720858683 0.3619621393214077 0.586938794898157
0.067211912 -0.2273241788248574 0.5064839472430216 0.5119752679462862 0.18398983080849457
0.067368259 -0.38750517030198245 -0.5639423289089253 -0.542849836859963 0.3966787006236499
0.067532192 -0.6875151815086876 -0.15727637346341483 -0.12826929967779918 0.6812340048830453
0.067710175 -0.6031481028121687 0.3573165998926831 0.37755846271545945 0.5762241273588175
0.067909652 -0.21400784708471118 0.47476653839001676 0.48070688639411824 0.1699654636425615
0.068085029 -0.40332598125337454 -0.5554248830331497 -0.5337713474763969 0.4122678412140394
0.068259631 -0.6916851555832969 -0.13810677685259326 -0.10913414327364948 0.6845646140518108
0.068441785 -0.5927075575219436 0.37309665060476044 0.392760323803655 0.5650707621346247
0.06860153100000001 -0.20158923164247974 0.4323286257662427 0.439242779998789 0.15699157076906226
0.068781308 -0.4189175289221241 -0.5461742149271624 -0.5239780448797208 0.4275737434103997
0.06897101700000001 -0.6953029365689093 -0.1188316528881386 -0.08991681715308238 0.6873405840987447
0.069154674 -0.5818330095407631 0.3884732667080677 0.4075464354813642 0.5534907090877705
0.06934053600000001 -0.1902628537811878 0.3763979196677997 0.3852125197179079 0.14536317666734602
0.069523209 -0.43425539050336476 -0.5362396308199306 -0.5135195302490024 0.4425771830328402
0.069695245 -0.6983659559094362 -0.09946858318741798 -0.07063479898010229 0.6895600439156293
0.069875583 -0.5705375603686076 0.40342332499706945 0.42189453131452415 0.5414966171555126
0.070065732 -0.18023507266229316 0.30355020668294397 0.3162336660624737 0.1353752255345636
0.070238991 -0.44931713395167955 -0.5256636003538137 -0.5024385868579104 0.4572602030311543
0.070427749 -0.7008721699519332 -0.08003520576673014 -0.05130560095075465 0.6912216264058036
0.070596042 -0.558835092619973 0.41792243203024343 0.43578113252142275 0.5291018073809489
0.070770287 -0.17158371077103152 0.2053573137360819 0.22787224728572644 0.1270716052821435
0.070954641 -0.46408201873507837 -0.5144832610543462 -0.4907726755904875 0.4716059489237711
0.071124221 -0.7028200613664205 -0.06054921287636498 -0.03194676755020231 0.6923244696658319
0.07129673 -0.5467403220701192 0.43194462793765187 0.4491812599994309 0.5163203136442172
