0 -0.7067529998956005 0.00035399999994770805 0.0003529999999478558 0.7074602089259648
0.000467482 -0.7067525444668269 0.0003614181409699083 0.0003509843893441557 0.7074606611512416
0.0006543320000000001 -0.7067520124768418 0.00037961078453220375 0.0003337207357720299 0.7074611914345952
0.0008119140000000001 -0.7067393350516346 0.0003929687300924665 0.00032203115561740944 0.7074738540485335
0.0009188270000000001 -0.7067818784138458 0.00044538039404349433 0.00024596317637103125 0.7074313517820767
0.001010927 -0.7068403268900267 0.0004836018822673406 0.00016570733937132522 0.7073729503962514
0.001107436 -0.7068760311011071 0.0005028308684166599 7.837848246198489e-05 0.707337272927617
0.0011888340000000002 -0.7069329446223941 0.0006455178607564604 -0.00011087422335801199 0.7072802717601484
0.00127618 -0.7070153342048999 0.0007160530851686646 -0.00027089712917446396 0.7071978019492555
0.001353952 -0.7070789911434765 0.0008001649259647743 -0.0003072181136164336 0.7071340506839177
0.0014276 -0.7071741432670924 0.0008482045547097903 -0.0004344608802591158 0.7070387704272171
0.001475442 -0.7072581342831532 0.0008908254036038731 -0.000566235090338026 0.7069546076646195
0.001538405 -0.7074181465766505 0.0009173206475224766 -0.0006609809986020625 0.7067943742850574
0.0016073160000000001 -0.7074871880873597 0.0011140777266036741 -0.0008856584416230078 0.706724736465468
0.0016695380000000001 -0.7075528117319547 0.0012153802127341947 -0.0011103045103855206 0.7066585516959644
0.001734436 -0.7076739034724566 0.00142590628651578 -0.0012835202115172193 0.7065365989891713
0.001785209 -0.707804705872281 0.0014999656838278147 -0.001324916033145995 0.7064053319769795
0.0018551560000000002 -0.7078774037307581 0.0015263715948864308 -0.0012633124036015614 0.7063325389070837
0.0019133770000000002 -0.7080198582985568 0.0015262366053946526 -0.001273458553047195 0.70618972603687
0.0019675450000000002 -0.7080166403575588 0.0017235705345310449 -0.0013826427503248575 0.7061922929205847
0.002027292 -0.7080950746584936 0.0017329064457403765 -0.0014147031975270854 0.7061135609053941
0.00208733 -0.7081519846417567 0.0017853384578642123 -0.0014825260714131923 0.7060562168347362
0.002134309 -0.7082214646238955 0.0020714677957986752 -0.0016673753589126863 0.705985329823905
0.002186041 -0.7082812076535093 0.002237060862081715 -0.0016955443838757645 0.705924820057227
0.0022359890000000003 -0.7083194184115791 0.0023477423340505237 -0.0018834125656436605 0.7058856439708369
0.002285896 -0.7084163351398821 0.0023788520364804487 -0.002068907573729401 0.7057877561926237
0.0023331370000000003 -0.7084684201620001 0.0026021633653877667 -0.002320627369732124 0.7057339024502016
0.002377506 -0.7085333197584971 0.0026241250825932553 -0.002520938026967556 0.7056679769062917
0.002414803 -0.7086511359362939 0.002620049069108279 -0.0024455455041078587 0.7055499430843031
0.002462119 -0.7087032335514445 0.002652212025124494 -0.0024291911224617454 0.7054975489366291
0.0025128050000000003 -0.7087790301562797 0.0026856470303425564 -0.002488647872822491 0.705421065990035
0.00256866 -0.7087493609156953 0.00282570958602696 -0.002518356354512337 0.7054502226579852
0.0026185690000000003 -0.7087533582678903 0.002831348924100694 -0.0024606842168201355 0.7054463875025818
0.002667276 -0.7087226867748924 0.0028243894466719833 -0.002729540564222226 0.705476240339205
0.002720053 -0.7087067593847749 0.002914902883060488 -0.002955563160489838 0.7054909618059736
0.002762179 -0.7087624419795302 0.002853663658405726 -0.0032161640755142117 0.7054341313911436
0.002811769 -0.7088328713680424 0.0027488615628711876 -0.0033528943553762787 0.7053631421669879
0.0028797690000000003 -0.7088584375393823 0.0028577759581108436 -0.0034432262941352793 0.7053365812422366
0.0029249500000000004 -0.7089418036475796 0.003050401469713506 -0.0036529980862746265 0.7052509267606616
0.002982081 -0.7088224383952784 0.003137936997095529 -0.0037313748219416415 0.7053701021596481
0.0030294140000000002 -0.7088658575431807 0.003064041909713059 -0.003701052730526902 0.7053269524592355
0.0030777480000000004 -0.7088955815134895 0.0032418579281002077 -0.003824156154223736 0.705295626455697
0.0031317750000000003 -0.7089031781315497 0.0033624844441175767 -0.0038595556877782174 0.7052872333760513
0.0031880980000000003 -0.7089009939075506 0.0034572313359857204 -0.003975345468341182 0.7052883275772994
0.0032362510000000003 -0.7090200118086966 0.003439239317975699 -0.00416334793241224 0.7051676829107411
0.003291618 -0.7090658436112962 0.0032162253979603167 -0.004207572738711592 0.7051223877098493
0.003338057 -0.7091303764284881 0.0031940507353375473 -0.004554135028434469 0.7050554354945672
0.003387011 -0.7093254051762682 0.003310374047426492 -0.004502040806001674 0.7048590232264678
0.0034424480000000003 -0.7093910599644482 0.003350563693021237 -0.004397531862678145 0.7047934161716982
0.0034883830000000003 -0.7095232735131832 0.003438376315577103 -0.004389029791262925 0.7046599451713859
0.0035355570000000004 -0.7095049797344654 0.003718635901058335 -0.004622070324556442 0.7046754514987352
0.0035821100000000003 -0.709433744311435 0.00346739734010994 -0.004614029790873063 0.7047485014649073
0.0036223960000000004 -0.7095073080775365 0.003404775152349605 -0.004916923373361945 0.7046726978926245
0.0036716950000000004 -0.7096980934304438 0.0032493797557730025 -0.004760897484370903 0.7044823571726544
0.0037184590000000003 -0.709888527575193 0.0031891894772876697 -0.004741792907845151 0.7042908652592489
0.003762693 -0.7099328344575454 0.0032014401150584353 -0.004856924660706145 0.7042453632244272
0.003816241 -0.7099369758766884 0.003280942323930338 -0.004929530160289337 0.704240317954694
0.003879477 -0.7101538282054568 0.003360638866644335 -0.0050129758149224145 0.7040206790038357
0.003935681 -0.7102409883560244 0.0033888815574923356 -0.004761569993380575 0.703934358723912
0.003981577 -0.7102461183282408 0.0034239603173208543 -0.004558138364874205 0.703930359673497
0.004030257000000001 -0.7102304662214389 0.003745912450181368 -0.004725929599468631 0.7039434058077498
0.004082343 -0.7103381804367975 0.0034896931000862907 -0.004096723398822021 0.7038399735118777
0.004137633 -0.7104788725992618 0.003416024863601349 -0.00421349357381297 0.7036976259986364
0.004189202 -0.7101737567088553 0.003540159124541408 -0.0046049130367024765 0.7040024838957097
0.004242816 -0.7105555429853357 0.003552227463604271 -0.004706396776738333 0.7036164095885211
0.004289184000000001 -0.7108020230454648 0.0033673258974756654 -0.004277524087814828 0.7033710599238876
0.004343889 -0.7107481180002034 0.0033019092119416092 -0.004281750556976165 0.7034258146861636
0.004392797 -0.7106680211477603 0.0034603258493282017 -0.004608491295405708 0.7035039102030091
0.004444925000000001 -0.7107197054900141 0.0034913497780756377 -0.00460666648220668 0.7034515543581069
0.004484364 -0.7105054470981478 0.003497069602274435 -0.004646126996354571 0.7036676727347874
0.0045331370000000005 -0.7106678097442407 0.0034255378812014722 -0.004409547867000748 0.7035055691116858
0.004577587 -0.7105776904372716 0.003182604850978948 -0.004553538938034435 0.7035968179023663
0.0046304530000000005 -0.7105901167588597 0.00329755356436042 -0.004105141639025725 0.7035864978218698
0.004679113 -0.7107998215414378 0.0029848562656615957 -0.003913578343484781 0.7033771308723955
0.0047303150000000006 -0.7110798080873696 0.0026290783667656872 -0.0035161725454394203 0.7030975970717024
0.0047888720000000004 -0.7110996991954717 0.002564045764306429 -0.0031672736578593763 0.7030793780584128
0.004852306000000001 -0.710964287068489 0.00273217007895473 -0.003368306387103354 0.7032147412220093
0.004916147 -0.7111760948958812 0.002650775723056999 -0.003408381784509609 0.7030006531791573
0.00497091 -0.7115090765349863 0.002694289816764525 -0.0033790859836134875 0.7026636155292443
0.005027035 -0.7113497437838667 0.0029556390187364797 -0.0031165903982599253 0.7028250800027754
0.0050818 -0.7112371944794759 0.0032312612583791267 -0.003067547056196322 0.7029379789815758
0.005137509 -0.7112607633950622 0.002986099590348176 -0.002930293622234188 0.7029158008205517
0.005181675 -0.7114204059929222 0.002820281594973274 -0.002604633422113536 0.7027561937353005
0.005232749 -0.7115588782872811 0.0025475651309308277 -0.002082922928753117 0.7026187686608739
0.005274089 -0.7117359224496873 0.002537253773008953 -0.001791804837948356 0.7024402668365524
0.005326204 -0.7115865379871228 0.002834706965415628 -0.0019230981798691261 0.7025901117189965
0.005374764000000001 -0.7117472323080024 0.0027001523394769218 -0.0014899481341963216 0.7024289049674705
0.005422473000000001 -0.7120342440872247 0.002463685578450409 -0.0011717479787622383 0.702139439504134
0.005474978 -0.7120103202088695 0.002674720958428681 -0.0018797962317700617 0.7021613889626692
0.005521266 -0.7121052304824868 0.0028521142752083693 -0.002223497970521074 0.7020634317641253
0.005572906000000001 -0.7120484720886113 0.0028220188169105795 -0.0017435414210876577 0.7021224748356828
0.00561997 -0.7119365424794696 0.002998889246535273 -0.001444621211874462 0.702235914216312
0.005665315000000001 -0.7117837664824024 0.0033418583954742606 -0.0025417416102026112 0.7023861055745453
0.0057091730000000005 -0.712137044413392 0.0031232771557049314 -0.0022475727269729044 0.7020299306516811
0.005770441 -0.7120705805531433 0.003274904579862548 -0.002349532785663202 0.7020963203196491
0.005826958 -0.7120732757472829 0.00317279489100775 -0.0020811717423631407 0.702094902462119
0.0058913820000000006 -0.7121221263912226 0.0031889573945710356 -0.0018655624190468132 0.7020458869131274
0.0059492830000000005 -0.7124246430731365 0.0030345736546907058 -0.0012726069577452689 0.7017409064436669
0.006000831000000001 -0.7123031000898448 0.0029269486376683894 -0.0010837913325508959 0.7018650525353264
0.006052653000000001 -0.712520086866432 0.002863000868304271 -0.0002497299211659596 0.7016458270900261
0.006099509 -0.7123392621548653 0.0029740631618684907 -0.0008082868999452936 0.701828524080675
0.006141327 -0.7122309711589169 0.003123636883568018 -0.0009392844109378608 0.7019376071699258
0.006193141 -0.7122353705224276 0.0028864725922589933 -0.000482113451422927 0.7019346214708135
0.0062397170000000005 -0.7122283202412774 0.0028741963187201404 -0.00013481329917435783 0.7019419781343643
0.006291120000000001 -0.7125325036357789 0.0026708129300682735 -4.483365904370694e-06 0.7016340199852917
0.006345535 -0.7126578057287558 0.0022798645766968226 -0.0002956567376605743 0.7015080660537556
0.006394812000000001 -0.7126302696566116 0.002093035085209136 0.00030855694779291444 0.7015366154135414
0.006444474 -0.7123532588241481 0.0020499751919832877 0.000329664543943986 0.7018180131384609
0.006501304 -0.7121564452775023 0.0024212867948258635 -0.00042664914228725053 0.7020164903978243
0.0065592390000000006 -0.7120643739356391 0.002433156667992117 -0.0002104021008321746 0.7021099364424571
0.006602263000000001 -0.7117596372988736 0.002704259305708001 -0.0007007128402964485 0.7024175501048495
0.006642671 -0.7113310554230369 0.0029055464913932865 -0.0008935210366780382 0.7028505452871838
0.006693265 -0.711466054583731 0.0026807565529417 -5.9103803217022767e-05 0.702715350071495
0.006739684 -0.7116695937054109 0.0023846600807484945 -0.00042533168671590873 0.7025101578514227
0.006791040000000001 -0.7112581228464196 0.002675894922559126 -0.0009099242347467589 0.702925240910609
0.006847536 -0.71117311602133 0.002358564175405413 -0.0004682304719375128 0.7030128142386648
0.0069058750000000006 -0.711040181225882 0.0022723158179489395 -0.0004956994136411877 0.7031475318488857
0.006950607 -0.7110533811371442 0.002350211677109159 -0.0009627061105260414 0.7031334431496291
0.007004935 -0.7109189020883242 0.0023162069575453736 -0.0007343917889252813 0.7032697992289744
0.007045875 -0.7109972573173774 0.002093227166607652 -0.00023048875897536549 0.7031916277673731
0.0071113850000000004 -0.7109409637176224 0.0023087171884703457 -0.0006292033239498728 0.7032476235554438
0.007166469000000001 -0.7108565147774616 0.002352322635920347 7.750553249225526e-05 0.7033331187776881
0.007214131 -0.7108287154826619 0.002180122686597213 0.0005761253781982968 0.7033615374683839
0.007252740000000001 -0.7107836251145352 0.002071550351264426 0.0005512197058289044 0.7034074516985288
0.007307181 -0.7106748986515052 0.0019581697983882362 0.00028606962896321806 0.70351778382773
0.007352474 -0.7105937373317773 0.001771490019682228 0.0006398107946382149 0.703600023401161
0.007396482 -0.7106193250010486 0.002103343582982373 0.0003560647960726316 0.7035734674493396
0.007448448000000001 -0.7106277879700078 0.0019753946007109815 0.00041057100833189836 0.7035652608056144
0.007499922000000001 -0.7103940020373 0.002058323640999781 0.0009530336831184798 0.7038005519321624
0.007538896000000001 -0.7104996691349543 0.0018793437025649807 0.0008390127460892369 0.7036945248358694
0.007582694 -0.7107097594747844 0.0015915393574951384 0.0017380872420562567 0.7034814026273235
0.007627179 -0.7108187505752187 0.0015103601195417505 0.0021407405126850224 0.7033703433277889
0.007670357000000001 -0.7107242398881829 0.001410048265032562 0.0015749773662399641 0.7034675444151997
0.007720323 -0.7107794085846074 0.00113229990103466 0.0017084772453191132 0.703411992600746
0.007778091000000001 -0.7106711730378833 0.0013012704382754728 0.0013735524728707479 0.7035217863448222
0.007837687000000001 -0.7106581898658618 0.001103511275066034 0.001889937545945432 0.703534041518614
0.007897855 -0.7107168829510827 0.0009043462878968344 0.002465650043167426 0.7034732511019544
0.007966735 -0.7109125302720393 0.0007808300192565633 0.0026468117658191596 0.7032750237241219
0.008014323 -0.7111686172989945 0.0007838549452588906 0.0030230550166018724 0.7030145407307219
0.008066611000000001 -0.7113034475847316 0.0008070574676641893 0.0032894309427118646 0.7028768980101651
0.008117938 -0.7108621614395829 0.0011415902836580112 0.0030471958187201866 0.7033238221493077
0.008162945000000001 -0.7107818322527976 0.001167606149406634 0.0034021036801193784 0.70340333332007
0.008214994 -0.7107751186671826 0.0013090960652782282 0.003013547249482733 0.7034116401397688
0.00826237 -0.7107069085832336 0.0013461870742887073 0.002245805800776397 0.7034833574639343
0.00831027 -0.7106613310301892 0.0012698934328866862 0.0020513423198539864 0.7035301357751177
0.008363873 -0.7107924617725141 0.001622846491191386 0.00117624286799785 0.7033989331164432
0.008418548000000001 -0.7105117841966333 0.0016086736179643667 0.0008962076907484688 0.7036828927142414
0.008474474000000001 -0.7104998038239865 0.0015102262545009816 0.0008543094554929497 0.7036952594256204
0.008529043 -0.7103936993864535 0.001048141385495705 0.0008303556731184468 0.7038032422354428
0.008584348 -0.710541533533821 0.0009311059283857722 0.0007537160216583225 0.7036542432738644
0.008634332 -0.7105020098570344 0.0014330212405466384 0.00010646117360855666 0.7036937040398025
0.008674869 -0.7102974505791914 0.001302929614019286 0.0002931340464211014 0.7039003822612636
0.008725567 -0.710263761538349 0.0013343419268835367 0.00036819257511669736 0.7039342817417298
0.008770539 -0.7102717844351489 0.001429287748806786 0.0005384079275171162 0.7039258906225456
0.008826034 -0.7103516801056498 0.0017377960045591291 0.0003295435533437465 0.703844700226672
0.008877630000000001 -0.7104874817986772 0.0018671503441117028 -0.000684074534011783 0.7037070299485424
0.00893477 -0.7102478828304492 0.0018183859744624045 -0.0008755877892126337 0.7039487706881346
0.008999096 -0.7104777750131475 0.0019170793794883775 -0.0016129619250066104 0.703715179865298
0.009049890000000001 -0.7101635700350597 0.00175484114071729 -0.0013896070717800092 0.7040331620881333
0.00910297 -0.7101100593527485 0.0016376281036647065 -0.0015656058198982598 0.7040870476430076
0.009156698000000001 -0.7100938354817506 0.00212442439149184 -0.0011950477917702816 0.7041028358788202
0.00921425 -0.7100936006948668 0.0021419854020443825 -0.0009517730804611104 0.7041033903332237
0.009277073 -0.7103368965223665 0.0020888186631974606 -0.0008679757079742377 0.7038582079465546
0.009335394 -0.7103942831639409 0.0012220330723447428 0.0006010978276998098 0.7038026056818504
0.009396399 -0.7100091238477838 0.0012837118645137786 0.0004258472797554521 0.7041911777286375
0.00944785 -0.7104095711844244 0.0016610915959262371 0.000116537569064537 0.7037865218681495
0.00949836 -0.7102862766154128 0.001057973441634615 0.0017008619821597094 0.7039100745212615
0.009556471 -0.7100348946047683 0.0005597982684266572 0.00305131307073933 0.7041596584284268
0.009610214 -0.7101571465589941 0.000595854732666562 0.00320343272423062 0.7040356597269106
0.009661188000000001 -0.7102080278713494 0.0006739109137815215 0.0033426139801761763 0.7039836148114164
0.009711635000000001 -0.7099084558589717 0.0007014356273378776 0.004138481678238809 0.704281453154483
0.009769603 -0.7103172108589301 0.0008169946405343665 0.004041164170489746 0.7038696338594915
0.009823756000000001 -0.7104552009778741 0.0015757782328432344 0.0029297113869370408 0.7037345672323044
0.009867628 -0.7104173578897168 0.0014952214334009951 0.0033696076419048415 0.7037709767148677
0.009921175 -0.7102701737821038 0.0014686570345062038 0.0037324232192725948 0.7039177454070662
0.009982314 -0.7104803540567373 0.0021211129107626173 0.0023589771261972635 0.7037098852555299
0.0100341 -0.7106251079716724 0.0026161836017705004 0.001912231773042927 0.7035633979061566
0.01009428 -0.7107443988894853 0.0026827654488938294 0.0015574097475069505 0.7034435135045662
0.010153257 -0.7107936875044255 0.0029029683913761404 0.0014960844485336219 0.7033929686240136
0.010203140000000001 -0.7107559165080276 0.0026710417014148436 0.002069468005928845 0.7034306006901003
0.010248041000000001 -0.710615759370026 0.003388581552143323 0.0015849737559890309 0.7035703574684046
0.010293492000000001 -0.7102984286011602 0.0033480845142950847 0.0018588048555460235 0.7038902453517285
0.01034406 -0.7104548776397465 0.004022644784291146 0.0006266893686802389 0.7037309801531175
0.010411100000000001 -0.7103853643658531 0.004113729147520923 0.0009804121988004945 0.7038002203176803
0.010457496 -0.7105209892964952 0.0039850353314020235 0.0009970898026929532 0.7036640171804031
0.010508177 -0.7106146532071858 0.0038278445061356546 0.0011657190898948947 0.7035700415400528
0.010554597 -0.7107718664754341 0.004112697536025932 0.0006179122603027099 0.7034103053911305
0.010607582 -0.7106515356539963 0.004256170933142204 0.00018315347680846286 0.7035312689116303
0.010662568 -0.7103092256301723 0.0034542063576373954 0.0015797057651024953 0.7038795187905383
0.010711724 -0.7101178677650283 0.0031035699841266704 0.0020199813795262456 0.7040730795943201
0.010760210000000001 -0.7102122407956367 0.002677199384600561 0.0028414337119984094 0.7039767978292724
0.010819553 -0.7099534209218303 0.002432126889626981 0.0036056044504278574 0.704235205380085
0.010874328 -0.7098056426748564 0.0021373437408644448 0.003981383740326811 0.7043830846720981
0.010931476 -0.7100211463459493 0.0020973970447280034 0.00337911982987721 0.7041691233051877
0.010984905000000001 -0.7099222172308738 0.0024507646850685273 0.0029639799542381415 0.7042695890476102
0.01104269 -0.7098741004501092 0.0024954407546130663 0.0025570823304171893 0.7043195266464961
0.011116013000000001 -0.7098893771235498 0.002576297105214896 0.002637195018869869 0.7043035426169577
0.011168413 -0.7099152059654666 0.0019039195308999672 0.0035755247840858315 0.7042755079171416
0.011215826 -0.7102122422126758 0.0023520542067268137 0.0026477045451722523 0.7039787131106267
0.011270450000000001 -0.7106089122183521 0.0030232632561865832 0.0015468016268911677 0.7035790226832104
0.011313413000000001 -0.7108151572435023 0.003366286827298746 0.0015203708733841326 0.7033691554356781
0.011369738 -0.7111935040843956 0.003798850853665871 0.0007520814686629751 0.7029856348843944
0.011418641 -0.7110969211831071 0.003816988112949503 0.0010645904240298544 0.7030828300654773
0.011462037000000001 -0.7112289798337599 0.003790671845446423 0.0009936401321423013 0.7029494873252824
0.011517237000000001 -0.7115589736687824 0.0031369405012541818 0.0013454084424900368 0.7026180872080107
0.011567329000000001 -0.7115352448306377 0.0031409063791807525 0.0013282944282708832 0.7026421320308325
0.011619322000000001 -0.7115428001402703 0.0018445263527932794 0.00281303874191215 0.7026347045970005
0.011661505 -0.7117435263303902 0.001464575110617631 0.002931777774339158 0.7024317848913223
0.011718031 -0.7114999947475816 0.0011171801002317536 0.0035910335783612478 0.7026760376308947
0.011765931 -0.7115461877307346 0.0006385036769255572 0.003912877094751157 0.7026281409335627
0.011833910000000001 -0.7116447746458247 0.0006985073207940582 0.00410834804922908 0.7025271156924288
0.011894804 -0.7115888163265977 0.0005802553974573887 0.0040870273384925925 0.702584027707804
0.011953178 -0.7118698476101675 0.0010335631680055226 0.003153707229525813 0.7023035710726279
0.0120081 -0.7117938952125834 0.0005923174803042297 0.0037800414792651463 0.7023779688917612
0.012069098 -0.7117297571170538 0.00021802778810533707 0.004405671209151604 0.7024395314610223
0.012118743000000001 -0.7118509986434579 0.00021191793145598046 0.004208558828281679 0.7023178759320394
0.012167805 -0.7118361707075558 0.00032593094552941875 0.0043660957532693535 0.7023318994957413
0.01221752 -0.7118141078705641 0.00024025406329887696 0.004663257344293498 0.7023523845943427
0.01226782 -0.7120417980559174 -6.844000897434919e-05 0.005159372759947552 0.7021181196992325
0.012318448000000001 -0.7117969641068395 -0.0002885675937992865 0.00593665894626279 0.7023601317683021
0.012370743 -0.7119040401415874 -0.000549408748497969 0.0064099531409970885 0.7022472842815721
0.012424908 -0.7117937359568204 -0.0007038153141816629 0.006960318751476578 0.7023537115012024
0.012488810000000001 -0.7118486686023024 -0.00011297604616531527 0.006414420810197199 0.7023035778430953
0.012540075000000001 -0.7120480820446665 -0.00033698471388486097 0.006647921103256071 0.7020991528572158
0.012588373 -0.7113696492480039 -0.0009355228251493379 0.0076414918710577305 0.7027758921077192
0.012638566 -0.7113924543165094 -0.00034310828212116417 0.0071141019406465 0.7027588830970538
0.012686245 -0.7111702923425138 -0.00039597348507365056 0.0072084789702774104 0.7029827141014195
0.012735322 -0.7111206484651629 -0.0008060113901160564 0.007525137379755754 0.70302926395673
0.012787986000000001 -0.7110646591831539 -0.0013298431087277187 0.008513853856957512 0.7030738199297101
0.012841929 -0.7111174000986465 -0.0014329723565221885 0.008302074482013302 0.7030228057655473
0.012900997 -0.711022037776723 -0.001784091282004876 0.009115591715028806 0.7031083734402679
0.012956619 -0.710846705891747 -0.0013776607612437863 0.00937026219913885 0.7032832011074905
0.013008732 -0.7104123254763627 -0.0016309272414335829 0.01016261755446374 0.7037104440691797
0.013061501000000001 -0.7102204023565547 -0.0019965475352342905 0.010861035602617862 0.7038927700865187
0.013114013 -0.7102426737127556 -0.0018910947829660395 0.01039279695145842 0.7038776583820548
0.013175541 -0.710012639770326 -0.00224936263312097 0.01088929129692953 0.7041011398010723
0.013234773 -0.7102474757920608 -0.0019146815129321684 0.010149647680538217 0.7038762972125653
0.013281586000000001 -0.7102756495231113 -0.0020437586584513934 0.010430969137977626 0.7038433914074292
0.013330591000000001 -0.7104149646071979 -0.0019588404981018747 0.011077715126302224 0.7036931328595142
0.013379395 -0.7103620010533933 -0.002242230244293338 0.011344728467213733 0.7037414987045713
0.013441452000000001 -0.7100618493852583 -0.002245963270263335 0.01131333129283589 0.7040448382252616
0.013502034000000001 -0.7101698739915963 -0.0019932924356936463 0.011018694517077845 0.70394130808695
0.013557274000000001 -0.7104202714110153 -0.001990551780918232 0.011442029655862567 0.7036818568282559
0.013612141000000001 -0.7109386046585171 -0.0018619330088112797 0.010845558420732083 0.703167979556958
0.013666298 -0.7113247528972662 -0.0020855838661320873 0.011124548352458885 0.7027723604977185
0.013717794 -0.7115590663009412 -0.0018248890364742875 0.010517511088919374 0.7025451920733873
0.013774621 -0.7119113560762875 -0.0019001185691222035 0.01041336255441053 0.7021895559742793
0.013847756000000001 -0.7119782830639418 -0.0018701347731054 0.010265178138890396 0.702123958542243
0.013927229000000001 -0.7115896730755565 -0.002178280531027545 0.010453743654482164 0.7025141361636488
0.013984332 -0.7119822181965811 -0.0023462626477410804 0.01012571844539327 0.7021205636138491
0.014040618000000001 -0.7118468465572253 -0.0023944883232110735 0.01050915349567099 0.7022520139985426
0.014093684 -0.7115757371756538 -0.002930414201327755 0.010623903863546677 0.7025229644660965
0.014146009000000001 -0.7113558596007135 -0.003256638829669778 0.011052871724596059 0.7027375536727091
0.014195697 -0.7115847055613316 -0.003083756911927658 0.010298903375531967 0.7025180637134987
0.014249334 -0.7115137287647423 -0.0030447897672939658 0.01005341562196279 0.7025936747999504
0.014298044000000001 -0.7115104025755683 -0.0033566386771228156 0.010303733285340635 0.7025919961712697
0.014346151000000001 -0.7113727945073444 -0.0036849608598593397 0.010944363780342541 0.702719993453806
0.014400551000000001 -0.7110224282985408 -0.003492922322311107 0.010502518560486397 0.7030822164256355
0.014453051000000001 -0.7109902858374512 -0.003061559210769659 0.010136183596057587 0.7031221075190897
0.014497723 -0.7106522202397715 -0.0034391293714490538 0.011002046065794871 0.703449038125589
0.014552203000000001 -0.7103848224885029 -0.003629719970415701 0.011036743722577807 0.7037175707618203
0.014593866 -0.710504853774125 -0.003812379222551789 0.011581378414755584 0.7035866614725493
0.014645623000000002 -0.7098458577786702 -0.004273992185537869 0.012560141694997303 0.7042320881824857
0.014693808000000001 -0.7097288425803328 -0.004630493561218166 0.012725651566641077 0.7043447922226486
0.014738074 -0.7094839540066592 -0.004921860733068744 0.013005087424618289 0.7045843895482499
0.014789293 -0.7094882637251159 -0.004909921407833183 0.012892223227771537 0.7045822073316466
0.014847246000000001 -0.7095026631344903 -0.004853835358235535 0.012681182628390767 0.7045719259909008
0.014898843 -0.7096388067967865 -0.0048146772125498465 0.012633410339990794 0.7044359301700576
0.014961832000000001 -0.709489029432877 -0.0046107200995796176 0.012766901570604368 0.7045857397072729
0.01502265 -0.7094019492137389 -0.004955050192743225 0.013124014142159067 0.7046645174706417
0.015076491000000001 -0.7092708776592008 -0.005310827592278317 0.013415335369197244 0.7047883696484816
0.015128996 -0.7092140862967273 -0.005746042534338852 0.014257715389089763 0.7048255673181673
0.015180646 -0.7093922923563656 -0.00548191458136633 0.014010951439374161 0.7046532604037731
0.015232200000000001 -0.7092132934286877 -0.0056276188143180505 0.014336614515505561 0.7048257201711282
0.015280529000000001 -0.7089815344537314 -0.005597365610123846 0.014396487263274867 0.7050578660339436
0.015329507000000001 -0.7090483462722921 -0.005460779687993111 0.014056060051463502 0.7049986168139319
0.015373739 -0.7090717613508974 -0.005210698148103431 0.013421026684065048 0.7049893346159867
0.015429172000000001 -0.7090400209106598 -0.005209259655741997 0.013718439071467147 0.705015543651552
0.015471834 -0.709067698081717 -0.004934902249039239 0.013337448074200559 0.704996992018942
0.015527601 -0.7090761686362765 -0.005377441863266718 0.013486204985783873 0.7049824057848452
0.015576781000000001 -0.7086166915889712 -0.00548256305334407 0.013526872383200692 0.7054426621826868
0.015617766000000002 -0.7088156949543811 -0.004912633820347593 0.012681585920897947 0.7052626134950134
0.015677059 -0.7085032516141453 -0.005067387370728109 0.013006466286211334 0.7055694833764882
0.015727415 -0.7086500404815501 -0.005124589774943492 0.013081145650980843 0.7054202593728044
0.015784942 -0.7087320430689416 -0.005249136589229053 0.013643024130932742 0.7053263114225607
0.015846579 -0.7089354560849049 -0.0047756154444025594 0.013058780971768921 0.7051362852969254
0.015911795 -0.7086365773273599 -0.004679966631863224 0.013168982566750248 0.7054352394686891
0.015958643 -0.7087902566732818 -0.004631990231569342 0.013234679052076984 0.7052799160488744
0.016018749000000002 -0.708836324284934 -0.004658310406140727 0.012938361216108427 0.7052389413010502
0.016084208000000003 -0.7086397262151337 -0.004747590328670647 0.01282628100940698 0.705437938681554
0.0161436 -0.7084552581549761 -0.004425414928843157 0.012653017021706495 0.7056284178344313
0.016202093 -0.7081281958064398 -0.004295194828122534 0.012648683324164679 0.7059575202627071
0.016242128 -0.7079288536423648 -0.004372388789042578 0.012786510948292789 0.7061544629432391
0.016289476 -0.7077547445312847 -0.00429927883994579 0.013176349989870462 0.7063222505314818
0.016336692 -0.7079277876700454 -0.004257993360384869 0.013050027768094417 0.7061514099061126
0.01638633 -0.707493462673503 -0.004496181369122068 0.013344442745035408 0.706579585379579
0.016436497 -0.707294263079106 -0.004886986503895295 0.013510429416494635 0.7067732387939413
0.016483077000000002 -0.707271298152995 -0.005037386552108417 0.014324839730870334 0.7067791271057652
0.016534633 -0.7074037038908797 -0.004620523109403414 0.013746412316546067 0.7066609417790715
0.016581508000000002 -0.7075546727440065 -0.0045888196216270355 0.013713369772467543 0.7065106307070589
0.016629701 -0.7076023200242866 -0.0046055281823345895 0.013322531704374104 0.7064702795980843
0.016675105000000003 -0.7076779402830662 -0.0048175982445688255 0.013834266531693418 0.7063832788602812
0.016714889 -0.7079228964035013 -0.004977877092056076 0.013999405564679273 0.7061334223297822
0.016773820000000002 -0.7080774648349272 -0.005081666557009455 0.014195101748358748 0.7059737810601044
0.01683378 -0.707924525557832 -0.005356552971895108 0.014526217788670494 0.7061183770804541
0.016885888 -0.7078000862676656 -0.005787771251276033 0.015264465856974748 0.70622413982073
0.016945331 -0.7076960231035798 -0.005992591111408787 0.015270416462765337 0.7063265831867036
0.0170049 -0.7078246129183723 -0.0061319685359174534 0.015418517380228532 0.7061933061355277
0.017059373000000003 -0.7073689743577581 -0.006194537906797475 0.0153309163303808 0.7066510629869922
0.017112046000000002 -0.7069902969945854 -0.006439727991902774 0.015559584522167352 0.7070227359769955
0.017157613000000002 -0.7072491852537224 -0.006137475052357414 0.015098068203762176 0.7067764637383186
0.017211275 -0.7072001766052921 -0.006247647188676797 0.015255437358702696 0.7068211575391931
0.017259267000000002 -0.7074690571074963 -0.005886955650723395 0.014603309575945135 0.7065689069991874
0.017298214000000003 -0.7073957341343332 -0.005756289344228739 0.01460686183946823 0.7066433188311743
0.017341231000000002 -0.7073407589566099 -0.005748362764586478 0.014710904127257736 0.7066962546554021
0.017392473000000002 -0.7076325100576065 -0.00599260817384547 0.014690983157105085 0.7064025016736027
0.017436608000000003 -0.707409950778508 -0.005916488947058553 0.014576614646612343 0.7066283881953321
0.017494152000000002 -0.7069543205149381 -0.005755391172142059 0.015100920547884127 0.7070745550338556
0.017549033000000002 -0.7073457851588048 -0.005604932560419902 0.014802567848379918 0.7066904618955614
0.01759913 -0.7072111241641845 -0.0057760866638765914 0.015337548940354289 0.7068124378318371
0.017637515 -0.7073978034330066 -0.005872868281261219 0.01517931038656487 0.7066282230795038
0.017692808 -0.7078341595622945 -0.00564717028102787 0.014366531979667441 0.7062099650836393
0.017745469 -0.707614078622893 -0.005710758597171836 0.014495519360811417 0.7064273373032641
0.017801387000000002 -0.7073313386653656 -0.005717757473884808 0.014058427322773888 0.7067192124263657
0.017864902000000002 -0.7071839199957697 -0.005682965050700458 0.01468584513463822 0.7068542517098778
0.017928114000000002 -0.7074137189339852 -0.005278632856363365 0.014557423429383723 0.7066300642643607
0.017997313 -0.7078407891132755 -0.005161922569856178 0.01391347299280858 0.7062161050925965
0.018051845 -0.7077173825225249 -0.005336512277815922 0.014029786731827996 0.7063361757664935
0.018106044 -0.7080097677836803 -0.005186841529035508 0.013751441976485637 0.7060496889323157
0.018160563 -0.7080037043792613 -0.0052721813239336385 0.013895368542441382 0.7060523191820853
0.018208385 -0.7080197984418938 -0.005464600200829847 0.014043988263847002 0.706031776588413
0.018257871000000002 -0.708282231170565 -0.005240968066543661 0.013531927773382583 0.7057802067163037
0.018305694 -0.7087215255248348 -0.004754450735372707 0.012482540570293578 0.705361879205892
0.018361055 -0.7087262635974416 -0.004993970569525956 0.012872138841331687 0.7053484611075653
0.018408437 -0.7087933274469193 -0.004987867696308591 0.012431554655574342 0.7052890163552914
0.018462441 -0.708863652793338 -0.004724632454714343 0.012211435235478194 0.7052239931015848
0.018512973000000002 -0.7087077036055548 -0.004866219492259255 0.012975602827152388 0.7053661067057779
0.01856029 -0.7084241389100809 -0.005018695607646664 0.01361757055162147 0.705637735581212
0.018612863 -0.7083319632633348 -0.0053830035532633855 0.014091134676655084 0.7057182816221926
0.018659755 -0.7084442984706097 -0.005418171986983563 0.013785164352235429 0.7056112871975532
0.018719184 -0.7086797638740155 -0.005376330684431813 0.013229781464000239 0.7053857527808858
0.018763999 -0.7085407067284861 -0.005472556476836077 0.01399279515705498 0.7055099713809855
0.018822792 -0.7088456257267728 -0.0055420198856665406 0.013575352918424325 0.7052112270070209
0.018884318 -0.7093152994849575 -0.005317371396499242 0.012222341993724753 0.7047653125929128
0.018942894000000002 -0.7096562965816995 -0.004992510301673266 0.0119593741575772 0.7044288387996297
0.018996141 -0.7093289321302987 -0.005604992408884419 0.013701277436380152 0.7047221616350651
0.019053464000000003 -0.7087175021871099 -0.006297867071083826 0.015335921649679491 0.7052975602333915
0.019113047 -0.7092491894482332 -0.006005528235782759 0.015152413071423168 0.7047694128406449
0.019171068000000003 -0.7093522251387173 -0.005747426316173023 0.01519388012137974 0.704666966579496
0.01922733 -0.709018546505497 -0.0060553394274105 0.015271374520241769 0.7049984529741286
0.01927804 -0.7088817157796735 -0.006502585334201091 0.015849644019609845 0.705119293596261
0.019340124 -0.7092277560160873 -0.0060807977778400395 0.015191591110686445 0.7047894930788177
0.019395399 -0.7091578134176552 -0.0059947860190551145 0.014832586398712357 0.7048682519379076
0.019448698 -0.7086305901542654 -0.006442062130390903 0.016093091363748736 0.7053667123868864
0.019496746000000002 -0.7086987413597939 -0.006566223531949355 0.016860339013324253 0.7052791700255503
0.019544983000000002 -0.708959852789118 -0.006082716757220269 0.01606070075811143 0.705039702131194
0.019596053000000002 -0.708348794022507 -0.006372720820934471 0.01633039818762269 0.7056448770672348
0.019643515 -0.7081144708571967 -0.0062277690220159405 0.016811245073843906 0.705870025638367
0.019702385000000003 -0.7081251978003146 -0.006398231950668193 0.018263435011733536 0.7058216586431334
0.019751526000000002 -0.7079967966922872 -0.006602456321861883 0.018322595845210836 0.7059470418703317
0.019804754 -0.7084026779373868 -0.006629426689729334 0.018676328659815705 0.705530220005278
0.019870999 -0.7087797232760664 -0.006441487833905583 0.017840303068360413 0.7051748256238436
0.019933115 -0.7090622961400415 -0.006464140079919747 0.01859985755094637 0.7048708536921673
0.019980788000000003 -0.7089167391047567 -0.006533014805566855 0.019491616469428596 0.7049925202596393
0.020036876000000002 -0.7088618868277652 -0.006719329874997852 0.019336808869026827 0.7050501853285164
0.020096836 -0.7091297511483087 -0.006912420374388986 0.0193776686900149 0.7047777808905773
0.020147154 -0.7090989512103105 -0.00705192873811207 0.01998051015275817 0.7047905553478612
0.02019367 -0.7095415212766061 -0.006690388210766959 0.020744462843773487 0.7043264410423572
0.020245704 -0.7097633268563351 -0.006887091328724084 0.020796096415314665 0.7040995030510551
0.020294878000000002 -0.709583794088381 -0.007217333647573905 0.02116848050978444 0.7042660326148532
0.020339375 -0.7099598443700212 -0.006837471409222845 0.020025110558519306 0.7039241886126256
0.020390132000000002 -0.7100826398747623 -0.006912125627233171 0.019292328005910332 0.7038200573640362
0.020434605 -0.7097207957356302 -0.00779213137917917 0.02100541805463942 0.7041267266631087
0.020480404 -0.7094493135497345 -0.00802094579105299 0.021656581124637364 0.7043779727010353
0.020533721 -0.7091325932953958 -0.008106452986482516 0.021558259349025617 0.7046988661832554
0.020576913000000002 -0.7092449406159351 -0.00824702716867187 0.0219179373803715 0.7045730656039647
0.020620046000000003 -0.7090515594701227 -0.008370682971788604 0.022248304366411262 0.7047558659794138
0.020673756 -0.7089583846618901 -0.00822421629688857 0.022823721774422087 0.7048329226194461
0.020722581 -0.7090307349126876 -0.00818053602328989 0.023042899142016075 0.7047535176064588
0.020786366 -0.7088698672708623 -0.007891930651029576 0.023302263132980602 0.7049100887622984
0.020857134000000003 -0.7083440183197118 -0.007770956824630162 0.022711507972189852 0.7054591067853213
0.020902142000000002 -0.7080682252654149 -0.007861437582789049 0.023275358512263974 0.7057165463943325
0.020959674 -0.7079696142495175 -0.007776348176012066 0.023970963924103802 0.7057931330049797
0.021009184 -0.708252008792901 -0.007813691013369315 0.024173240502272788 0.7055024399087422
0.021065292000000003 -0.7083355858555562 -0.007959897508916255 0.024359205000424693 0.705410495367103
0.021120025 -0.708104234707358 -0.007859127549583289 0.024209026264928112 0.7056490274569726
0.021172816 -0.7081260988956891 -0.007536553741258096 0.02340871940890988 0.705657608388171
0.021227428000000003 -0.7082819342559111 -0.007642260954503663 0.022834407866641045 0.7055188780405449
0.021273458000000002 -0.7083805214807462 -0.007461988102138142 0.023361477431026286 0.7054045625685094
0.021319678 -0.7084358198585221 -0.00724580672999047 0.02339638332766679 0.7053501234659288
0.021376911000000002 -0.7087012429958968 -0.006786234662890999 0.0223426339558485 0.7051221893424477
0.02142382 -0.7088056823805069 -0.00670949204221159 0.02162453880232444 0.7050403298132859
0.021479170000000002 -0.7088972236823978 -0.006305497555612112 0.02049132084008452 0.704985867040038
0.021526103 -0.7088466844574848 -0.006505517242516115 0.021759510284612663 0.7049968651641034
0.021588735 -0.7090437853464424 -0.0065700372135615555 0.022079540436871988 0.7047880808914817
0.021647140000000002 -0.7087266505880246 -0.006380082491944551 0.021230320237780646 0.7051348117886947
0.021703738 -0.7082706416621478 -0.00720841648929311 0.023001344617529663 0.7055293580262927
0.021755601000000003 -0.7085702824623978 -0.007127340221011494 0.02301379582577061 0.7052288430248881
0.021812987000000002 -0.708971766104364 -0.006788301627568226 0.021612908739798622 0.7048729218828583
0.02187725 -0.7095645379328707 -0.006517176616388758 0.02143134369839394 0.7042843107895735
0.021932598 -0.7096817152172847 -0.006875738051921285 0.022305981074511188 0.7041356620146423
0.021986054 -0.7093929603144234 -0.007358882201146146 0.023321344219828267 0.7043888057123492
0.022038845 -0.7089694036627547 -0.007732811634850235 0.02413788652129272 0.7047836197930425
0.022090241 -0.7087938863579103 -0.007891634151329143 0.024944044463636413 0.7049303110363948
0.022142171000000002 -0.7086944726213427 -0.007860612634617488 0.025988430049237003 0.704992877090643
0.022195476000000002 -0.7084096128780168 -0.008144492462043374 0.026448331636960778 0.7052587988661866
0.022249209000000002 -0.708266890146233 -0.00883582100251823 0.028614046439856024 0.7053092775060696
0.022299648000000002 -0.7084435165383338 -0.008623466543713432 0.02788717945874152 0.7051636157101456
0.022344431 -0.7078062203001652 -0.008509626501339693 0.027347559416352574 0.7058257941979534
0.022393536000000002 -0.707705232178815 -0.008665786634341633 0.02813522050982797 0.7058941973522674
0.022456151 -0.7079631199060147 -0.008185350625270718 0.027669344542193466 0.7056597113770132
0.02251736 -0.7081863647477158 -0.007820375075150536 0.026478969014513926 0.7054854915014401
0.022567024 -0.7083226947645037 -0.007858685499437197 0.026944068652013552 0.7053305737795924
0.022617217000000002 -0.7089837509145674 -0.007600120414080347 0.025751001524787164 0.7047135340188051
0.022662632000000002 -0.709127094277296 -0.007820276384208031 0.026475326003625833 0.704540037579211
0.022708456000000002 -0.7091007445729812 -0.007621556388583088 0.025849038269548645 0.7045919905482886
0.022752471 -0.7093539389217489 -0.007300353286068908 0.024558938306333572 0.7043866500206863
0.022795724 -0.7095564033801722 -0.006731373333258505 0.023446854106106734 0.7042262733438525
0.022852894000000002 -0.7101001967430494 -0.005883402908950418 0.022484239761611534 0.7037169566793432
0.022911010000000002 -0.7099207501394402 -0.005969557042043998 0.02218512085107128 0.7039067504456825
0.022969917000000003 -0.7094748704289011 -0.006793757507334278 0.023086280121188733 0.7043197262316258
0.023022002 -0.70997845406304 -0.005782204068131035 0.020812515157856804 0.7038920372437629
0.023073647000000003 -0.7100528165295045 -0.0057005446043220396 0.019746647665995137 0.7038484008901972
0.023118759000000003 -0.710068822000611 -0.005324318757318666 0.019255343162455484 0.7038488128938855
0.023179979 -0.7101265516729641 -0.0051002910530406525 0.017535908282403163 0.7038371683571074
0.023237523000000003 -0.7099861867143636 -0.0051000072461814564 0.01716011058697026 0.7039880220611209
0.023287702 -0.7103497779801407 -0.004935371250919953 0.016316799570052932 0.7036423786881884
0.023345613 -0.7099577421056291 -0.005423891870276146 0.016398127641708494 0.704032447569786
0.023398814 -0.7103424298321784 -0.004880641912853103 0.015610790463242367 0.703666195675015
0.023452348 -0.7101746153358818 -0.0050654909374621354 0.016450864421339584 0.7038151217428383
0.023501162000000003 -0.7095411925345919 -0.005384063705679673 0.017747464533166734 0.704419857370054
0.023549042000000003 -0.7096669358473916 -0.005612981764071718 0.01824601399760789 0.7042786505168891
0.023595925 -0.7094984916474933 -0.005784040437130901 0.018756127498010214 0.7044335617412281
0.02364401 -0.7091894026146002 -0.006351019720297176 0.019948964012426976 0.7047070984476392
0.023691729 -0.7088260188492289 -0.007054565189224183 0.021740358804796682 0.705012953718854
0.023742033000000003 -0.7093436429682959 -0.006682769912551219 0.021920710715011154 0.7044901838979108
0.023803315000000002 -0.7096451742627606 -0.0062359379690460565 0.02113444129695511 0.7042145803051003
0.023873149 -0.7099103109028856 -0.006160370785114791 0.021465663092815522 0.7039379415925417
0.023926529000000002 -0.7096639482843649 -0.006387026893532526 0.022065880981372483 0.7041657356684039
0.023974417 -0.7095839206189076 -0.006301148848836981 0.02191000989980484 0.7042520192292502
0.024016661 -0.7097631205398662 -0.006018679195058636 0.02114376274961364 0.7040973153755433
0.024072153000000002 -0.7093105244981833 -0.006384075794049934 0.021883689551075013 0.7045274498158329
0.024137514000000002 -0.7096685688425953 -0.006194536044646716 0.021735656636424912 0.7041730691745308
0.024195056000000003 -0.7101729867567902 -0.005596608335967323 0.020418052581885122 0.7037088247171821
0.024241205000000002 -0.710645878996762 -0.005590449531648489 0.02054595733073485 0.7032275913076208
0.024294435000000003 -0.7106404975459949 -0.005728843549102981 0.02134540562699314 0.7032081038055454
0.024343016000000002 -0.7105059630278799 -0.006276129251925537 0.022183864255012363 0.7033134172402473
0.024389498000000003 -0.7112858591038862 -0.00557579530627598 0.01996683073994574 0.7025970842636285
0.024442671000000003 -0.7116367492869803 -0.004892494303837178 0.017287109296508986 0.702317845719385
0.024488558 -0.7114435172426966 -0.004798439103969277 0.017070668604284207 0.7025195292864889
0.024540758000000003 -0.7116209396866519 -0.004482630612836641 0.016727473526094445 0.7023501518841655
0.024588382000000002 -0.7122634067359352 -0.003677375784731527 0.013748132259537532 0.7017679852997234
0.024634617 -0.7122871215603941 -0.0033621616861534876 0.01236160248825898 0.7017712897461165
0.024678138000000002 -0.7120214862567029 -0.0035773097574284198 0.012543941217250321 0.702036505818917
0.024729976 -0.7119789450338762 -0.002481430695538153 0.009939844034025596 0.702126074028541
0.02478493 -0.7117476111295095 -0.0026729115641798435 0.010548069780508203 0.7023510032876105
0.024841357 -0.7116742110474247 -0.0023574802747912374 0.009546216926796372 0.7024408369102463
0.02489326 -0.7113674772348935 -0.0032649677165703453 0.012317010239128495 0.7027047342782339
0.024946709 -0.7114393742061406 -0.002566717294650884 0.0104118779271232 0.7026656541980233
0.024998217000000003 -0.7113119838285894 -0.0029859487587427748 0.011571291420207202 0.7027748223910105
0.025049967000000003 -0.7109087227292242 -0.0034884545876731894 0.012935662685453955 0.7031566591187073
0.025101701 -0.7109663664125357 -0.00426421341550056 0.014342964631452864 0.7030667974521945
0.025152347000000002 -0.7109254300960512 -0.0038124119715634217 0.01367402152484125 0.7031241138611609
0.025210493 -0.7113695704680414 -0.0033999696117575327 0.012077851987610142 0.7027061262790584
0.025256735000000002 -0.7111741522249149 -0.004082510198689497 0.013613069985497973 0.7028722093262916
0.025311473 -0.7114986982121083 -0.0037765417722169696 0.01293710833217827 0.7025581622917211
0.025360241000000002 -0.7119024331349758 -0.0031690192226446357 0.011354520600089948 0.7021794342442755
0.025416824 -0.7113472149512678 -0.004532838773428751 0.01584985396506342 0.7026474046653954
0.025466062 -0.7115991427079064 -0.004399014718784173 0.016120050443122414 0.7023869679461522
0.025513997 -0.7115100073067033 -0.004683717579184247 0.016909310067356187 0.7024568652416321
0.025565992000000003 -0.7111347006663484 -0.004957079427498029 0.01867692242289888 0.7027901802391257
0.025610839000000003 -0.7107642577426777 -0.005270613861919862 0.020027770473417306 0.7031253650344895
0.025662864 -0.7109277228490961 -0.006074681641364361 0.021641176307246247 0.7029057764847253
0.025705973 -0.7107155190169343 -0.006479364331794822 0.02297182495644133 0.7030745082311812
0.02575681 -0.7105587197118522 -0.006792968126948458 0.024709140800583455 0.7031711170023821
0.025825056000000002 -0.7109939920340577 -0.005521001205699831 0.021407262831421258 0.7028504755175375
0.025887286000000002 -0.7110272999558787 -0.005942235993833166 0.022074931770114048 0.702792690582502
0.025939543000000002 -0.7111951366066539 -0.005133008688370905 0.02034295490527897 0.702681502584614
0.026001416000000003 -0.7111505240284915 -0.005039600511113969 0.02001918761704155 0.7027366268580606
0.026065340000000003 -0.7108178307848022 -0.00553005032934306 0.021058352466544913 0.7030390997470475
0.026114605000000003 -0.7105899698134143 -0.0048828092342148854 0.020406119434888473 0.7032934261488326
0.026166372 -0.7105738921235181 -0.004545462984651715 0.019760228503242355 0.7033303746947026
0.026220813000000003 -0.7111092711625777 -0.0034909571160982636 0.016927155304164207 0.7028690412148986
0.026272861 -0.711439042761051 -0.003425519754161706 0.016926465276956605 0.7025355855918491
0.026322164000000002 -0.7114085473444396 -0.003699234139617749 0.01819919230549818 0.7025332617260788
0.026373777 -0.7107526132935615 -0.005055815105742586 0.022003803387934326 0.703079649873651
0.026434337000000002 -0.7108645941316536 -0.005455785912203274 0.023551848550108723 0.7029132760447717
0.026477321 -0.7111815635433995 -0.005666393475083646 0.02372027391580209 0.7025852434162788
0.026520432 -0.7112985871993857 -0.005258279921318204 0.022291582735314067 0.7025167298218475
0.026564745 -0.7113837470813082 -0.0048491261595936495 0.020352752713671814 0.7024922887982634
0.026611351000000002 -0.7112813400113993 -0.0058262529629794545 0.023024791236591402 0.7025060634019554
0.026662981000000002 -0.711103935576875 -0.006593396540182582 0.02515868204245265 0.7026056935771524
0.026715333 -0.7106596838605403 -0.006894399799500694 0.026736661173341024 0.7029939060446717
0.026766922000000002 -0.7104767441979831 -0.007358760349619936 0.02837633328140931 0.7031098266341141
0.026833923000000003 -0.7105079525443673 -0.007924106610615406 0.029395637561091526 0.703030265634427
0.026897746 -0.7107577462605679 -0.00801169541978998 0.03011761897234863 0.7027461617785873
0.026953022 -0.7108640644938952 -0.007449400159254731 0.029271360864207625 0.7026805644684112
0.027019965 -0.7109044518932872 -0.007658407558998028 0.02974001568641326 0.7026177769875583
0.027078968000000002 -0.7109474582789879 -0.007782767695959189 0.029268839147073258 0.7025926808248301
0.027125083 -0.7108427435961993 -0.008601530236556661 0.030850754159112197 0.7026214048276873
0.027178642000000003 -0.7109566895891585 -0.008779022355685636 0.03141226410568423 0.702479027415523
0.027234919000000003 -0.7112276380832478 -0.008769250522365627 0.031276210544263376 0.7022108983245651
0.027284754 -0.7112111096543577 -0.009288417754716869 0.032679242640245194 0.7021570692518108
0.027333436000000003 -0.7110809809519044 -0.009458543019777364 0.03278484791342703 0.7022816587664205
0.027380643000000003 -0.7110402384833531 -0.009994252074815324 0.03411790510782753 0.7022519937558426
0.027417985000000002 -0.7110252801141557 -0.009867595650706398 0.03404856621114558 0.7022722952912402
0.027458665 -0.7106097884333223 -0.010557685318824237 0.03584155436298859 0.7025935146614318
0.027510992 -0.7107018368859962 -0.010069432569726498 0.035396917372753994 0.7025301159488483
0.027554338 -0.710676660476433 -0.010118131971678272 0.03553694432412047 0.7025478156307754
0.027603781 -0.7104742085275723 -0.010136827903076302 0.03599536327899451 0.7027289502785533
0.027665715 -0.7103835038156879 -0.010245662191607016 0.035685600935225034 0.7028348609728284
0.027714418 -0.7104984948363593 -0.01076698376913062 0.03634649302549191 0.7026769480639963
0.027759327 -0.7102607080922059 -0.010899766060479188 0.03685405845248556 0.7028888247907821
0.027822051 -0.7098813874004812 -0.011265365628465862 0.0377340802214163 0.7032194867532251
0.027886045 -0.7096614097819617 -0.010936109015489021 0.03714956751500898 0.7034777854483599
0.027946138000000002 -0.7097976885271817 -0.011121302652572562 0.038433676739598896 0.7032683772792978
0.027999605 -0.7094914203036499 -0.010835550309027792 0.03845578680058823 0.7035806050670803
0.028061729 -0.7091227488317545 -0.011033508927012934 0.038695417793389225 0.703935972522963
0.028114747000000002 -0.7088112470449861 -0.011385115352408087 0.039031060498572766 0.7042255118407041
0.028165612000000003 -0.7087420185094402 -0.011439604672360937 0.03881412816254907 0.7043062899755237
0.028205023000000003 -0.7086647598274194 -0.011648985526041352 0.038938730049235676 0.7043737180056576
0.028254103000000003 -0.7085648093888486 -0.011454337643827722 0.038052484818377495 0.7045258813159627
0.028308157 -0.7086019318529315 -0.011565137098846042 0.03870568250848428 0.7044511480008614
0.028355277 -0.7081763518518946 -0.011325998303086227 0.03842893237588126 0.7048980022646048
0.028402344000000003 -0.7081029899551251 -0.011250814705110966 0.03860692905371878 0.7049631762114426
0.028444601000000003 -0.7079807303991699 -0.011174447362623886 0.038977353483285834 0.7050667933075828
0.028492889 -0.7075202686744697 -0.010761716685176776 0.038479797367667413 0.7055625840868677
0.028541215 -0.7071687911946756 -0.01047188471768632 0.037612041674645345 0.7059659869368965
0.028587088 -0.7074594427904667 -0.01080743490331901 0.03798587758207958 0.7056496363364277
0.028631744 -0.7072290473821715 -0.011138543847637558 0.03858331101966118 0.7058429963459446
0.028683051 -0.7067956078622225 -0.011380971048189826 0.03901925499771267 0.7062492052697091
0.028727548000000002 -0.7065873611629969 -0.011637597520099345 0.03961427434671213 0.7064202549733811
0.028781163000000002 -0.7063325627613516 -0.011551600539229535 0.03922571566041301 0.706698107071819
0.028838446 -0.7065083751193404 -0.011451511684962435 0.03966693881642999 0.7064993366814245
0.028898661000000003 -0.7065638688562679 -0.012060404860767874 0.04083262848587156 0.7063672857036858
0.028965061 -0.7064842650903982 -0.011995155041683693 0.040769747988786194 0.7064516452554538
0.029021473000000002 -0.7063437707191637 -0.011973514097596286 0.0413313341587527 0.7065598582873545
0.029081631 -0.7062894755269237 -0.011751644530093095 0.04064652186003952 0.7066575803537549
0.029141624 -0.7064343584834311 -0.011998106019935253 0.041326611776870144 0.7064691456568236
0.029202253 -0.7061413844578864 -0.01223385355093531 0.041122336266238374 0.7067698574806376
0.029246766 -0.705942654652594 -0.012071709930404902 0.04097801164593867 0.7069795221383364
0.02930075 -0.706254774516402 -0.012479208127240602 0.04139582004109332 0.7066362918223416
0.029362342000000003 -0.7061352948785441 -0.012241393444018063 0.040941194123900154 0.7067863271435364
0.029408052 -0.7060969147436712 -0.011989920765588816 0.04028378960792872 0.7068667520009189
0.029462360000000003 -0.70559996640832 -0.011792711186397128 0.03937583398132616 0.7074172482105081
0.029510861000000003 -0.7051818959951818 -0.011547381915222473 0.038411554283789305 0.7078910255322134
0.029553313 -0.7052103994827542 -0.011214887365358224 0.03832864796730543 0.7078724698049469
0.029599955 -0.7051562717236926 -0.011429350159481684 0.03824397889824461 0.7079275390050207
0.029651539 -0.7047672700543255 -0.011210107889337177 0.03749724483590023 0.70835823223211
0.029700007 -0.7048014135871321 -0.011185089831553302 0.03729859205323196 0.708335143983332
0.029747877000000002 -0.7045185282964967 -0.011212561653662474 0.036456640684758124 0.708659886756746
0.029800177 -0.7045920537346628 -0.011283149468189297 0.03653494308647615 0.7085816299380876
0.029855498 -0.7043903650408646 -0.011274308896693773 0.036136220661610804 0.7088027067899749
0.029905018000000002 -0.7042073117685221 -0.01108214888530089 0.035663562500165585 0.7090115361104025
0.029949602000000002 -0.7040159757778511 -0.011260604524442254 0.035591133047579174 0.709202351859957
0.030011006000000003 -0.7038616726874732 -0.011300175785564016 0.03553605272054653 0.7093576253948712
0.030070475000000003 -0.7036307204149761 -0.011238790997312332 0.03518262255738058 0.7096053001036603
0.030127987000000002 -0.703925954500253 -0.01154662308965164 0.035873948415732056 0.709272857158089
0.030176635 -0.7038173412776388 -0.011417268883080998 0.03589358612513898 0.7093817354310755
0.030227229 -0.7040810247449627 -0.011530241367638186 0.036543406137345684 0.709085004492387
0.030276585 -0.7038365666830133 -0.01117524398561651 0.03579992840334443 0.7093712472662291
0.030334225000000003 -0.7036629947079776 -0.0112903944634088 0.03586632732413838 0.7095382466334983
0.030383004 -0.7036818258975955 -0.01128838979042955 0.036216779237818825 0.7095018006030742
0.030427256000000003 -0.7036828448874779 -0.011331881014823327 0.03620211907078839 0.7095008448610305
0.030481386000000003 -0.7035587781136402 -0.011234803454472083 0.03641375455616909 0.7096145879346788
0.030533972000000003 -0.7035210104117494 -0.010999753331857466 0.03570664882548643 0.7096916432969482
0.030581274000000002 -0.7032861514969934 -0.011068463296534792 0.035377770280526646 0.7099397802650445
0.030621836000000003 -0.7035247881688489 -0.01096301232673219 0.03638700202854058 0.7096539092234152
0.030680733 -0.703737457606701 -0.011220752395932395 0.037201540260043096 0.7093967372910637
0.03073207 -0.7037163389414116 -0.010907512697759783 0.03684134434470425 0.7094413688392576
0.030784713000000002 -0.7037114098412985 -0.010367193980244686 0.03625550912872763 0.7094845389477947
0.030841734000000003 -0.7037525886950126 -0.010512674714744158 0.03621077666876054 0.7094438365568171
0.030897284 -0.7041228887139395 -0.010454042425870353 0.037162262245935225 0.7090279520941751
0.030954541000000002 -0.7043191510505536 -0.010423563400353343 0.038205898820934746 0.708777956827631
0.031014552 -0.7038448920733918 -0.010461558896666718 0.03750480959078328 0.7092857766409858
0.031066175 -0.7036884925956266 -0.010401714727515126 0.03721086036874648 0.7094573007516662
0.03112213 -0.703588682388142 -0.010266506036127752 0.03669236922622853 0.7095852555610882
0.031169393000000004 -0.7034673345440154 -0.010207700582304524 0.03636251874388402 0.7097233822475917
0.031221279 -0.703484093216222 -0.010302530104388927 0.03646865458883795 0.7096999546975317
0.031274397 -0.7035656441741707 -0.01031180538951043 0.03633942609993488 0.7096256034826539
0.031321983000000005 -0.7033401136553397 -0.01056611838382071 0.036188670296564356 0.7098530987519599
0.031369614000000004 -0.7032776112009421 -0.010704880332858917 0.0363838617072735 0.7099029664171167
0.031427898 -0.7033599897402903 -0.010704239410994902 0.036459264301337384 0.7098174879064167
0.031481835 -0.7030708462498368 -0.010296310495501823 0.035682759346839586 0.7101493588176465
0.031524663 -0.7027981505507707 -0.010509497424983404 0.035854852647053376 0.7104074461799715
0.031573757 -0.7026607615717493 -0.010415202403300005 0.03570244959420202 0.7105523997561906
0.031620457000000005 -0.7028311837677622 -0.010488196002319636 0.0356983448005029 0.7103829622441178
0.031666109000000005 -0.7027198260488895 -0.010683392910899488 0.03552607201556544 0.7104988454606207
0.031715318 -0.7026434969228917 -0.010693232095203403 0.035478840153951315 0.7105765426192023
0.031763166 -0.7026533900943727 -0.010654460951642245 0.0351529205290829 0.7105835404996316
0.031826734 -0.7023854824984341 -0.010867997913519951 0.03480579802251901 0.7108622067748499
0.031892311 -0.7027476404705714 -0.010604677691938442 0.03546282016148609 0.7104756737639151
0.031953847 -0.7024376738786355 -0.011064890622891451 0.0350794092035074 0.710794145700011
0.03200459 -0.7028607851699955 -0.010946814749074805 0.0360685059923982 0.710328055754905
0.032054867 -0.7025768694251832 -0.01091394613215248 0.03554044489485143 0.7106359863567352
0.032117523 -0.7021677900885286 -0.010640460718100686 0.03484265683415699 0.7110788735594921
0.032168899 -0.7021490564810546 -0.010741166267422124 0.03483833084632714 0.7110960698343245
0.032215607 -0.7018092938724125 -0.010754057708389851 0.034668402335452556 0.7114395035114497
0.032282908 -0.7019631375612866 -0.010628467974260144 0.035213324099147514 0.7112628283409186
0.032335688 -0.7022975195831588 -0.011010276341695964 0.03550966760802438 0.7109121122252667
0.032387286 -0.7021922780330937 -0.010974183508978637 0.035421825002331805 0.7110210026999979
0.032433363 -0.7020810753575369 -0.010907091503627632 0.03538090100237175 0.7111338768642631
0.032481879000000005 -0.7019878312510087 -0.011301508323210118 0.035380727688395314 0.711219772498885
0.032526643 -0.7019721609908247 -0.01135009063510303 0.0354889059993949 0.7112290757466353
0.032572567000000004 -0.701951980189495 -0.01121008907495408 0.035521400989992805 0.7112495915518594
0.032626554 -0.7022418303763466 -0.011334855002255305 0.03608291572952195 0.7109331585488279
0.032681417000000004 -0.7024270044175919 -0.01187291690458734 0.036919501488124326 0.7106984506237325
0.032725936000000004 -0.7025301081346432 -0.011829099423043714 0.037163273434499745 0.7105845556151635
0.032786298000000005 -0.7025932952530636 -0.01194444264289026 0.0371663153855942 0.7105199903986171
0.032840965 -0.7027435101989868 -0.01222541360592063 0.03761948834511354 0.7103427850214451
0.032907993 -0.7026556523246671 -0.01261652559963321 0.037974943979181754 0.7104039422524123
0.032966073000000005 -0.702923497578541 -0.012546569720388107 0.03880225994927673 0.7100954335601881
0.033017888 -0.7031353292578457 -0.013075943380128066 0.0400137073207727 0.7098088698238623
0.033067813 -0.7033273771711006 -0.013101862428216307 0.040463724312159145 0.7095925793984337
0.033121866 -0.703150423543439 -0.012638378671970223 0.039309000818827704 0.7098412186608015
0.033173541 -0.7030450829128547 -0.012787399143689662 0.03936011092154847 0.7099400506264179
0.033238634 -0.703319652897637 -0.012423670181052707 0.03977744661573961 0.7096512333589735
0.033285825000000005 -0.7032475040087695 -0.01205711235061605 0.039072636263628495 0.7097682038825148
0.03333398 -0.7033679160478695 -0.011738336222850518 0.038807787835793986 0.7096687549416903
0.033382413 -0.7034193553978787 -0.011879990062804895 0.039083899183834495 0.7096002572662504
0.033434817 -0.7032832972947528 -0.01190541619506923 0.039283637150150486 0.7097236509118873
0.033483428 -0.7032087909006162 -0.011911010378885596 0.038572943990689466 0.7098363559467344
0.033537719 -0.7030125139612212 -0.011729263000581561 0.03864660086024672 0.710029766872725
0.033587386000000004 -0.7027860045295334 -0.0115215310994857 0.03858200494224394 0.7102608781660268
0.033630006000000004 -0.702563975664232 -0.01132673741361953 0.03801590607842612 0.7105141490522676
0.033680775 -0.702239490049402 -0.01169196023367323 0.03759041170412379 0.7108515721505897
0.033722778 -0.7020975269506318 -0.01179764436774266 0.03762983863863432 0.7109879559325952
0.033771858 -0.7021743672796998 -0.011439513504187494 0.037784527622735015 0.7109097164467988
0.033834466 -0.7019144133901543 -0.01127273829524927 0.037377573139899756 0.7111905501851487
0.033891999 -0.7019746545623043 -0.011032277677366954 0.0378509299745973 0.71110982295384
0.033946741 -0.7016885983458615 -0.010515531312600974 0.03666419260425194 0.711462066123917
0.033995007 -0.7014474214017206 -0.00995671995661311 0.035972639830668444 0.711743175534684
0.034056924 -0.7013013293450602 -0.009951296613070907 0.035798923078018095 0.7118959574692252
0.034106865 -0.7015713371133608 -0.010233348792549357 0.03714055629235783 0.7115571070488691
0.034162342000000005 -0.7017976792482288 -0.01037768381678703 0.03774662586870778 0.7112998758019907
0.034219519000000004 -0.701649829376872 -0.0104776765531609 0.0374269854356537 0.7114611415886699
0.034267338 -0.7018693377627115 -0.010562799958002397 0.03845818841731326 0.7111883208470448
0.034314822 -0.7018231154590568 -0.010918985766681466 0.03911659876170695 0.7111926476409094
0.03437423 -0.7019524073036991 -0.010533983492763709 0.03918847302416529 0.7110668862029442
0.034425679 -0.7020545637587534 -0.009963802542907827 0.03858464227365597 0.7110072696709977
0.034478317 -0.7021956771541032 -0.00972363143739306 0.03907166304347048 0.7108446293844938
0.034530366 -0.7021827656368294 -0.009259024049642147 0.038771682605368625 0.7108800114957593
0.034577372 -0.7024546069283286 -0.009170254120849632 0.0391227440877514 0.7105933031907713
0.034630541 -0.702419659158482 -0.009241949473901875 0.039742068742796864 0.7105925532748336
0.034683034 -0.702513623542793 -0.009294652592766845 0.03960781945892383 0.7105064664080579
0.034726316 -0.702416528358342 -0.009464762821767714 0.03937981549803173 0.7106128827182097
0.034784089000000004 -0.7023221496570267 -0.009167060032242352 0.039111505704397774 0.7107248787210378
0.034844597000000005 -0.7024163992861893 -0.009676753094859398 0.039791627476366824 0.7105872141026383
0.034900279 -0.702323645443024 -0.009474318825584511 0.039386838964343494 0.7107041657756131
0.034957679000000005 -0.7023911949453207 -0.009591689604894958 0.04022418204457132 0.7105889275331089
0.035019887 -0.7022472167035911 -0.009595014701686446 0.04024405382562295 0.7107300461192103
0.035064421000000005 -0.7023551232757634 -0.010423976495882906 0.04107425943148617 0.7105642312517962
0.035123304 -0.7024772363537087 -0.010678883445794863 0.04151409036896033 0.7104141567804271
0.035187192 -0.7026896374313528 -0.011075233966702727 0.042250388671868956 0.710154572819364
0.035227309000000005 -0.7030585596166375 -0.010851939032215974 0.04268048277146225 0.70976705584256
0.035277787000000005 -0.703181525714321 -0.010795617977014615 0.04349062766899794 0.709596900945552
0.035331553 -0.7032477877979074 -0.011060840217041361 0.04380232829669411 0.7095079723349357
0.035375128 -0.7032582742006291 -0.01082099312811535 0.04390635316475163 0.7094948470763172
0.035426622000000005 -0.702813909214721 -0.010446654021645376 0.04252164672093726 0.7100249192769325
0.035470851000000005 -0.7032585330113622 -0.011374058734345775 0.04432894602555499 0.7094596613471963
0.035528497 -0.7037066113679789 -0.010862081264380256 0.04466118118612564 0.7090023971769512
0.035574890000000005 -0.7037292997282454 -0.0106684664764763 0.045083663194821606 0.7089560775111321
0.035626884000000004 -0.70383518852857 -0.010666927211778556 0.04529272094372022 0.7088376495942679
0.03567853 -0.7038315952041426 -0.010289767584474441 0.04482436106953388 0.7088765639588872
0.035727556 -0.7039966583165026 -0.010685791040506015 0.0447810379023334 0.7087095156645116
0.035769999000000004 -0.7042569123852725 -0.010905184828628605 0.0453905199526202 0.7084087654736124
0.035839259000000005 -0.7042618548296046 -0.011048388829568318 0.04515856262929806 0.7084164574298739
0.035892349000000004 -0.7042964541221346 -0.01173117401048137 0.04590081797300099 0.7083233718978458
0.035944627 -0.7042456105230256 -0.011643047653529547 0.04566812552099686 0.7083904162337233
0.036006296 -0.7043963913856678 -0.011987386188095648 0.046581057944913316 0.7081752829744624
0.036073249 -0.7039515215155282 -0.011368018029529903 0.04518845864379606 0.7087178752701613
0.036135523 -0.7041607368312912 -0.011679783628799432 0.04603760473387509 0.7084502652338875
0.03618345 -0.7041155949278535 -0.010881140560663412 0.04472423308661495 0.708591964909502
0.036231356 -0.7043098409257667 -0.011084710629124693 0.044842416355270955 0.7083882656148471
0.036279070000000004 -0.70438514404923 -0.011044182819385654 0.044999778334021245 0.7083040412269912
0.036328522 -0.7040148387708826 -0.010939485097949474 0.04461612728497479 0.7086979861988404
0.036380859 -0.703893561038623 -0.01092772410669296 0.04409069306288721 0.7088515009220545
0.036433888000000005 -0.7036577139015516 -0.010877660985192668 0.04315501537726858 0.7091439506941605
0.036478764000000004 -0.7039481412745021 -0.010917320010130502 0.0440809030787496 0.7087980675084637
0.036539521000000005 -0.7038080993068083 -0.010840110465447556 0.0437660798884403 0.7089578137001061
0.036593337000000004 -0.7030590278912507 -0.010769530786433432 0.04286651310830237 0.7097566361515658
0.03664042 -0.702951569365081 -0.011136122868602764 0.04334773469305598 0.7098281846979637
0.036698154000000004 -0.7033534464887127 -0.011159574976775154 0.04401450683522985 0.7093885510683405
0.036738532000000004 -0.7035048483268522 -0.010943996861818482 0.04361177459034626 0.7092666426883353
0.036791225000000004 -0.7037808178823579 -0.01084366497212224 0.0425896533958853 0.7090564834584272
0.036845301000000004 -0.7038917540613948 -0.011355600624163346 0.04387959583648591 0.7088596687413278
0.036904236 -0.7037275758681207 -0.01187145179253655 0.0443791138535776 0.7089831181690348
0.036959918 -0.7038980586315797 -0.011762801629187823 0.04470124712950124 0.7087954275089489
0.037021369000000005 -0.70383068007718 -0.01182590696494307 0.044950785937346124 0.7088455040064559
0.037069601 -0.7042614615128182 -0.01188782807082465 0.04594812881709418 0.7083524848758534
0.03712987 -0.7040016423778114 -0.01149063075486506 0.04502777672364705 0.708676338152704
0.037182473 -0.7044017914553298 -0.011910531305241953 0.04629997553138224 0.708189641059754
0.037238129 -0.7045351708122759 -0.012847005309443509 0.047752289523745474 0.7079441124752275
0.037292625 -0.7049438472931988 -0.012731592640497813 0.04865290862640925 0.7074778959052295
0.037341940000000004 -0.7048262589763926 -0.012262581636969371 0.04812294468893018 0.7076395664060955
0.03739354 -0.7046907266684226 -0.011642131710243564 0.04682904104025466 0.7078717973136257
0.037446323000000004 -0.7045438202680394 -0.011507905420936387 0.04662332578522386 0.7080337837474037
0.037495775 -0.7048149981699142 -0.011929825659922157 0.04730186885806746 0.7077118275237475
0.037546008000000006 -0.7050101143304972 -0.011473140423883635 0.047527177769533774 0.7075099102583491
0.037594583 -0.7052645860295421 -0.011440909537451895 0.04807538147419545 0.7072197161969156
0.037647867 -0.7048971293540937 -0.011559302434620099 0.04766591726588974 0.7076117437456683
0.037694842 -0.7047237246236795 -0.011442237332020449 0.04773726753445441 0.7077815344057167
0.03774901 -0.7043395517058181 -0.011961523863944517 0.04798477412202566 0.7081385311520327
0.037810362 -0.7042153350600041 -0.011732117545214379 0.04741839043526286 0.7083040417312054
0.037865113000000006 -0.7039829643890192 -0.011894453667851197 0.04727106696631906 0.7085421328685109
0.037915765000000004 -0.7040796468637299 -0.011975813678943636 0.047534949342996076 0.708427031775279
0.037975695000000004 -0.7043010779593342 -0.011533278695961621 0.04735673529090747 0.7082261748131233
0.038032934000000004 -0.7047345548051709 -0.012035768354516967 0.04852749061428693 0.7077071641564433
0.038086025 -0.7046602708987921 -0.012450933174828415 0.04914915559849326 0.7077310487634921
0.038133416 -0.7045810546398078 -0.012078606186167023 0.04867286220371373 0.7078492757643782
0.038176919000000004 -0.7047995172058156 -0.012177807138347348 0.04878750254493105 0.7076221598813731
0.038232765 -0.7053533167197195 -0.012504420892992987 0.04990189831769398 0.7069866608323763
0.038281105 -0.7051034774393415 -0.012911385629280734 0.04981768532924404 0.7072344593220251
0.038340134000000005 -0.7051033267860314 -0.012434881261195765 0.04903735904389296 0.7072976811083803
0.038387719 -0.705007953156743 -0.01238300471650761 0.048897444561133506 0.7074033411677684
0.038433594 -0.7054059012604424 -0.013687206944280774 0.050650501006976816 0.7068590393994761
0.038485736 -0.7051264286489921 -0.013818040196969637 0.05025935221159781 0.7071631911384415
0.038540181 -0.7050724593362316 -0.014205237319771457 0.05095234413814152 0.7071597393411732
0.03859406 -0.7053760542991073 -0.014271251923964888 0.051722444204424824 0.7067996478178707
0.038643002 -0.7048901016361806 -0.013350707362618652 0.05099186087748132 0.7073553091286618
0.038691764000000003 -0.7047475266065181 -0.013456710916547316 0.05035424337551366 0.7075410170777265
0.038740074 -0.7046955109212917 -0.013363630731685035 0.050689259852681794 0.7075706672811096
0.038798492000000004 -0.7048272406296516 -0.013824862666386545 0.05128880265528571 0.7073873710781345
0.038863203000000006 -0.7046203367358866 -0.014253914446295679 0.05157524218053922 0.7075641323407954
0.038925282000000005 -0.7048118157882783 -0.01443135553669208 0.05177010250769848 0.7073555660266954
0.038987042 -0.7048588872817203 -0.014624540217756464 0.05188549593078759 0.7072962371986798
0.039041192 -0.704852304613205 -0.01470114399938701 0.05220654844798771 0.7072775843653688
0.039095892 -0.704870057531027 -0.014601934447945358 0.0525497998262367 0.7072365262377273
0.039147640000000004 -0.7041418542763398 -0.014322550718191506 0.050713756192236524 0.7081011428673715
0.039202092 -0.7037560603248755 -0.014196325662855334 0.05008676580693239 0.708531712617499
0.039255174000000004 -0.7039163743417723 -0.014964400179558355 0.051343036758017296 0.7082666851103934
0.039297792000000005 -0.7038740108066863 -0.014625448422727524 0.05088993038824331 0.7083485640236897
0.039350485000000004 -0.7031143554948386 -0.013845407237583833 0.04875358208677546 0.7092683526206507
0.03941389 -0.7026219429655457 -0.013727088019296167 0.0472731021699007 0.7098585958689706
0.039463727000000004 -0.7025962015741851 -0.013736227386380176 0.047437931256266094 0.7098729014893038
0.039515488 -0.7021424342284087 -0.013741104618280103 0.047145909911920754 0.7103410781295503
0.039566787 -0.7015954459665688 -0.013666627701774271 0.04621855428056401 0.7109436677588791
0.039613725 -0.7016045352191724 -0.013485019988197679 0.04612248208751066 0.7109444050288986
0.039660581 -0.7011024615388304 -0.013527071955011134 0.045801885763453905 0.7114594464964454
0.039715178000000004 -0.7014543264798493 -0.013206727265249952 0.04607443671995216 0.7111009467709783
0.039762379 -0.7015154975860691 -0.01312697000243 0.04642762315179243 0.7110191031987823
0.039829627 -0.7013902094822234 -0.013426182737730373 0.0462478947881047 0.7111488197889697
0.039892619000000004 -0.7014234520011439 -0.013291032297046907 0.04610234387348091 0.7111280217602519
0.039946826000000005 -0.7017535549012721 -0.013591478898444302 0.04669836572413991 0.7107576820010285
0.040004513000000005 -0.701747122840125 -0.01338941136563532 0.04649245873351228 0.7107813661948388
0.040069107 -0.7015516782065615 -0.012615981905739967 0.045362552757372346 0.7110614028432751
0.040118076 -0.7014339886951387 -0.012986063928044503 0.04562518542000216 0.7111540368318775
0.040179123000000004 -0.7015580890498623 -0.01333213312143678 0.04663151335981227 0.7109599172083555
0.040232469 -0.7014236705963565 -0.01330040536486486 0.04672369338444063 0.7110870762577404
0.040285323000000005 -0.7012433898684083 -0.013053527767934352 0.04582340238229562 0.711328004068999
0.040335879000000005 -0.7011117915787477 -0.013081614077819145 0.04583203104884418 0.7114566409924752
0.040379962000000005 -0.7008618286380761 -0.012886177032469687 0.04525138337521253 0.7117436026422786
0.040433809 -0.700589201691907 -0.01253180773167474 0.04447963154588208 0.7120669116348657
0.040489265 -0.7002121925483556 -0.012968384507719866 0.0442452951463538 0.7124444260904121
0.040539903 -0.7000242615288226 -0.012571364491103942 0.0437848779154082 0.7126646325809858
0.040589240000000006 -0.699809746411103 -0.012795016112800765 0.044155072692545684 0.7128484663280248
0.040627125 -0.699334882208993 -0.012517529525781798 0.04345910656962195 0.7133619978920068
0.04067316 -0.6993686070992609 -0.013388387500336206 0.044398520400218335 0.7132552655749919
0.040720564 -0.6991975848726691 -0.012868608949219762 0.04356397947132276 0.7134839282734834
0.040772806 -0.6991940730136931 -0.012560302010059856 0.04292606270407739 0.7135315271357423
0.040832429 -0.6990414677823075 -0.012835770183962005 0.043886556786451994 0.7136177124048783
0.040899004 -0.6985989755520815 -0.013664377561024331 0.04443045575883194 0.714001884272384
0.040950864000000003 -0.6985663846266443 -0.013883692861593543 0.044818334084797413 0.7140052984901778
0.041011545 -0.6983213926947365 -0.013941104964607494 0.04443037608141057 0.7142680307689222
0.041063324000000005 -0.6984254194061518 -0.013660113189436409 0.044466162315969726 0.7141695143618795
0.041116061 -0.6982683314140725 -0.013974151346755696 0.04463321698743168 0.7143066123029369
0.041173816 -0.6980808715121365 -0.01428193395727475 0.045088654248823426 0.7144551325655981
0.041230262000000004 -0.6980207210839657 -0.013882026339638726 0.04438696486542312 0.7145657140054804
0.041274623 -0.6980730738184427 -0.014329545845255837 0.04499216315619803 0.7144678809996051
0.041323081000000005 -0.6980704018734604 -0.014456345825722723 0.045348552553171634 0.7144454051044944
0.041379415 -0.6980723108378493 -0.014772340524298665 0.04561198754399878 0.7144203058348955
0.04142796 -0.6983718622749592 -0.014777705782034882 0.04626430861218866 0.7140854116582004
0.041471242000000005 -0.6986996048254507 -0.015040449373186713 0.046583838192522826 0.7137384626869038
0.041523155000000006 -0.6985109391056316 -0.014941225902964003 0.045945768819551626 0.7139665356624678
0.04157269 -0.6980516104742761 -0.014955052254614342 0.04576788935192282 0.714426760298494
0.041627139 -0.6980524086986027 -0.015520640994843935 0.04653420039815231 0.7143644116321115
0.041672558000000005 -0.6982295386653206 -0.016112282640850246 0.04758046479912168 0.714109238879329
0.041719729000000004 -0.6982459821210543 -0.015939715103527156 0.04739534484727865 0.7141093440230497
0.041774004 -0.6982777340700433 -0.01594731238579643 0.04769442673069925 0.7140582126049009
0.041836748 -0.6985975211048416 -0.015886468817970963 0.047642734332953296 0.7137501618072992
0.04189918 -0.6981486568379649 -0.015766291032163312 0.0469299119138086 0.7142390778935279
0.041960581000000004 -0.6980214758909137 -0.015590520094311205 0.04668915799205836 0.7143830047000365
0.04202311 -0.697984348966436 -0.015849936837612405 0.04711064665042359 0.7143859006673656
0.042079281 -0.6976524048446076 -0.015994805066642755 0.04687843662470942 0.7147221141150168
0.042132382 -0.6973202268745812 -0.016426056459671348 0.04688603489598715 0.715035933077841
0.042194301000000003 -0.6971546961951545 -0.016192482876301605 0.04672379960560277 0.7152132686281472
0.042244891 -0.6969707126871039 -0.016199713500027694 0.046468648981706016 0.7154090155993023
0.042297068 -0.6970811242068514 -0.01636515166161507 0.04697176139662254 0.7152648053112242
0.042355193 -0.69684020386701 -0.016304657755858595 0.046543557983968344 0.7155288852452021
0.042410552000000004 -0.6968719327922376 -0.016185503476237772 0.04681742285841862 0.715482821373461
0.042454926000000004 -0.6965949301067248 -0.01653973347477167 0.04707987798238255 0.7157272005836824
0.042509202 -0.6966375549542762 -0.016350939598689097 0.04683872076625736 0.7157058739723663
0.042563209000000005 -0.6967637194473706 -0.016117997879572164 0.04709584009430135 0.7155714578237679
0.042612932 -0.69671063350055 -0.01649076556925255 0.047402811891689885 0.7155943831829338
0.042657861000000005 -0.6965128308630782 -0.016209120618794676 0.046917286570483004 0.7158253341931464
0.042698230000000004 -0.6964940509219864 -0.01616408290737691 0.04666508242198723 0.7158611105071949
0.042750647 -0.6965962970397127 -0.01654041811380748 0.047190707459142486 0.7157185554732297
0.042819986000000004 -0.6969733127960281 -0.01677347727695495 0.04795851581965674 0.7152949269151471
0.042883684000000005 -0.6968454860676294 -0.016865412783291032 0.04800434972324515 0.715414221836879
0.042946064000000006 -0.6966902850728328 -0.017039539944741246 0.04770358251238124 0.71558135035724
0.043003247 -0.696744158347468 -0.017409209699744705 0.04822592810715944 0.7154849803346762
0.043059449 -0.6969090254586255 -0.017679111601783044 0.048642227079307786 0.7152895868052643
0.043117183 -0.6971346483198153 -0.01731347805141077 0.04869469813155289 0.7150750673626146
0.043178193000000004 -0.696957487943461 -0.017069535205479117 0.04808749113346778 0.7152946834444515
0.043230912 -0.6970172390754308 -0.017022966706981155 0.04814243888775914 0.7152338726696992
0.043280700000000005 -0.6970649165193099 -0.017387083775898527 0.04860873005770886 0.7151471057327118
0.043331077 -0.6968886349926753 -0.017916725801454883 0.04865700658737937 0.7153025353405068
0.043380943000000005 -0.6969366366776196 -0.018151054929195803 0.04914468088560084 0.7152165154707332
0.043431518 -0.6968817230562834 -0.01799163546082667 0.048776654332643825 0.7152992402593925
0.043474955 -0.6969829682087954 -0.01787729446004296 0.04877853306656024 0.7152033270906399
0.043525374000000006 -0.6968277606300706 -0.0182540236948823 0.04944085157192564 0.7152995630014537
0.043579401000000004 -0.6967722125642843 -0.018380113956132666 0.049401988878415765 0.7153531286742851
0.043629100000000004 -0.6968246856179112 -0.018408766473918654 0.04927157375561428 0.715310273133312
0.043680133 -0.6967902912112893 -0.018517797199284612 0.04944069267380743 0.7153292942194575
0.043726186 -0.6967010294642703 -0.01857276144686287 0.049515164291748716 0.7154096564772
0.043778531 -0.696547755690382 -0.018465533921824265 0.04897315776701963 0.7155989644472668
0.043842178 -0.6965971435253668 -0.01847501953020847 0.049206257435410336 0.7155346515123205
0.043903181 -0.6965818934270916 -0.01864772248592213 0.04988679559077722 0.715497893652595
0.043964359 -0.6967084565825584 -0.0189431589007876 0.050210500795612144 0.715344245008697
0.044019796 -0.6967208721223387 -0.019528225782306757 0.051218707594313115 0.7152449361856758
0.044078125 -0.6965253516543225 -0.019256393633069847 0.0510025334759887 0.7154581520858514
0.04412681 -0.6964892139613269 -0.019399188844168334 0.05113469793380656 0.715480040934015
0.044192737 -0.6962249365770221 -0.019542134164171724 0.05114914504100425 0.7157322876901707
0.044255831 -0.6962891147148282 -0.019710706014146113 0.05138889065541913 0.715648055062871
0.044318229 -0.6963787159184734 -0.019645587036606075 0.05162966095777971 0.715545325632912
0.044374355000000004 -0.6963460847867633 -0.020122112209204488 0.05174399894131562 0.7155555809131441
0.044422957000000006 -0.6962927826213784 -0.020145967555331056 0.05144457617534911 0.7156283647556014
0.044468277 -0.6964214213295415 -0.020110364019659405 0.05129934948235929 0.7155146077579582
0.044522572 -0.6965409403729971 -0.02020265672991803 0.05167307709352904 0.7153687609541252
0.044575658000000004 -0.6967121491046022 -0.020172134739845665 0.0521965490610519 0.7151648666819429
0.044626889 -0.6966850754780358 -0.02006754508473083 0.051876370132235075 0.7152174784373905
0.044681194 -0.696741196194824 -0.020058195478429557 0.0519056610754965 0.7151609445904262
0.044728793 -0.6968413017842685 -0.02020993955458882 0.05228419400575979 0.7150315528198558
0.044785319000000004 -0.6966209629023874 -0.020091869380824544 0.051893081562694586 0.7152780291017348
0.044854002000000004 -0.696574844456809 -0.019823803893232815 0.052050991775879595 0.7153189478297932
0.044917242 -0.6964831226786437 -0.01960149342782524 0.051909276705460285 0.7154246768676072
0.044973379 -0.6964474766909011 -0.019792823036322887 0.05220581725133053 0.7154325328165125
0.045025132 -0.6963508866625878 -0.019946489041502893 0.052135571771726126 0.7155274015543921
0.045086684 -0.6962987891032062 -0.02024267680337828 0.05189042037202499 0.7155876009286755
0.045142019000000005 -0.6965249338062534 -0.020243305308704822 0.05182026420918367 0.7153725500700062
0.045188574 -0.6963954319121186 -0.019894375587573603 0.05181611397013393 0.7155087047443578
0.045247064000000004 -0.696604388133852 -0.019850729065396082 0.05194718210232684 0.7152969769682112
0.045297459000000005 -0.6967962782845875 -0.020041748502672235 0.05191772748759477 0.7151068622648138
0.045339895000000005 -0.6969460225277021 -0.019950048191478102 0.05136340733367748 0.7150035228214251
0.045397018000000004 -0.6966669916094542 -0.019859646849510953 0.051006115459038805 0.7153034834352651
0.045444563 -0.6965700408602161 -0.019765688528400858 0.051143053673490084 0.7153907210706227
0.045485564000000006 -0.6966612562986377 -0.019985117817156648 0.051617596738099306 0.7152617092681679
0.045529645 -0.6963777018040589 -0.01970909154683277 0.05158973896031659 0.7155474456487858
0.045575603000000006 -0.6967106377227356 -0.0201831631435873 0.05214537658866703 0.7151697609029093
0.045619081000000006 -0.6968109729212258 -0.020230159955338046 0.05243701378962355 0.7150493467094303
0.045669037 -0.6966383524431738 -0.019569118806191617 0.052146598224815544 0.7152571480160048
0.045722450000000005 -0.6963792913131585 -0.01978030109961915 0.052206237925056576 0.7154992180570876
0.045783135 -0.6962332569074101 -0.01970367172473103 0.052015382410842664 0.7156573323101763
0.045848755000000005 -0.6957275043171928 -0.019542695278685296 0.05175050201899865 0.7161726107151799
0.045910083000000004 -0.6957811446963389 -0.0195883606539472 0.051942929051958686 0.7161053183250676
0.045972095000000004 -0.6955253640241331 -0.01987469237533012 0.05165710703480841 0.7163665318081781
0.046036206 -0.6953377356063708 -0.01998604125496508 0.0514394200724414 0.716561216965704
0.046099828 -0.6952636689525606 -0.019819882398477862 0.051189687665014826 0.7166555789032084
0.046159468 -0.6953497189161509 -0.020050663161238526 0.051180311031875904 0.7165663368263295
0.046218951 -0.6954796439014772 -0.020297899375465327 0.051127832988426894 0.7164370208842682
0.046277424000000005 -0.6953518443729622 -0.02071545079864666 0.050957386296191405 0.7165612516785912
0.046328474 -0.6957327890156744 -0.020870897277358327 0.05101291639030378 0.7161829195789754
0.046370373 -0.6956772216565232 -0.02069369748464576 0.05079151645183286 0.7162577720410424
0.046417008 -0.6956659447873372 -0.02116915425592599 0.051017760361231124 0.7162387509056978
0.046466943000000004 -0.695772332432105 -0.020828216024072036 0.0510942283307793 0.7161399490815501
0.046516396 -0.6954741419568614 -0.02075489600666882 0.05087385053185974 0.716447348723674
0.046566853000000005 -0.6951021004040876 -0.02033218426185913 0.05059881582180217 0.7168398929568575
0.04661523 -0.6952664392607001 -0.020022205896561316 0.05055059497283296 0.7166926308095232
0.046673477000000005 -0.6947759877205612 -0.019954397997288174 0.0503175096972496 0.7171863754320432
0.046738546000000006 -0.6943886428332242 -0.019555814594598958 0.05010445727166964 0.7175872951643486
0.046793737 -0.694358089201111 -0.01994466471623007 0.050233933096172 0.7175971058163686
0.046851325000000006 -0.6943887198204793 -0.02025587477486423 0.05035271824300951 0.7175504226803304
0.046916986 -0.6943738760880072 -0.02017463232812011 0.05015794979228019 0.7175807163584994
0.046975222000000004 -0.6943259349091744 -0.020146519088392267 0.050358130190252114 0.7176138743118501
0.047033256 -0.6944751664939075 -0.020575584312810497 0.05041216442582038 0.7174534842980065
0.047089995 -0.6944493796528358 -0.020659156458757856 0.050531195567492804 0.7174676693961366
0.047148772000000005 -0.6945502069455367 -0.020777325482195335 0.05056778670719343 0.7173640719503972
0.047203361000000006 -0.6945334449505396 -0.02100000199966792 0.050894967505469756 0.7173506785692524
0.047259817 -0.6944287956836767 -0.02132198141250191 0.05099926091676614 0.7174350815369338
0.04731283 -0.6943913243420806 -0.021242058229283614 0.05063466589418459 0.7174995430315056
0.047371389 -0.6944157014201513 -0.02126570059830695 0.05034982208709477 0.7174952954654269
0.047421476000000004 -0.694504865234591 -0.02089260930111206 0.050409384671400395 0.7174157685604104
0.047469041000000003 -0.6943575521281723 -0.020918701914088126 0.050616669950951154 0.7175429955311935
0.047515492000000006 -0.694475237822546 -0.021502628261656925 0.05103117532505287 0.7173824643620045
0.047567763000000006 -0.6942928220012948 -0.02128377577130617 0.051010613773028075 0.71756699721273
0.047610673000000006 -0.6941238624167726 -0.02140539129329197 0.051038405763558004 0.7177248455949652
0.047670079000000004 -0.694342752576763 -0.021294359315086178 0.051146550645669114 0.7175086916285641
0.047711565000000004 -0.6943136444496449 -0.021132793053011495 0.05114824789866713 0.7175415144266756
0.047758046000000005 -0.6941356441085729 -0.0210145963167704 0.05136165515364203 0.7177019400137483
0.047821001 -0.6940633836262192 -0.020601931650237704 0.051261670119656086 0.717790931328995
0.047879151 -0.6939775265122704 -0.02032021002881812 0.05143127642725065 0.7178698388742623
0.047937067 -0.6941803216096128 -0.02070097557926649 0.0514972087905696 0.7176581276532868
0.048007803 -0.6940969876124503 -0.020520978870380884 0.05162366740239751 0.7177348104818727
0.04807746 -0.6939492476176872 -0.020409234860673753 0.05158506835665888 0.7178836156271339
0.048129092000000005 -0.6939633235175937 -0.020522117030475826 0.051490874473412204 0.7178735530516264
0.048186893 -0.6938643518770816 -0.020404144146857744 0.05159226664405809 0.7179652986867541
0.048240851 -0.6939161396658466 -0.020257974987062183 0.051325383476145285 0.7179385144785724
0.048292408 -0.6938858729169154 -0.020700814423958377 0.05155657703162712 0.7179385705011934
0.048347994000000005 -0.6938316886784759 -0.020994928899111028 0.05172528018973422 0.7179702613168523
0.048405895000000004 -0.6937932042987356 -0.020664253203665252 0.05177821090302519 0.7180132277222401
0.048458783000000005 -0.6938401119681359 -0.020742748821716523 0.05185610052672588 0.7179600143695509
0.048504481 -0.6938821811516337 -0.020732190180484264 0.05188878105145894 0.7179172998135406
0.048556810000000006 -0.6938639909263151 -0.020465102945388898 0.05184596524361602 0.7179456369010113
0.048608877 -0.6939810447825088 -0.02004767083320911 0.051888353993569385 0.7178412074383711
0.048663293 -0.6940509199978019 -0.020072031526881272 0.05190593141849009 0.7177716964914175
0.048709052 -0.6942318051003801 -0.019935750292339002 0.051617309284436357 0.7176213625788908
0.048754006 -0.6944325770580332 -0.019727583965282056 0.051535440100856936 0.7174387198674478
0.048815946000000006 -0.694274596338272 -0.01989279923132134 0.05188711070916344 0.7175616971106572
0.048880690000000004 -0.6944414768750555 -0.020153089709868437 0.052407215263827536 0.7173551226268815
0.048942557000000005 -0.6946863767965962 -0.02046223203304109 0.052531582772632784 0.7171001100019755
0.049003897000000005 -0.6946101797425893 -0.02065051103422267 0.05294370408795215 0.7171382145649751
0.049070066 -0.6944391820640314 -0.020981174558703693 0.053198663038255864 0.7172753411203525
0.049124433 -0.6944490741314424 -0.021554410786872966 0.05349556737170907 0.7172266831938086
0.049180992 -0.6945526419429581 -0.02124644892815974 0.05374831564281404 0.7171166812615366
0.049237797 -0.6943307500529216 -0.021478394106966444 0.05384621512194728 0.7173172751541496
0.049280153 -0.6944570457199088 -0.021705322054043737 0.053869065560610836 0.7171864572202497
0.049332653000000004 -0.6943905706160406 -0.02190101356384359 0.05372891446708269 0.717255383245462
0.049382867000000004 -0.6944708583863357 -0.022101925924579328 0.053868187704823565 0.7171610349677178
0.049444468000000005 -0.6946291420762898 -0.022093709498811794 0.05378989488280947 0.717013856342704
0.049501547 -0.6944119041599143 -0.021809828793982595 0.05397532635633105 0.7172190062133785
0.049553632 -0.6944841572434726 -0.02204465492911152 0.05429452398096648 0.7171177680078498
0.049608305000000005 -0.694636265495012 -0.02211296301580202 0.05430810065279967 0.7169672975312683
0.049671572000000004 -0.6946345811055139 -0.022134310896191563 0.05447408295655141 0.716955678755361
0.049726793000000005 -0.694986642814158 -0.021884601142147294 0.05452907825491696 0.7166178969070086
0.049773119000000005 -0.695187044589858 -0.02209228400557555 0.05446895292365727 0.7164216895022343
0.049828601 -0.6950125542085603 -0.022219157861641473 0.05441758479643325 0.7165909467620527
0.049892047 -0.6946228003054713 -0.022360461759258668 0.054629481949036496 0.7169482510946503
0.049958299000000005 -0.6943368167662628 -0.02214705659714436 0.05463791305004521 0.7172311978884575
0.050018614 -0.6943240914368071 -0.022241513733448463 0.05495885117379296 0.717216073296572
0.050066331000000006 -0.6945685130662035 -0.022104081961309634 0.05478622512679854 0.7169968338521492
0.050125417000000005 -0.6945055454656908 -0.022013657277783788 0.054600236838490156 0.717074794109959
0.050181787000000005 -0.6944157886121717 -0.021876094044311175 0.05487437848933632 0.7171450004154732
0.050239493 -0.6945701311081189 -0.022053609668554665 0.05506345201631199 0.7169755836324445
0.050299566000000004 -0.693991584023289 -0.022332187224790415 0.05547420712778171 0.7174953428853367
0.050361656000000005 -0.6942165732018253 -0.022491408860080025 0.05569283897310862 0.7172557380087793
0.050415717000000006 -0.6944123075164758 -0.02240551095052832 0.05577311447359707 0.7170626889962997
0.050458515 -0.6941881433907815 -0.022617961334537435 0.05580510659495565 0.7172705483139917
0.050509620000000005 -0.6941421623890466 -0.02237025151863268 0.055478885204908915 0.7173481187939869
0.050561843 -0.6941997120064802 -0.022344717374186255 0.055361245278307554 0.7173023114258188
0.050610805 -0.6942339171000185 -0.022224397080543874 0.05520865483279831 0.7172847056461776
0.050661492 -0.6945849556579463 -0.021855402777371358 0.054865362645042784 0.716982477278849
0.050712869 -0.6943534642131034 -0.021958868913459943 0.05479922231018286 0.7172085610514579
0.050775282000000005 -0.6945733261165009 -0.021786503612928037 0.054707627354773206 0.7170078928554383
0.050834771 -0.6942686471620113 -0.022309447156723925 0.055224950338924134 0.7172471951813093
0.050895372 -0.6944227686211143 -0.02189219248102865 0.05490905760080666 0.717135095865731
0.050953737000000006 -0.6941222643994038 -0.022007182199186674 0.05493072091884379 0.7174207844048232
0.051021319 -0.6942207459940488 -0.021956010536941503 0.055229295120386025 0.7173041296362884
0.051082433000000003 -0.6941377697076794 -0.02200549695523172 0.0553361755786743 0.7173746736826774
0.051138732000000006 -0.6941656206373914 -0.021619209974887945 0.05503557394860898 0.7173825942168613
0.051186901 -0.6944571031032062 -0.021581803121658232 0.055063384654694465 0.717099422251817
0.051246135000000005 -0.694842530930681 -0.02128093355324086 0.05461228317938615 0.7167694731242971
0.051313548 -0.6946097936824296 -0.021489016408422382 0.054812213101755165 0.7169735545953829
0.051365393 -0.6948979667246648 -0.021164745826889448 0.054706755655185194 0.716711964642487
0.051413801 -0.6947306241321124 -0.02136709514437082 0.054804633353951616 0.7168606972773969
0.051463486 -0.6949112550608574 -0.021397319881385442 0.055193764083390724 0.7166548337225839
0.051515395000000005 -0.6950482575676572 -0.021636926547129703 0.055708459959824645 0.7164749336513191
0.051578159000000005 -0.6948898208169954 -0.02197734662747874 0.05624434667328783 0.716576378781379
0.051632483 -0.694503727935237 -0.022543432375918528 0.05663912013360083 0.7169019288656308
0.051684289 -0.694365779398388 -0.02225585237133147 0.05637918277949709 0.7170650104312792
0.05173648 -0.6943815611557259 -0.022089403847540788 0.056294364395842976 0.7170615387132857
0.051797302 -0.694246694859583 -0.021902999664864673 0.056176196250084943 0.7172070971881814
0.051863864 -0.694431403188213 -0.021603908921447555 0.05579138098852535 0.7170673742353338
0.051918996 -0.6943751701626474 -0.021887807075923638 0.056147150089229776 0.7170854513235217
0.051982234 -0.6943400778273003 -0.02195333532499605 0.05624278956734672 0.717109933003699
0.052041763000000005 -0.6942081521041684 -0.021884886519294395 0.05583648783451125 0.717271482717987
0.052101633 -0.6942478016987198 -0.021708560584429264 0.05583344763863251 0.7172387011021023
0.052152176 -0.6942587986326 -0.02168291592549796 0.0557492167505878 0.717235384312488
0.052212141000000004 -0.69443582168247 -0.021699716426451167 0.05608351209337111 0.7170374129307875
0.052259275 -0.6943609715469949 -0.021560855613643896 0.055450398816776825 0.7171633175006799
0.052320507 -0.6945907382243676 -0.02146264306428495 0.05571469497929365 0.7169232414205772
0.052373546 -0.69433585986785 -0.022228926514094298 0.05642531220138109 0.7170911885322401
0.052430371 -0.6945456778027809 -0.022443964298746386 0.05657705134676041 0.7168693096882709
0.052480154 -0.6945093290470885 -0.022459019880823 0.056473590748943654 0.7169122106928268
0.052531864000000004 -0.6946812324872426 -0.02259547617850328 0.05676516813340934 0.7167183166161288
0.052584369000000006 -0.6947404130416374 -0.022650875985386766 0.056782555456139985 0.7166578246971841
0.052632899000000004 -0.6946315555105343 -0.02286844420586574 0.056790361298724494 0.716755810030291
0.052682584000000005 -0.6946563159752324 -0.023122420460012963 0.05680272053064924 0.7167226850659222
0.052737717 -0.6946733769282346 -0.02320158305985525 0.05697591709860239 0.7166898428200392
0.052785582000000004 -0.694604090622433 -0.023036302636017334 0.05679750826311293 0.7167764847611465
0.052841489000000005 -0.6945612511144573 -0.02311292709629151 0.05686265574923273 0.7168103650425999
0.052897940000000004 -0.6944452273366871 -0.023238016851011234 0.05695779883429932 0.7169111729873374
0.052946847000000005 -0.6941333111364437 -0.02319094042943682 0.0572152186723718 0.7171942173533106
0.053008616 -0.693820369912417 -0.02299584526511518 0.0570966525230997 0.7175126881566595
0.053075341000000005 -0.693675507024043 -0.023038770215809454 0.05751201558042128 0.7176181952025444
0.053134193 -0.6936871528092047 -0.022910169184526305 0.057565897133489426 0.7176067346831492
0.053185897 -0.6938672971597061 -0.0227935526944838 0.05768267935585021 0.7174268857452847
0.05324278 -0.693665104211038 -0.022801504890386733 0.05786217317143728 0.7176076807633136
0.053298990000000004 -0.693239945534041 -0.02346425920495092 0.05836542927207465 0.7179563239653293
0.05335646300000001 -0.6932380758826926 -0.023539204535136637 0.05861703436318926 0.7179351776301113
0.053417603 -0.6930085580377977 -0.023883490362482083 0.0590422625641008 0.7181105267337258
0.053477345 -0.6929997812048462 -0.02360355590647111 0.058997830876588414 0.7181319038661788
