0 -0.7067529998956005 0.00035399999994770805 0.0003529999999478558 0.7074602089259648
0.0008119140000000001 -0.7067883469026385 0.0003724332965174734 0.00025175350124801105 0.7074249293008057
0.001107436 -0.706690268003431 0.000564804650613624 0.00013172724951659464 0.7075228114717413
0.001353952 -0.7069897703948613 0.0002904136257873245 5.259239074417034e-06 0.707223712971566
0.001538405 -0.7071252504928613 0.0005655621256043841 6.9721248510497905e-06 0.7070880851819523
0.001734436 -0.7070356555267648 0.0007354618580851323 0.0004653034706309651 0.7071773641756173
0.0019133770000000002 -0.7073647248721113 0.0005153457632363028 0.00011748898447303778 0.7068485457449039
0.00208733 -0.7077267607472424 -0.0008504857817717428 0.000802141845261182 0.706485290267682
0.0022359890000000003 -0.7073713001220554 -0.0007202287867087503 0.0008046369006508101 0.7068413383451666
0.002377506 -0.7072835908101387 -0.0005307332764008473 -0.0013828412171889512 0.7069283756103398
0.0025128050000000003 -0.7075495280077776 -0.0016511343327290278 -0.00018342610935183395 0.7066618042078185
0.002667276 -0.7077691215029239 -0.0017447673489638929 -0.0009964690336733742 0.7064409624896779
0.002811769 -0.7070446761488403 -0.0006080583103008083 -0.0014614360001813146 0.7071671092461036
0.002982081 -0.7070009001054324 1.091233236036717e-05 -0.0014579538665051277 0.7072111435077596
0.0031317750000000003 -0.7067249947243152 -0.00047095349766707587 -0.00255785517674748 0.7074835810191039
0.003291618 -0.7056783333092874 0.0013109245977518465 -0.0028471452056651396 0.708525416014629
0.0034424480000000003 -0.705907316539142 0.004686746127362873 -0.003561618517126115 0.7082797538690371
0.0035821100000000003 -0.7056298459810609 0.006306203440480062 -0.0034126211365025486 0.708544357310035
0.0037184590000000003 -0.7041025418656804 0.006959340246106911 -0.0038928585129050005 0.7100535358508013
0.003879477 -0.7043148377673007 0.007534651591042397 -0.004922189655914098 0.7098306913449248
0.004030257000000001 -0.7044040392777161 0.009199402044047166 -0.008290464569175851 0.7096911924552094
0.004189202 -0.7050437542596633 0.010600254808151641 -0.009652727181766378 0.709018874244823
0.004343889 -0.7060951347303817 0.009397767958052299 -0.009878783068529242 0.7079857006413165
0.004484364 -0.7072991762337251 0.009854831425885441 -0.010937579004116842 0.706761011206893
0.0046304530000000005 -0.7077361007479573 0.011564014960235363 -0.011031795684478587 0.7062961027359933
0.0047888720000000004 -0.7074199248937918 0.012772735754555073 -0.01115386781543447 0.7065900496874848
0.00497091 -0.7085273387726452 0.0126321465639536 -0.011600019121652287 0.7054749312635549
0.005137509 -0.7084212588329555 0.012505014887386506 -0.011662343036610793 0.705582691391373
0.005274089 -0.7093707865244311 0.012805450929621903 -0.012431536297961227 0.7046095121111208
0.005422473000000001 -0.7093947900070403 0.011699242828860888 -0.012775722612418739 0.7045984250194072
0.005572906000000001 -0.7105139539274362 0.011741368737239749 -0.013051754781776736 0.703464080981889
0.0057091730000000005 -0.7106318495881294 0.01287852841492244 -0.013765923770730368 0.703311465283738
0.0058913820000000006 -0.7107349262234264 0.012546551224518539 -0.01191681873190866 0.7032470676297642
0.006052653000000001 -0.7098746867780423 0.013151662284044009 -0.010351106213246317 0.7041291198715651
0.006193141 -0.7095217482034807 0.013271046329049449 -0.01255485880049227 0.7044466932821166
0.006345535 -0.7087738292953055 0.014025630366442228 -0.01250736717342089 0.7051854411183504
0.006501304 -0.7096674304495858 0.01364424884906395 -0.013919422728937801 0.7042671526511232
0.006642671 -0.7106091400880695 0.013211421332461346 -0.012591393895874624 0.7033502435980452
0.006791040000000001 -0.7100842814110077 0.014317704025511803 -0.012559454114584747 0.7038590602931771
0.006950607 -0.7102185330640879 0.014072677206864679 -0.012428381714805915 0.7037308650162204
0.0071113850000000004 -0.7108468068099553 0.014466085262386979 -0.01345087871367892 0.7030694300615705
0.007252740000000001 -0.7110703797822184 0.01406763510626934 -0.013225538767271706 0.70285567633989
0.007396482 -0.7112068741015444 0.012116411445000879 -0.012328749285835718 0.7027702161769896
0.007538896000000001 -0.7105279199188769 0.010708195933938873 -0.01108489453230355 0.7035002023232136
0.007670357000000001 -0.7102557639750828 0.011339635300238338 -0.011238113566782596 0.7037626497725561
0.007837687000000001 -0.709869608292314 0.0132754996667701 -0.013941250647695734 0.7040699836393344
0.008014323 -0.7095719085980579 0.013490730105174037 -0.01525183639416032 0.7043387595584562
0.008162945000000001 -0.7097687530216991 0.013682541222819516 -0.01599429681246208 0.7041202225253748
0.00831027 -0.7098918204226802 0.012908416702044265 -0.016773781605371428 0.7039926251928178
0.008474474000000001 -0.7100713490335444 0.0136641036839974 -0.014946760260836064 0.7038384515710269
0.008634332 -0.7095147927120894 0.015175930839774273 -0.016519489116686912 0.704333412898459
0.008770539 -0.7090239675142754 0.015460639659920011 -0.01718925407906664 0.7048053005304568
0.00893477 -0.7086374370464171 0.014357598579899083 -0.015125345771824691 0.7052645362518852
0.00910297 -0.7087351547009988 0.011223619630994783 -0.014190673453027826 0.7052426076466736
0.009277073 -0.709565067342512 0.014053338282635145 -0.016440184748224236 0.7043079150597236
0.00944785 -0.7099254324566576 0.01190976028340242 -0.015795727626276866 0.7039989580602917
0.009610214 -0.7104133772655059 0.011582365605819529 -0.015810706841547766 0.7035116941162826
0.009769603 -0.7093764163056716 0.011070312352582363 -0.016516933316797565 0.7045493162920161
0.009921175 -0.7099555690737891 0.008694176001066754 -0.015685550270498765 0.7040180855329546
0.01009428 -0.7101491987259407 0.008641149886195222 -0.01616045803638175 0.7038126779716344
0.010248041000000001 -0.7085592568239442 0.003846317808433961 -0.014735531358761258 0.7054869591452358
0.010411100000000001 -0.7080649756496405 0.0043466776835839995 -0.016048506834109078 0.7059515153888295
0.010554597 -0.7073826759096994 0.0029482093538781926 -0.014076435655010246 0.7066844499801092
0.010711724 -0.7083014516580567 -0.0004361082528909194 -0.014311717289416017 0.705764860372709
0.010874328 -0.7073025115151393 -0.001374105899337201 -0.015338877834623425 0.7067432262598123
0.01104269 -0.7077749026832855 -0.003864921738963478 -0.01646735895122875 0.706235495851624
0.011215826 -0.7083510697295085 -0.005145339665718599 -0.013572965463086738 0.7057110330024065
0.011369738 -0.7088654030843996 -0.008018408347002386 -0.011893952603277887 0.7051979008257496
0.011517237000000001 -0.7084072650805522 -0.007837925978773353 -0.010808990748839946 0.7056776030287737
0.011661505 -0.7086785337798231 -0.006184672531034903 -0.01280279562230544 0.7053882434586061
0.011833910000000001 -0.7089354549421214 -0.006138415022979978 -0.014064187705480978 0.7051064027586178
0.0120081 -0.7094680994831372 -0.009212658483525225 -0.012934123351004722 0.7045586215444336
0.012167805 -0.7101448477821951 -0.010816798946356239 -0.012613568448151577 0.7038594958654469
0.012318448000000001 -0.7096363622719617 -0.010708992585168943 -0.013367589073324302 0.7043598926554485
0.012488810000000001 -0.7095941545236252 -0.01244468796297761 -0.013495380863508412 0.704371450516526
0.012638566 -0.7096295771262036 -0.012697328984017826 -0.012226801305948491 0.7043544181973891
0.012787986000000001 -0.7110831994156258 -0.011731682557640238 -0.012118146774165275 0.7029055424820352
0.012956619 -0.7126949631827533 -0.008546353905060384 -0.015198452437833397 0.7012573395925057
0.013114013 -0.7132486067766826 -0.00789215492639938 -0.017016973028094323 0.7006600898086749
0.013281586000000001 -0.714897808818922 -0.006306630912436891 -0.01710123285504906 0.6989913427126806
0.013441452000000001 -0.7173703961125395 -0.006197074323386627 -0.018381966457289678 0.6964218652227485
0.013612141000000001 -0.7170945474214303 -0.007313025943146709 -0.01683845950596046 0.6967340927437636
0.013774621 -0.716614104343321 -0.005914043876371806 -0.018739158305108375 0.6971930102111357
0.013984332 -0.7198749553706413 -0.0037443391308477694 -0.020706181897710854 0.6937847523445652
0.014146009000000001 -0.7195099106795932 -0.0023616221317778684 -0.01962460725755793 0.6942008253846558
0.014298044000000001 -0.7212081345832367 0.0004150183176976635 -0.02083491632901698 0.6924049108955879
0.014453051000000001 -0.7215728922810234 0.0007166312936003421 -0.021206765058287422 0.6920132373593374
0.014593866 -0.7219900278533257 -0.000996435165985102 -0.020419074466021227 0.691601379549857
0.014738074 -0.720698698109549 -0.003827042387630165 -0.020357497705101726 0.6929388952692376
0.014898843 -0.7185093529494629 -0.0055010746795221 -0.020617789654764008 0.6951898694970078
0.015076491000000001 -0.7176248374395667 -0.005202579433406209 -0.022412819076810284 0.6960497046893313
0.015232200000000001 -0.7174892483051686 -0.0038604835291291568 -0.024237557616218056 0.6961370669876776
0.015373739 -0.7167115349138526 -0.0045530897078865035 -0.026180277585539376 0.6968632851292181
0.015527601 -0.7156068834402827 -0.0024247380667074396 -0.027422561487478243 0.697960537666464
0.015677059 -0.7153416466659495 -0.0017345109798715085 -0.026510891052614477 0.6982696418093126
0.015846579 -0.7136305946946206 -0.0019893507746810736 -0.02480153292778858 0.7000802102357485
0.016018749000000002 -0.7132155706716603 -0.002177316599407181 -0.026272708098916825 0.7004488231506094
0.016202093 -0.7137603694561392 -0.00432564980367519 -0.02665091612070713 0.699869382397558
0.016336692 -0.7141330649613178 -0.005392837582085981 -0.027214164239569235 0.6994599860581803
0.016483077000000002 -0.7164547198905312 -0.006259937387599495 -0.025062237986199998 0.6971551705019531
0.016629701 -0.7167474572742472 -0.006747319282377901 -0.02428016263185788 0.6968773420595435
0.016773820000000002 -0.7166102377258042 -0.007559256446056507 -0.023194540540889867 0.697047084577252
0.016945331 -0.7178233191986221 -0.008810964136394268 -0.02423045149566172 0.695747752095526
0.017112046000000002 -0.7161726284602973 -0.008463488129024865 -0.024581480502217153 0.6974388047917025
0.017259267000000002 -0.7144150917287431 -0.007098058136769339 -0.025922442706531892 0.6992057788984769
0.017392473000000002 -0.7147285105161296 -0.006550152836251803 -0.025585733973868627 0.6989031563601896
0.017549033000000002 -0.7149977129025292 -0.007378494048357039 -0.026795435355919744 0.6985741428179388
0.017692808 -0.7148410102019271 -0.0057054449175087205 -0.027114052662360808 0.6987378665708657
0.017864902000000002 -0.7147157425178886 -0.005368065971323496 -0.02719549477997884 0.6988655066094644
0.018051845 -0.715607951025359 -0.0069017308767405925 -0.02732097628479243 0.6979335145950788
0.018208385 -0.7157986515711402 -0.008130786638263835 -0.02922320960003372 0.6976476078495887
0.018361055 -0.7166132787212116 -0.006995357736748818 -0.029671905692471946 0.6968041702968973
0.018512973000000002 -0.7159149578642344 -0.005560008820280698 -0.03005733650215228 0.6975180398603084
0.018659755 -0.7155472058407618 -0.0071534259531816306 -0.030193652557452304 0.6978748942724988
0.018822792 -0.7174973958028016 -0.00876341775277303 -0.03035008362424435 0.6958444955228793
0.018996141 -0.718140295223114 -0.008426035604555071 -0.030928319800170165 0.6951596631962967
0.019171068000000003 -0.7173080379429448 -0.004612626378541996 -0.031534263310429765 0.6960269338307274
0.019340124 -0.7170047855039863 -0.004893867225493413 -0.03151571487309183 0.6963382420519504
0.019496746000000002 -0.7177311219219543 -0.007132320237229094 -0.03147180485565193 0.6955722048298182
0.019643515 -0.7184218247171215 -0.005366807827412165 -0.03198116166497 0.6948514117726357
0.019804754 -0.7171359793953604 -0.0027138644861913796 -0.03233182680138316 0.6961776174022646
0.019980788000000003 -0.7160554103482953 -0.0013663409149921272 -0.03430206551777548 0.6971987885278152
0.020147154 -0.7174070655624908 -0.0022075071565465175 -0.03465672487925706 0.6957881434846485
0.020294878000000002 -0.7168850061764432 -0.003646148766217056 -0.03439940461677029 0.6963327325931101
0.020434605 -0.7162910322669225 -0.0015647625680119354 -0.034868927157940766 0.69692816454133
0.020576913000000002 -0.7159221598570771 7.061580714708085e-05 -0.03586463772592352 0.6972583336180175
0.020722581 -0.7168420681371999 -0.0022595874294089914 -0.03716614635042673 0.6962406345358553
0.020902142000000002 -0.7176483831799625 0.00020184934360166888 -0.04032514247887025 0.6952371108190987
0.021065292000000003 -0.7183731329580282 -0.001252287118973816 -0.04148073298781877 0.6944190538945721
0.021227428000000003 -0.7176732606853775 -3.187282709563743e-05 -0.0415772067864618 0.6951377027303133
0.021376911000000002 -0.7177825457436806 0.0007957947938724625 -0.043963809044865326 0.6948775195893404
0.021526103 -0.7198326598693052 0.00036368311039822686 -0.04522896903997006 0.6926724694108018
0.021703738 -0.7203281531015127 0.00043262086614815026 -0.04533612220050385 0.6921501287382466
0.02187725 -0.7219254467772397 0.0012588578100008853 -0.046959688366748895 0.6903744290173234
0.022038845 -0.7221000231991657 0.0020756076338980236 -0.04698791380737776 0.690187934047492
0.022195476000000002 -0.7236116840563614 0.003390648587184683 -0.048463845630151534 0.6884953811508193
0.022344431 -0.7248364820793489 0.002428494254213834 -0.04700167504319423 0.6873114426558204
0.02251736 -0.723836015123636 0.002811447106523631 -0.048565269568231983 0.6882549916759544
0.022662632000000002 -0.7244463180535257 0.0022583292257682907 -0.0481735508723672 0.6876421607232543
0.022795724 -0.7248543323778308 0.0037644323530488075 -0.05079375920093895 0.6870167537319493
0.022969917000000003 -0.7257896815138725 0.0037575873184276746 -0.05081931201000548 0.6860266877260431
0.023118759000000003 -0.725856296717353 0.004500142008352936 -0.05071272115942003 0.6859596235568692
0.023287702 -0.7248016469475937 0.004050765020460715 -0.04991238646760443 0.6871352978576443
0.023452348 -0.7242072895832682 0.005334488099557748 -0.05098312663563436 0.6876743893367173
0.023595925 -0.7248922926785425 0.00544747370486497 -0.051510122443592585 0.6869120732170364
0.023742033000000003 -0.7244119044019333 0.006428636154649724 -0.05344766177551273 0.6872622591476167
0.023926529000000002 -0.7239333678281559 0.007367457492262619 -0.05214216205766917 0.6878571032206002
0.024072153000000002 -0.7230996377273098 0.009141005096022076 -0.051495055307877055 0.6887609274801428
0.024241205000000002 -0.7212840257139378 0.00994076927311506 -0.05141322310890215 0.6906570899119971
0.024389498000000003 -0.7191634741409778 0.011649020993798824 -0.051938719761295445 0.6927990813799646
0.024540758000000003 -0.7189497905778611 0.013871910928954121 -0.052176830538094715 0.6929620098318723
0.024678138000000002 -0.71750252978505 0.015830841056680662 -0.052107668567438016 0.6944237143847823
0.024841357 -0.7146507146009646 0.017985241346624253 -0.051298664480001255 0.6973659973332531
0.024998217000000003 -0.7135381275820213 0.01904634815535651 -0.04999603509402235 0.6985706647029815
0.025152347000000002 -0.7130529088475521 0.02133860656564277 -0.04943550525921636 0.699039586771484
0.025311473 -0.7128302592260949 0.02275466307961668 -0.04957774912000431 0.6992119089603562
0.025466062 -0.7129210661086183 0.022973989143275995 -0.04852430360383989 0.6991860562691151
0.025610839000000003 -0.712812086104705 0.023029248118003862 -0.04933343131554645 0.699238726179273
0.02575681 -0.7128900579134497 0.023510109762075584 -0.047944978703418094 0.6992398151451776
0.025939543000000002 -0.7133074324117734 0.025619405226207936 -0.04803874441951851 0.6987334484455247
0.026114605000000003 -0.7145982166942791 0.023755004547883474 -0.04535853973770002 0.6976587212449575
0.026272861 -0.715654136203142 0.025337154110553827 -0.045740538905193286 0.6964947875308005
0.026434337000000002 -0.7154822888471969 0.024427432515405544 -0.04577742737385424 0.6967013865564736
0.026564745 -0.7140767047364118 0.02437166072850694 -0.04597620513564321 0.6981308405073128
0.026715333 -0.7136662136309291 0.023539365444295305 -0.04494042878953376 0.6986463995873633
0.026897746 -0.7127564431624857 0.023683889988409125 -0.044369126449357095 0.6996061082519937
0.027078968000000002 -0.7120996363049032 0.024528693686429678 -0.046478854907271695 0.7001086824250721
0.027234919000000003 -0.7128299877531582 0.023151998066629983 -0.044984124059136696 0.6995097012393662
0.027380643000000003 -0.7133529820286183 0.02369090006181953 -0.045177102236759074 0.6989458446250524
0.027510992 -0.7147095581000662 0.022560562680314526 -0.04205812146315502 0.6977910740264208
0.027665715 -0.7150351427617394 0.024789890557658296 -0.04291731366135336 0.6973294129247175
0.027822051 -0.7145631511230552 0.025809206855693417 -0.042803511662494166 0.6977830947278159
0.027999605 -0.714487042045795 0.025701487662512935 -0.04333103791038162 0.697832445099963
0.028165612000000003 -0.7138646690168191 0.02706091943709422 -0.04362908568483647 0.6983992009238208
0.028308157 -0.7130685311695854 0.025210759367328212 -0.04278409834408162 0.699333402889249
0.028444601000000003 -0.7128036288140132 0.02384756641297784 -0.04403108625744789 0.6995738301056881
0.028587088 -0.7120065196092958 0.02716725726861434 -0.04504116602984541 0.7001999353963337
0.028727548000000002 -0.711909200450469 0.025409152200921763 -0.045579526649822746 0.7003300450850171
0.028898661000000003 -0.7126106842683015 0.023129690430694568 -0.045419983942600925 0.6997056918061313
0.029081631 -0.7121876815667667 0.019530171876299945 -0.043705208073955004 0.7003550052639361
0.029246766 -0.7119412976419817 0.018981960400595053 -0.0448041733291643 0.7005511115853656
0.029408052 -0.7126110642031613 0.018801052568881513 -0.045686950924653184 0.6998176148917289
0.029553313 -0.7121022331017943 0.017568767174781775 -0.043635527496362264 0.7004981718545097
0.029700007 -0.7122645606342862 0.015263565415724505 -0.04125376189138728 0.7005314742144393
0.029855498 -0.7127492496217503 0.011439493438593348 -0.03956905459018296 0.7002084940018503
0.030011006000000003 -0.7126482006083826 0.011331723045794707 -0.039420007625108874 0.7003214956156094
0.030176635 -0.712097161154157 0.011220771627341168 -0.039596714290261 0.7008736174073702
0.030334225000000003 -0.7119875432149395 0.011480029141443462 -0.0394080428142057 0.70099140750741
0.030481386000000003 -0.7116252329878046 0.012132775268150327 -0.03916503669550104 0.7013618348897988
0.030621836000000003 -0.7122512555143684 0.013058715269583843 -0.03707817707321625 0.7008229646341796
0.030784713000000002 -0.7125756865012343 0.012391651344023055 -0.037679255312292166 0.7004731341767317
0.030954541000000002 -0.7122573440362798 0.011381243053419192 -0.03690239088501404 0.7008553036967852
0.03112213 -0.713120922549866 0.009579733266177002 -0.03608336994306062 0.7000462620039685
0.031274397 -0.7127687889949589 0.009959638948240626 -0.03680141637691428 0.700362131171677
0.031427898 -0.7119652111105292 0.006780283661533846 -0.0333526164125134 0.7013894559374614
0.031573757 -0.712271156270561 0.0019224047220980154 -0.031206630523640234 0.7012077085403747
0.031715318 -0.7108038206297059 0.0015382501150335611 -0.02910473631280796 0.7027862240318589
0.031892311 -0.7113610159957477 0.0008073014300928443 -0.029130326047090583 0.7022223844981649
0.032054867 -0.7123360634169843 0.0012255243218529167 -0.02958478002883778 0.7012136419354488
0.032215607 -0.7133509887909414 0.0009496034881089077 -0.029986097800652173 0.7001644799494551
0.032387286 -0.7150983362982862 -0.0031522270152330454 -0.027098867946723972 0.6984912914591515
0.032526643 -0.7163600479355621 -0.005764531897162085 -0.02544545478866263 0.6972428420029593
0.032681417000000004 -0.7161614569981664 -0.00695551146830982 -0.02479223114663186 0.6974594853073901
0.032840965 -0.7171616840273217 -0.00559898769528714 -0.025025518327520004 0.6964348452887198
0.033017888 -0.7176909583884311 -0.005025786874900754 -0.025046426022772034 0.6958930278837897
0.033173541 -0.7178134746286112 -0.004552893766387558 -0.02511726710930833 0.6957673531381819
0.03333398 -0.717786128141337 -0.005269616167041243 -0.02562914926401407 0.6957718391120202
0.033483428 -0.7192763472791512 -0.004634439973976168 -0.026935734867600793 0.6941862317836848
0.033630006000000004 -0.7192787883508153 -0.005044099406294452 -0.026006097955398624 0.6942162952271407
0.033771858 -0.7202737109661448 -0.005304926066607374 -0.026401900155702658 0.6931670640752159
0.033946741 -0.7187873159017323 -0.004072481123415877 -0.026508338322348567 0.694712542995785
0.034106865 -0.7194434517725014 -0.0038398942708839407 -0.027129237448784 0.6940103597130984
0.034267338 -0.7214143810769489 -0.0034369669414037033 -0.02653138376721623 0.691986678852276
0.034425679 -0.7218545712698361 -0.003558510307031978 -0.02546424245507476 0.6915669796176107
0.034577372 -0.7214013984247202 -0.0028564413121241424 -0.026690399787279082 0.6919967381809567
0.034726316 -0.7195426689483383 -0.0022501459360699722 -0.02801940732686153 0.6938790940927818
0.034900279 -0.720655083564162 -0.001087678624184129 -0.029807879196648485 0.6926518301615459
0.035064421000000005 -0.719261495144859 -0.0021015115622272135 -0.030911921860715796 0.6940482247927823
0.035227309000000005 -0.7201794777277924 -0.004236201628605844 -0.03095425237145476 0.6930839838833458
0.035375128 -0.7199152650569892 -0.004335016641587511 -0.03156845593359544 0.6933301171582051
0.035528497 -0.7205390304904347 -0.0038680691259010487 -0.03137631047104502 0.692693345371793
0.03567853 -0.7203192330165714 -0.004134607710767573 -0.031987226470040576 0.69289243386564
0.035839259000000005 -0.719189955519201 -0.0031408780801286096 -0.03390057952936567 0.6939788854660841
0.036006296 -0.7163790602527018 -0.0006635483879428095 -0.033334523712661844 0.6969142065303607
0.03618345 -0.7165555992215057 0.0012537756925173522 -0.03313149746245553 0.6967415626663279
0.036328522 -0.7168235529755144 0.002004804855197367 -0.03184847236055476 0.6965239762315085
0.036478764000000004 -0.7174622902491024 0.003530908584212426 -0.03016168048977812 0.6959351031418912
0.03664042 -0.7188129412263831 0.0025696663962788994 -0.030516838506553647 0.6945286710479653
0.036791225000000004 -0.7177063018433227 0.0034865447684118605 -0.031438127197352894 0.6956271648363668
0.036959918 -0.7174636795807661 0.0022571744972820504 -0.031146869984596415 0.6958955712862951
0.03712987 -0.7153383661323998 0.00331962453557821 -0.03366446401369377 0.6979589571705788
0.037292625 -0.7130171348745229 0.002546039758576189 -0.034031765216996815 0.7003155874411827
0.037446323000000004 -0.7121247576019595 0.0021209291443517624 -0.03555200968395263 0.7011489755232811
0.037594583 -0.7087991257756224 0.0022574410990088708 -0.03682007423637067 0.704445161380661
0.03774901 -0.7066896973143255 2.1069372895905195e-05 -0.037107579660759546 0.7065498558471217
0.037915765000000004 -0.707091325781292 -0.00043096092807019793 -0.03631783222861533 0.7061888460884573
0.038086025 -0.7070028513494058 -0.002768601076176439 -0.03657347436459921 0.7062589355220878
0.038232765 -0.7052623419903786 -0.0006733954982886791 -0.03721835685369423 0.707968480528519
0.038387719 -0.7042451744398455 0.0012378298373223655 -0.03917816114433673 0.7088739477120268
0.038540181 -0.702737508710476 0.003601784252004794 -0.040547563719273136 0.7102836870420344
0.038691764000000003 -0.7028945090625619 0.003624826020400737 -0.04102359513194643 0.7101008621375358
0.038863203000000006 -0.7015033367933146 0.0019596554221256762 -0.04155545397705925 0.7114508925169973
0.039041192 -0.7022272906333896 0.005880720577202649 -0.04111457709380106 0.7107403470787199
0.039202092 -0.7026040297829614 0.006333223827964192 -0.041038581005602766 0.7103684272810372
0.039350485000000004 -0.7026300953500441 0.010522720073604464 -0.04185782470785585 0.7102451295020379
0.039515488 -0.7033142294383463 0.01291252446789135 -0.040372029811536966 0.7096143041049181
0.039660581 -0.7026851724946896 0.013712677644256058 -0.042038572169412744 0.7101255306478493
0.039829627 -0.702213113177059 0.012800344664821746 -0.040878768427866904 0.7106770160561441
0.040004513000000005 -0.7016706254585654 0.014069675588747763 -0.04059548598936357 0.7112048819536462
0.040179123000000004 -0.7009913046292402 0.017043563815080928 -0.04093647638856008 0.7117899357728833
0.040335879000000005 -0.7004570012868532 0.01703042390036169 -0.039955216476667284 0.7123717671878254
0.040489265 -0.7002607725084712 0.020499502949542996 -0.04000720077566183 0.7124703816656213
0.040627125 -0.7009998290464915 0.021997299057094633 -0.038632506398614375 0.7117744642513826
0.040772806 -0.7012883203600038 0.023245829591112748 -0.03601068571139634 0.7115880505235174
0.040950864000000003 -0.7016847115690957 0.02576199003606066 -0.03489658886215595 0.7111660238688021
0.041116061 -0.7022516175852359 0.025195176193615387 -0.03380109397581562 0.7106795021256272
0.041274623 -0.7022091954630993 0.024732922959192386 -0.034193010296950425 0.7107189081316138
0.04142796 -0.7014243463329076 0.025998239985857895 -0.03445968073083579 0.7114355264484749
0.04157269 -0.7012940733079895 0.02824867615084111 -0.03453014064842878 0.7114747391338724
0.041719729000000004 -0.7021254358896045 0.02762906994265399 -0.03348903551492245 0.7107284933581994
0.04189918 -0.7030871008061792 0.030319546123627028 -0.03406282151865292 0.7096400340968696
0.042079281 -0.7034493135480325 0.030249236646182884 -0.03355228337965447 0.7093083188791286
0.042244891 -0.7046257065693471 0.0318173046663233 -0.0336111726570258 0.7080681901046235
0.042410552000000004 -0.7035449586505262 0.03209864888444427 -0.03354412755769779 0.709132540082328
0.042563209000000005 -0.7034930579029007 0.03316077074442594 -0.03247838132159765 0.709184768246463
0.042698230000000004 -0.7036884037709579 0.031073038527796 -0.030104415248393968 0.7091902571648053
0.042883684000000005 -0.7039586978009112 0.030449821181424832 -0.028352044989912905 0.7090212420833055
0.043059449 -0.7034623082851772 0.03130144893286616 -0.028807990794870987 0.7094583143378863
0.043230912 -0.7048300071906235 0.029632411461058654 -0.027080476550191936 0.7082395279455119
0.043380943000000005 -0.7054982485445767 0.02722870878362318 -0.024914245598688257 0.7077500258458197
0.043525374000000006 -0.706633436239793 0.02572580616560291 -0.025802809285928006 0.7066410579056562
0.043680133 -0.7069182645926108 0.025853131779395515 -0.02549005403517796 0.7063628245511305
0.043842178 -0.7086482382587405 0.024944339578354215 -0.02708363814593625 0.7046005470339645
0.044019796 -0.709190469804132 0.026849917423540915 -0.028474441826896672 0.7039298016393316
0.044192737 -0.7089566709422693 0.028490911154686008 -0.02872758023425167 0.70409050046277
0.044374355000000004 -0.7086450108167281 0.028544972243876223 -0.029932264113972335 0.7043518245657959
0.044522572 -0.7092171703148259 0.028041389749490938 -0.030313975603698393 0.7037796165524016
0.044681194 -0.709030336641954 0.028953691215591756 -0.03283819446656658 0.7038176741675105
0.044854002000000004 -0.7083134475061249 0.02938863721146822 -0.03560194666208171 0.7043868748626069
0.045025132 -0.7090111940208684 0.029585717448358032 -0.03849086376425966 0.703524175478603
0.045188574 -0.7092609501281474 0.031063752622894913 -0.04359674323695793 0.702910571748235
0.045339895000000005 -0.7103748300493973 0.03207778598975246 -0.0435564561267821 0.7017417271389523
0.045485564000000006 -0.7095578785289746 0.03215907711609867 -0.04279498376367586 0.7026108454480098
0.045619081000000006 -0.7082475627540056 0.03258006362513296 -0.04027742817368335 0.7040608340810512
0.045783135 -0.7091786215389284 0.03260457538437891 -0.04274517531898216 0.7029761549320842
0.045972095000000004 -0.7094057399567859 0.033376273801894216 -0.044379283700150624 0.7026094218281778
0.046159468 -0.7088313155232915 0.03434342408873877 -0.0449120888409387 0.7031085262115111
0.046328474 -0.7091367963674714 0.035706287840845216 -0.047542051092673294 0.7025594767876996
0.046466943000000004 -0.7095881564281231 0.037323892275680885 -0.048927303751671106 0.7019242795842876
0.04661523 -0.7096516422108694 0.0376000126309921 -0.050986649090092775 0.7016987582803091
0.046793737 -0.7089352563820904 0.03713894816791836 -0.050318162955866955 0.702495254976278
0.046975222000000004 -0.708997415447827 0.03843663979751349 -0.05048291368519951 0.7023508845550269
0.047148772000000005 -0.7085757634961902 0.03857360101232529 -0.05014458674119587 0.70279298880345
0.04731283 -0.7079907178283502 0.03597602915071801 -0.04916270842434084 0.7035892956091826
0.047469041000000003 -0.7080324596816222 0.03384794100538661 -0.04702262198138299 0.7037991375022298
0.047610673000000006 -0.7077577207520245 0.03409145967178318 -0.045620464417794014 0.7041559162001336
0.047758046000000005 -0.7064979911114616 0.0338786946818441 -0.04204413332010903 0.7056522610007587
0.047937067 -0.7047288370019285 0.03498411595985348 -0.039057893244573656 0.7075364717834064
0.048129092000000005 -0.7045101544519061 0.03324235034830261 -0.03650010394832093 0.7079746682115344
0.048292408 -0.704147487488344 0.0313106464687916 -0.03410360825786795 0.708542802648754
0.048458783000000005 -0.7032869359314476 0.03255481517775905 -0.03296259107377918 0.709394909304119
0.048608877 -0.7030057585131749 0.028079100265057427 -0.027857516927470134 0.7100833939589453
0.048754006 -0.7022545953178901 0.026885276429638526 -0.022965198252308406 0.7110473014753934
0.048942557000000005 -0.7015352675433725 0.025304966505387952 -0.019032526802482665 0.711930958721786
0.049124433 -0.70166806214835 0.025257073078813662 -0.01697743111827137 0.7118537614237168
0.049280153 -0.7018712655319534 0.026899885522125352 -0.016678596851744557 0.7116002720534375
0.049444468000000005 -0.7038975937144178 0.02926227794215755 -0.01638324238323679 0.7095093276495376
0.049608305000000005 -0.7046851905213292 0.030170359024776154 -0.017897722996230953 0.7086523853115736
0.049773119000000005 -0.7051243392789318 0.033538218741038066 -0.021367257745230503 0.7079677212532897
0.049958299000000005 -0.7051279576239475 0.03363292056544994 -0.021871102113065075 0.707944238569449
0.050125417000000005 -0.7057694757731755 0.03378309583882329 -0.019970777334618446 0.707353742872017
0.050299566000000004 -0.7061149784603756 0.0334468750646061 -0.019440689058066018 0.7070396052211376
0.050458515 -0.7065365818485931 0.03279891900798591 -0.016162129463041314 0.7067312608006189
0.050610805 -0.7077149651458972 0.03369857586485374 -0.016318128245257607 0.7055052464608552
0.050775282000000005 -0.7067153725015511 0.03457157656584004 -0.017565417515954175 0.7064344587229836
0.050953737000000006 -0.7064214001318373 0.0346103512787201 -0.017180441489223184 0.7067359913364907
0.051138732000000006 -0.7051040339059824 0.03319042473739982 -0.016422167077197236 0.7081362930282201
0.051313548 -0.7056109976542 0.036538255803470705 -0.017828222780237362 0.7074321383177197
0.051463486 -0.7066523191846286 0.038873219767638835 -0.020194769210905242 0.7062036136075764
0.051632483 -0.7082633424010786 0.037100939966974236 -0.017177008620057537 0.7047634414747151
0.051797302 -0.709530300105408 0.0364261555509046 -0.017828843698141233 0.7035069443555598
0.051982234 -0.7099880478977817 0.037052792447484335 -0.018347619028752676 0.7029988814287793
0.052152176 -0.7116715230059999 0.03718013141908655 -0.02147449110098062 0.7011990640338394
0.052320507 -0.7126663118734602 0.03617306295114644 -0.02329396207935082 0.7001825681692287
0.052480154 -0.712988197077572 0.03496339105053607 -0.02324701160886972 0.6999178298668896
0.052632899000000004 -0.7137626843947462 0.033717251512297715 -0.024252652654668628 0.6991550515838907
0.052785582000000004 -0.7149056647212593 0.03409727642285431 -0.02455311980515035 0.6979573128765327
0.052946847000000005 -0.7148479691437792 0.034843160938773786 -0.026941887583817412 0.697891445598976
0.053134193 -0.7153677949620069 0.035986961754811676 -0.02691513560653862 0.6973015359155134
0.053298990000000004 -0.7159728152805978 0.0341173238359835 -0.027803012071602677 0.6967394983156837
0.053477345 -0.7158629519431422 0.03346575263251742 -0.028751352604651215 0.6968454901621959
