0 -0.7067529998956005 0.00035399999994770805 0.0003529999999478558 0.7074602089259648
0.0008119140000000001 -0.06101043021888044 0.6975861691898644 0.7094103615469333 0.07994250094372479
0.001107436 -0.687923986170483 -0.13336140654436407 -0.15224690996140963 0.6969908696914622
0.001353952 -0.20378728578710223 0.6699352032522438 0.6776277447395215 0.22467577765660238
0.001538405 -0.6456479449308229 -0.2726116070272331 -0.29274133272186736 0.6504800647710995
0.001734436 -0.3377830022359487 0.6134146092551047 0.616642625074847 0.3596910963711736
0.0019133770000000002 -0.5755194103704996 -0.4001514723763707 -0.42058037113486973 0.5759936319811079
0.00208733 -0.4572301462097793 0.5304503913523099 0.5291015914067562 0.47918158962450386
0.0022359890000000003 -0.48055293327898635 -0.5104822125342106 -0.5302616257644395 0.47675988790333573
0.002377506 -0.5569830955717813 0.42460826257700823 0.41878875612987143 0.57800872561103
0.0025128050000000003 -0.3648337613329822 -0.5988467712640934 -0.6170702412463219 0.35707773505805984
0.002667276 -0.6327409108939164 0.30044109371127947 0.29046514455665445 0.6519237114675318
0.002811769 -0.23334096318215578 -0.6614366373479522 -0.6772849222634773 0.2221323603489123
0.002982081 -0.6812338368364719 0.16329339813312876 0.14966515519531284 0.6977510428903624
0.0031317750000000003 -0.0917304395902901 -0.6955676733632968 -0.7083508064404755 0.07777203615886702
0.003291618 -0.7003652315030704 0.019071284032110114 0.0024589191772301346 0.7135259490118537
0.0034424480000000003 -0.05356009798993529 0.6982151697478283 0.710239618246581 0.07236835500138415
0.0035821100000000003 -0.6893027657437039 -0.12601207621377533 -0.14480898682025892 0.6985797015707088
0.0037184590000000003 -0.1966254443982216 0.6720734967918753 0.6799880071979459 0.21743588536295122
0.003879477 -0.6485149623397235 -0.2657044160391696 -0.28579309132170827 0.653569098845551
0.004030257000000001 -0.3312164889640918 0.6169838123006484 0.620445476629076 0.3530959171161728
0.004189202 -0.5797514961716226 -0.3939842223703319 -0.41442102499601446 0.5804488790918674
0.004343889 -0.45154154456983525 0.5352980600758174 0.5341832902187754 0.4735146118449187
0.004484364 -0.48596805960888395 -0.5053208811320793 -0.5251562225027099 0.48238828845637627
0.0046304530000000005 -0.5524175032090164 0.4305261569093344 0.4249300455655161 0.5735135725595035
0.0047888720000000004 -0.37119889302775283 -0.5949140648115694 -0.6132382127642105 0.36363541492109375
0.00497091 -0.6294952365793007 0.30717463879343826 0.2974011517815054 0.6487935618774604
0.005137509 -0.24038212478199142 -0.6589027160258468 -0.6748908824417469 0.22933503843625572
0.005274089 -0.6794482400464203 0.17055271983350642 0.157096834402815 0.6961202619520486
0.005422473000000001 -0.09914442065619357 -0.6945489655963052 -0.7075032653008496 0.08530682035131304
0.005572906000000001 -0.7001170278760221 0.02654371771216126 0.010065933391557825 0.713464260225443
0.0057091730000000005 -0.04610306973649924 0.6987722258729068 0.710996758767296 0.06478545782089053
0.0058913820000000006 -0.6906030531260933 -0.11864849890526036 -0.13735445820412218 0.7000891458944916
0.006052653000000001 -0.18944117597686477 0.6741355770645248 0.6822711603735945 0.21017110604989417
0.006193141 -0.6513081102244818 -0.2587670761428582 -0.2788122082052474 0.6565839094788252
0.006345535 -0.3246122840993436 0.6204828409801609 0.6241778309687107 0.3464604709811529
0.006501304 -0.5839175201871935 -0.3877722158772186 -0.40821441376814266 0.5848382743146393
0.006642671 -0.4458015729789363 0.5400847905982836 0.5392043040164087 0.46779370074524773
0.006791040000000001 -0.4913277810226753 -0.5001021084267246 -0.519990974439963 0.48796205856578434
0.006950607 -0.5477890604156785 0.4363950041070787 0.4310230920768199 0.5689531374233314
0.0071113850000000004 -0.3775216667018386 -0.5909136906599645 -0.6093363373068221 0.3701520571139941
0.007252740000000001 -0.626177930461379 0.3138731534211137 0.3043034368794452 0.6455895923207623
0.007396482 -0.2473958063062919 -0.6562937037233358 -0.67241991159668 0.23651207049700945
0.007538896000000001 -0.6775853113461046 0.17779254580883722 0.1645107631384729 0.6944103044771445
0.007670357000000001 -0.1065470406235343 -0.6934480287296638 -0.7065723047435174 0.09283263056720356
0.007837687000000001 -0.6997891218083131 0.03401303771631707 0.017671930890527487 0.7133214525517394
0.008014323 -0.038640012288209305 0.6992609438750121 0.7116874780280448 0.057194550343984844
0.008162945000000001 -0.6918247013003639 -0.11127151274568464 -0.1298841722179448 0.7015190288804795
0.00831027 -0.18223529091739227 0.676121254781106 0.6844769875178726 0.202882260227967
0.008474474000000001 -0.6540270716201148 -0.2518003772372613 -0.27179947731500037 0.659524151198049
0.008634332 -0.3179711374072843 0.6239113038225239 0.6278392669012914 0.33978551050512035
0.008770539 -0.5880170091106975 -0.38151616056372145 -0.4019612429871079 0.5891613152208436
0.00893477 -0.4400108841919841 0.5448100407827985 0.5441640615442489 0.4620195055095451
0.00910297 -0.496631488228828 -0.4948264896778897 -0.5147664685126778 0.49348056027441156
0.009277073 -0.5430982941253472 0.44221413778801766 0.43706720198300447 0.5643279375792538
0.00944785 -0.38380136323011327 -0.5868461080191035 -0.6053650597427479 0.3766269151887512
0.009610214 -0.6227893706626155 0.32053587623498153 0.3111712141051497 0.6423121658799584
0.009769603 -0.25438120882948745 -0.6536099233234982 -0.6698723122090101 0.24366263182092304
0.009921175 -0.6756452635764538 0.18501205268540347 0.17190609754986946 0.6926213634792968
0.01009428 -0.11393744876657148 -0.6922660924989648 -0.7055590097568674 0.10034855855299653
0.010248041000000001 -0.6993815515600609 0.04147839420585525 0.025276046120526825 0.7130975405084604
0.010411100000000001 -0.031171858128676844 0.6996829456257369 0.7123234199611788 0.04959643619684381
0.010554597 -0.6929675722000045 -0.10388195737154078 -0.1223989787701018 0.7028691858168464
0.010711724 -0.17500860110043462 0.6780303584886039 0.6866052902978242 0.19557017045724898
0.010874328 -0.6566715380090988 -0.2448051125454403 -0.26475569622974976 0.6623894870396996
0.01104269 -0.3112938027214625 0.6272688180263143 0.6314293719199249 0.33307179263544245
0.011215826 -0.5920494972151573 -0.37521676908339074 -0.3956622234946355 0.5934175069661322
0.011369738 -0.43417013668324766 0.5494732756117061 0.5490619986047526 0.456192681359234
0.011517237000000001 -0.5018785783221235 -0.48949462654059067 -0.5094832983674736 0.49894316196462746
0.011661505 -0.5383457383354924 0.44798289727272783 0.4430616871856833 0.5596384977645328
0.011833910000000001 -0.39003726842088576 -0.5827117833695826 -0.6013248325151809 0.38305924754868037
0.0120081 -0.6193299433975633 0.327162049976007 0.31800370163906455 0.6389616539956742
0.012167805 -0.2613375368501305 -0.6508517021033469 -0.6672483915363251 0.2507859011079087
0.012318448000000001 -0.6736283183458076 0.19221041942282194 0.17928199589532678 0.6907536409653122
0.012488810000000001 -0.12131479326807998 -0.6910039894114034 -0.7044641356778254 0.10785370943797419
0.012638566 -0.6988943644541803 0.04893893781110925 0.03287741373447147 0.7127925478533339
0.012787986000000001 -0.023724608363482377 0.6996985084557614 0.712984864236389 0.04200005337869554
0.012956619 -0.6940315367247847 -0.09648067383338382 -0.11489972947558318 0.704139461080676
0.013114013 -0.1677619196036013 0.6798627368962062 0.6886558912885061 0.18823566111779572
0.013281586000000001 -0.6592412093563023 -0.23778207852453737 -0.25768166607386395 0.6651795885875115
0.013441452000000001 -0.3045810378456405 0.6305550095930874 0.6349477423433665 0.3263200786326257
0.013612141000000001 -0.5960145264059128 -0.36887475899678923 -0.38931807135839597 0.5976063623460364
0.013774621 -0.4282799945690722 0.5540739672583119 0.5538975581332461 0.4503138894768072
0.013984332 -0.5070684548517485 -0.48410712700296404 -0.5041420642993952 0.5043492384287606
0.014146009000000001 -0.53353193404579 0.4537006276619857 0.44900586524917857 0.5548853500165859
0.014298044000000001 -0.39622867309419324 -0.5785111904543486 -0.5972161156338157 0.38944831752747106
0.014453051000000001 -0.615800042928393 0.33375092157226843 0.32480012167687744 0.635538436423976
0.014593866 -0.2682639983520884 -0.6480193724324533 -0.6645484622879203 0.2578810605110723
0.014738074 -0.6715347060043403 0.199386827407734 0.18663761863988176 0.6888073479118585
0.014898843 -0.1286782244866751 -0.6896623185765139 -0.7032882328086734 0.11534719817412087
0.015076491000000001 -0.6983276168707169 0.05639381972824962 0.04047516869040641 0.712406507581103
0.015232200000000001 -0.007521176828815608 0.01924311661499825 -0.06562755251216906 0.9976316480302989
0.015373739 -0.6950164747552258 -0.0890685045000944 -0.10738727755898082 0.7053297081553458
0.015527601 -0.16049606036046088 0.6816182618960756 0.6906286372200492 0.1808795581461841
0.015677059 -0.6617357941429408 -0.23073207477535132 -0.2505781914261825 0.6678941360094272
0.015846579 -0.2978336044539205 0.6337695134746354 0.638393983470816 0.31953113397338195
0.016018749000000002 -0.5999116462725753 -0.36249085269098014 -0.38292950779139096 0.6017274018507418
0.016202093 -0.42234112752976527 0.5586115951590419 0.5586701902734367 0.44438379692869173
0.016336692 -0.5122005278886896 -0.4786646053227323 -0.49874337318880296 0.5096981709388967
0.016483077000000002 -0.5286574291955981 0.4593666799137155 0.4548990594804063 0.550069033611751
0.016629701 -0.4023748731598798 -0.574244810263607 -0.5930393766601619 0.39579339346821396
0.016773820000000002 -0.612200071519482 0.3403017422253399 0.3315597005185685 0.6320429011927572
0.016945331 -0.2751598048697786 -0.6451132723245931 -0.6617728431589551 0.2649472956877283
0.017112046000000002 -0.6693646656174745 0.2065404605472275 0.19397212855101817 0.686782704241146
0.017259267000000002 -0.13602689587997843 -0.6882415377736085 -0.702031723116086 0.12282814714418071
0.017392473000000002 -0.6976813742401642 0.06384219181600853 0.04806844635007769 0.711939461919472
0.017549033000000002 -0.007376399426079379 0.024313974350257835 -0.059877464214657665 0.9978839892387451
0.017692808 -0.6959222751660521 -0.08164629296298526 -0.09986247775728604 0.7064397896468729
0.017864902000000002 -0.1532118377514262 0.6832968325269844 0.6925234032538925 0.1735026887281194
0.018051845 -0.664155009399578 -0.22365590395153886 -0.2434460802284922 0.6705328180935719
0.018208385 -0.29105226798850903 0.6369119737371582 0.6417677097545312 0.3127057282517618
0.018361055 -0.6037404141400785 -0.3560657772983451 -0.37649725907064036 0.6057801537190303
0.018512973000000002 -0.41635421073064094 0.5630856460862126 0.5633793524535848 0.4384030765872916
0.018659755 -0.5172742140924409 -0.4731676819623964 -0.49328783843695767 0.5149893473160113
0.018822792 -0.5237227786005997 0.4649804109194895 0.4607405990083161 0.5451900950032024
0.018996141 -0.4084751696954121 -0.5699131310139001 -0.5887950906870997 0.40209374880231424
0.019171068000000003 -0.608530439391089 0.3468137674962417 0.3382816686570436 0.6284754445571694
0.019340124 -0.28202417155673365 -0.6421337458744478 -0.658921859254284 0.2719837958567951
0.019496746000000002 -0.6671184449383054 0.21367050536199123 0.20128469079414768 0.6846799387955828
0.019643515 -0.14335996417235092 -0.6867420175392409 -0.7006949476840965 0.13029568456806406
0.019804754 -0.6969557110357326 0.07128320669233455 0.05565638257745918 0.7113914623240087
0.019980788000000003 -0.007124691630792415 0.02937863566115153 -0.05412300765729741 0.9980785064971104
0.020147154 -0.6967488358386223 -0.07421488393975902 -0.09232618622251207 0.7074695772992234
0.020294878000000002 -0.14591006610416496 0.6848983802326021 0.6943400986797422 0.1661058809334043
0.020434605 -0.6664985807381402 -0.21655437166843683 -0.23628614369359766 0.6730953322832611
0.020576913000000002 -0.2842377975547808 0.63998204374586 0.6450685449939635 0.3058446350781168
0.020722581 -0.607500395118881 -0.3496002646147797 -0.3700220564552086 0.6097641539913454
0.020902142000000002 -0.4103199247422007 0.5674956142215978 0.568024509463541 0.43237240705218294
0.021065292000000003 -0.5222889367769923 -0.46761698352319986 -0.48777607990036576 0.5202221619984292
0.021227428000000003 -0.5187285438886192 0.4705411835805967 0.4665298188629309 0.5402490877580093
0.021376911000000002 -0.4145288690233759 -0.5655166481220563 -0.5844837403133603 0.4083486621282541
0.021526103 -0.6047915646720966 0.3532862573909481 0.34496526086634066 0.6248364709541117
0.021703738 -0.2888563172568751 -0.6390811436037259 -0.6559958424250921 0.27898975386135266
0.02187725 -0.6647963003790184 0.2207761510791828 0.20857447302782897 0.6824992893114187
0.022038845 -0.15067658928691832 -0.6851640741098975 -0.6992781965843806 0.1377489434370105
0.022195476000000002 -0.6961507107645927 0.0787160178309679 0.06323811383722623 0.7107625694719937
0.022344431 -0.006766083076209101 0.0344364880656987 -0.04836629509474411 0.9982151188699955
0.02251736 -0.697496063672324 -0.0667751231783305 -0.08477926042415115 0.7084189520085901
0.022662632000000002 -0.13859155907216697 0.6864228759188981 0.6960786745992222 0.15868996327463242
0.022795724 -0.6687662423829581 -0.20942828641152983 -0.22909919621300293 0.6755813847110274
0.022969917000000003 -0.27739096581324074 0.6429793863742722 0.6482961225559801 0.2989486319756444
0.023118759000000003 -0.6111911621542679 -0.3430950510172554 -0.36350463610357814 0.6136789465619987
0.023287702 -0.4042389554594506 0.5718410012310091 0.5726051335328677 0.42629247257045444
0.023452348 -0.5272441259760946 -0.46201314267793625 -0.4822087238239331 0.5253960161095969
0.023595925 -0.513675293434604 0.4760483668837037 0.47226606005397787 0.5352465724933493
0.023742033000000003 -0.4205352827886195 -0.5610558641746247 -0.5801058156135309 0.4145574172901153
0.023926529000000002 -0.6009838733518442 0.35971847644544463 0.35160971628939963 0.6211263929557735
0.024072153000000002 -0.2956554645780439 -0.6359558227355014 -0.652995131536276 0.2859643662352774
0.024241205000000002 -0.6623984969813256 0.22785658972500822 0.2158406454987163 0.6802410023913663
0.024389498000000003 -0.15797593422286657 -0.6835079901053177 -0.6977817280612351 0.14518706079721666
0.024540758000000003 -0.6952664659580842 0.08613977965792512 0.07081277729316353 0.7100528532552188
0.024678138000000002 -0.006300704092130846 0.039486274388990134 -0.042608852599768855 0.99829378804802
0.024841357 -0.6981638745949441 -0.059327857360523845 -0.07722255905147685 0.7092878038366267
0.024998217000000003 -0.13125712884751503 0.6878703395454004 0.6977391344282005 0.1512557641635599
0.025152347000000002 -0.6709577372008318 -0.20227845944456554 -0.22188605526421534 0.6779906902316661
0.025311473 -0.27051254886790926 0.6459036742436828 0.6514500856268632 0.29201850027413134
0.025466062 -0.6148122960747824 -0.33655087738078804 -0.3569457389903963 0.6175240832304921
0.025610839000000003 -0.398111994020308 0.576121316340139 0.5771207044103069 0.42016396295618236
0.02575681 -0.5321392185077881 -0.45635679810265667 -0.47658640277300535 0.53051031752515
0.025939543000000002 -0.508563602294794 0.4815013359761192 0.47794866964914956 0.5301831168118712
0.026114605000000003 -0.4264937280350025 -0.556531288893314 -0.5756618141040835 0.42071930345582365
0.026272861 -0.5971077992310471 0.36610969381033587 0.35821427852539894 0.6173456312222444
0.026434337000000002 -0.3024208399673034 -0.6327581474110625 -0.649920072678216 0.29290683327325506
0.026564745 -0.6599253083859046 0.234911016216998 0.22308238113622886 0.6779053334762135
0.026715333 -0.16525716494064335 -0.6817740278573433 -0.6962057811018182 0.15260917726805476
0.026897746 -0.6943030781608931 0.09355364764788243 0.07837951090649711 0.7092623927717419
0.027078968000000002 -0.0057287124668148354 0.04452662822921815 -0.03685210303786909 0.9983144964498796
0.027234919000000003 -0.6987521935720099 -0.05187393400565573 -0.06965694191570568 0.7100760320226451
0.027380643000000003 -0.12390758514479996 0.6892408533357208 0.6993215484608034 0.1438041112286604
0.027510992 -0.6730728167301074 -0.19510570471734046 -0.21464754131768343 0.6803229724542931
0.027665715 -0.263603326150539 0.6487545899992425 0.6545300875030706 0.28505502500052127
0.027822051 -0.6183633856397482 -0.3299684889948187 -0.35034611082259814 0.6212991237519622
0.027999605 -0.39193973672309007 0.580336076411959 0.581570709444903 0.41398757350901155
0.028165612000000003 -0.5369736580381946 -0.45064859440732613 -0.47090975556432263 0.5355644809392636
0.028308157 -0.5033940521400578 0.48689947224068625 0.48357700085200533 0.5250592952362263
0.028444601000000003 -0.43240352728171594 -0.5519434390968418 -0.5711522407058451 0.42683361519507707
0.028587088 -0.5931637838718081 0.3724591833349975 0.3647781957166511 0.6134946144531861
0.028727548000000002 -0.3091516737877229 -0.6294884888606498 -0.6467710193338668 0.2998163591034257
0.028898661000000003 -0.6573770168008524 0.24193862845597497 0.23029885564692615 0.6754925468154277
0.029081631 -0.17251945027418572 -0.6799624381959786 -0.6945505838283393 0.1600144367202277
0.029246766 -0.6932606579192008 0.10095677842044672 0.08593745353413973 0.7083912763165873
0.029408052 -0.0050502877899691375 0.04955612897778699 -0.031097413393109435 0.9982772450213319
0.029553313 -0.6992609546150994 -0.044414201374017616 -0.062083269852026925 0.7107835449947667
0.029700007 -0.11654373386507674 0.6905345802378033 0.7008260743882038 0.13633583044174843
0.029855498 -0.6751112412087661 -0.18791083877315612 -0.2073844777433806 0.6825779637734163
0.030011006000000003 -0.25666408029995696 0.6515318266310337 0.6575357919295486 0.27805899476576323
0.030176635 -0.6218440275859053 -0.32334863547901976 -0.3437065019549391 0.6250036358867302
0.030334225000000003 -0.3857228849430467 0.5844848060260083 0.5859546436691223 0.4077640049318326
0.030481386000000003 -0.5417468951445376 -0.44488918206546796 -0.4651794271959446 0.5405579279302848
0.030621836000000003 -0.49816723118842093 0.49224216337034177 0.4891504130795574 0.5198756891427507
0.030784713000000002 -0.4382640085991345 -0.5472928386595851 -0.5665776077032713 0.4328996525569073
0.030954541000000002 -0.5891522765467261 0.37876622365126245 0.37130072063505004 0.6095737793385818
0.03112213 -0.31584720039630587 -0.6261472255367792 -0.6435483325095 0.3066921517621987
0.031274397 -0.6547539129691563 0.24893862741769904 0.23748924760858664 0.6730029154367488
0.031427898 -0.17976196187325807 -0.67807346635657 -0.692816359198004 0.16740198606486684
0.031573757 -0.6921393247678036 0.10834832983630402 0.09348574502683701 0.7074396013714026
0.031715318 -0.004265641262643199 0.054573272516196134 -0.02534606036732605 0.9981820545231759
0.031892311 -0.6996901007891156 -0.036949508370265345 -0.054502404621513 0.7114102603800349
0.032054867 -0.10916637530579551 0.6917517901246691 0.7022529867147937 0.12885174497845828
0.032215607 -0.6770727796015202 -0.180694680655967 -0.2000976907170458 0.6847554053990118
0.032387286 -0.2496955970356208 0.6542350878503423 0.6604668734965246 0.27103120164737166
0.032526643 -0.6252538266731298 -0.3166920706985536 -0.3370276673049323 0.6286371954489607
0.032681417000000004 -0.3794621450478956 0.5885670375599843 0.5902720098844116 0.40149396324750813
0.032840965 -0.5464583873774208 -0.4390792173428591 -0.4593960687761941 0.545490087025607
0.033017888 -0.4928837341367692 0.4975288034423556 0.49466827203955777 0.5146328866943236
0.033173541 -0.44407450568419404 -0.5425800184673625 -0.5619384347008616 0.43891672114683505
0.03333398 -0.5850737341871082 0.385030098256654 0.3777811107680733 0.6055835705085559
0.033483428 -0.3225066582228353 -0.6227347432171213 -0.6402523808358244 0.3135334232707805
0.033630006000000004 -0.6520562961351865 0.2559102172441892 0.2446527385639768 0.6704367211147828
0.033771858 -0.1869838741732606 -0.6761073560208359 -0.6910033289351472 0.17477097512077436
0.033946741 -0.6909392072162045 0.11572746109323509 0.101023526327206 0.7064074745930691
0.034106865 -0.003375062607691162 0.05957629512230581 -0.01959903878346943 0.9980289732677649
0.034267338 -0.7000395842185339 -0.029480704446729726 -0.04691520881292226 0.7119561050134776
0.034425679 -0.10177630171726805 0.6928928976103336 0.7036027197525269 0.12135267370221857
0.034577372 -0.6789572096259205 -0.17345805181722665 -0.19278800912609598 0.6868550473856004
0.034726316 -0.24269866502431822 0.6568640885341765 0.6633230181086612 0.26397244106690443
0.034900279 -0.6285923957292504 -0.3099995526787825 -0.3303103662672214 0.632199386354413
0.035064421000000005 -0.37315822831232226 0.5925823112740725 0.5945223187496467 0.39517815971464093
0.035227309000000005 -0.5511075993223048 -0.4332193622252789 -0.4535603374516313 0.550360393765822
0.035375128 -0.48754416209174084 0.5027587929923049 0.5001299498075359 0.5093314827723824
0.035528497 -0.44983435793524446 -0.5378055163705904 -0.5572352485769443 0.44488413220359235
0.03567853 -0.5809286213302848 0.3912500955971475 0.38421862840433346 0.6015244404822786
0.035839259000000005 -0.32912928984940976 -0.6192514350824253 -0.6368835406447794 0.32033938971305603
0.036006296 -0.6492844740102076 0.2628526053347029 0.2517885131143015 0.6677942543385934
0.03618345 -0.19418436438829856 -0.6740643521234023 -0.6891117162817203 0.18212055653759626
0.036328522 -0.6896604427336743 0.12309333282198497 0.10854993956765305 0.7052950118012677
0.036478764000000004 -0.002379240785010051 0.06456195403222585 -0.013855733458002603 0.9978181336906055
0.03664042 -0.700309366092609 -0.02200863950665838 -0.039322545744404004 0.7124210149461299
0.036791225000000004 -0.09437429390507512 0.6939585176194336 0.7048759318323026 0.11383942910785758
0.036959918 -0.6807643177774605 -0.16620177602244643 -0.18545626447521685 0.6888766486603268
0.03712987 -0.23567407573864196 0.6594185552544126 0.6661039235440879 0.25688351166144563
0.037292625 -0.631859355693946 -0.3032718435194627 -0.32355536262739976 0.6356898006672844
0.037446323000000004 -0.36681185083138096 0.5965301753985828 0.5987050888730586 0.3888173107423289
0.037594583 -0.555694002660219 -0.4273102843453835 -0.44767289633412655 0.5551682907680905
0.03774901 -0.48214912249980574 0.5079315390878193 0.5055348249036371 0.5039720789081102
0.037915765000000004 -0.45554291052636975 -0.5329698771350746 -0.5524685834350983 0.4508012026753809
0.038086025 -0.5767174100660406 0.39742550914946695 0.39061254071867674 0.5973968496159547
0.038232765 -0.33571434209050716 -0.6156977017738654 -0.6334421960262193 0.327109271314548
0.038387719 -0.6464387627369261 0.2697650024363729 0.25889575901233 0.6650758142782943
0.038540181 -0.20136261252332915 -0.6719447028268679 -0.6871417479450961 0.18944988575953955
0.038691764000000003 -0.6883031777333004 0.13044510718198132 0.11606412816816226 0.7041023379649975
0.038863203000000006 -0.0013223827603911554 0.06936941920190524 -0.007921325664086477 0.9975687129957719
0.039041192 -0.7004994166695535 -0.014534163807399527 -0.031725279365119166 0.7128049354520042
0.039202092 -0.0869611164224617 0.6949495486080164 0.7060736035648155 0.10631281447904944
0.039350485000000004 -0.6824938993536837 -0.15892667925747675 -0.17810329079165027 0.6908199770500305
0.039515488 -0.22862262330552635 0.6618982269125331 0.6688093001257507 0.2497652151479355
0.039660581 -0.6350543356617165 -0.2965097093084175 -0.3167634244752814 0.6391080386461413
0.039829627 -0.36042373343274636 0.6004101862255152 0.6028198469083104 0.38241213780386824
0.040004513000000005 -0.560217076227673 -0.42135265690871043 -0.44173441442703404 0.5599132277887516
0.040179123000000004 -0.47669922907651935 0.5130464554021356 0.5108822823692809 0.4985552832128023
0.040335879000000005 -0.4611995144811517 -0.5280736523906322 -0.5476389805533927 0.456667255295635
0.040489265 -0.5724405799821525 0.40355563750291606 0.3969621198568287 0.5932012660499053
0.040627125 -0.3422610660734157 -0.6120739514333117 -0.629928738867903 0.33384229252219233
0.040772806 -0.6435194868530565 0.2766466227344898 0.26597366725518207 0.6622817087506527
0.040950864000000003 -0.2085178014016458 -0.6697486609274538 -0.6850936554922065 0.1967581210188644
0.041116061 -0.6868675675549948 0.13778194795688406 0.12356523693394125 0.7028295871880588
0.041274623 -0.0657240309044868 -0.6991357788924344 -0.7111715858502323 0.05133603155335022
0.04142796 -0.7006097152796771 -0.007058127863539738 -0.024124274156785447 0.7131078210340147
0.04157269 -0.07953751066482362 0.6958672996246242 0.7071971924342725 0.09877361988970132
0.041719729000000004 -0.6841457584772838 -0.15163358963452292 -0.17072992453018265 0.6926848093073126
0.04189918 -0.22154510434273045 0.6643028555067614 0.6714388715338357 0.24261835617891467
0.042079281 -0.6381769729239364 -0.2897139200347199 -0.30993532411764974 0.6424537087889253
0.042244891 -0.35399460158773366 0.6042219082048252 0.6068661276555071 0.3759633673493404
0.042410552000000004 -0.5646763060757635 -0.41534715861885885 -0.4357455665505158 0.5645946617851536
0.042563209000000005 -0.47119510173496976 0.5181029622875383 0.5161717138437497 0.4930817103073904
0.042698230000000004 -0.4668035267458428 -0.5231174005777114 -0.5427469883316139 0.46248161865827564
0.042883684000000005 -0.5680986181090589 0.4096397844407435 0.40326664301959364 0.5889381656547382
0.043059449 -0.34876871731889536 -0.6083805997293532 -0.6263435688815041 0.3405376820847439
0.043230912 -0.6405269792539269 0.28349668394241817 0.27302143217677327 0.6594122541837022
0.043380943000000005 -0.21564911670461873 -0.6674764848647781 -0.6829676763563637 0.2040444233515373
0.043525374000000006 -0.6853537764475014 0.1451030206499644 0.13105241215291838 0.7014769026934863
0.043680133 -0.0731647237541762 -0.6982546513097048 -0.7105500038816733 0.05889912699456416
0.043842178 -0.7006402503274902 0.00041861764999353445 -0.01652039503516046 0.7133296354288543
0.044019796 -0.07210418486742187 0.6967136878125074 0.708248883936205 0.09122261650281255
0.044192737 -0.6857197081182004 -0.14432333729790717 -0.1633370044778511 0.6944709311355897
0.044374355000000004 -0.21444231778054168 0.6666322070663002 0.6739923757965762 0.23544374218785236
0.044522572 -0.6412269130099683 -0.2828852495013874 -0.30307183799048926 0.6457264278770337
0.044681194 -0.3475251853210026 0.6079649140462575 0.610843474168069 0.36947173071703704
0.044854002000000004 -0.5690711855284801 -0.4092944736018632 -0.4297070332660296 0.5692120569766919
0.045025132 -0.4656373665134045 0.5231004868487394 0.5214025176407235 0.48755198125114624
0.045188574 -0.4723543102619564 -0.5181016868921858 -0.5377931622366563 0.4682436272924117
0.045339895000000005 -0.5636920188636446 0.41567725902104297 0.40952539254659653 0.5846080319766235
0.045485564000000006 -0.3552365558219702 -0.6046180698713688 -0.6226870936168933 0.34719467313362556
0.045619081000000006 -0.637461581154131 0.2903144073911499 0.28003825153991063 0.6564677755803621
0.045783135 -0.22275574702117495 -0.6651284394527034 -0.680764054569694 0.21130795662946433
0.045972095000000004 -0.6837619775493644 0.15240749257929168 0.13852480169307282 0.7000444368069515
0.046159468 -0.08060291200667603 -0.6973393994137579 -0.7098342806501953 0.06645643061585779
0.046328474 -0.7005910192927777 0.007895221994854115 -0.008914507251472765 0.7134703516108186
0.046466943000000004 -0.06466179975718099 0.6974915490193513 0.7092320152290995 0.08366054842142522
0.04661523 -0.6872155701147135 -0.13699675432958996 -0.15592537165837972 0.6961781372131296
0.046793737 -0.20731506466527447 0.6688860627976831 0.6764695665079913 0.2282421832218203
0.046975222000000004 -0.6442038097273386 -0.27602447523760615 -0.2961737465707141 0.6489258210184721
0.047148772000000005 -0.34101621911884006 0.611638784827814 0.6147514378665828 0.36293796404363265
0.04731283 -0.5734012152401854 -0.4031952913297982 -0.42361950080002014 0.573764884905051
0.047469041000000003 -0.46002665550203276 0.5280384630162742 0.5265740988248772 0.48196672346955166
0.047610673000000006 -0.4778512340382335 -0.5130270832284423 -0.5327780647461874 0.47395262173648234
0.047758046000000005 -0.5592212839921593 0.4216673756571955 0.4157376559995831 0.5802113561816703
0.047937067 -0.36166384613274555 -0.6007867926134961 -0.6189597284664818 0.3538125032640876
0.048129092000000005 -0.6343236420482049 0.29709901811847256 0.28702332662802105 0.6534486064810845
0.048292408 -0.22983688390502194 -0.6627047964110435 -0.6784830412987141 0.21854788760532967
0.048458783000000005 -0.6820923528688965 0.15969453297273195 0.14598155509959707 0.6985323509391196
0.048608877 -0.08803309148213614 -0.6963687101120827 -0.7090481821743767 0.07400646160766128
0.048754006 -0.7004620287306262 0.015370834466212551 -0.0013074762938121024 0.7135299517945836
0.048942557000000005 -0.057210949310827555 0.698205121748463 0.7101518232642243 0.07608812139559605
0.049124433 -0.688633175193513 -0.12965467465445776 -0.14849586923635116 0.6978062312160788
0.049280153 -0.20016414794012954 0.6710642205023623 0.6788702143364446 0.22101449175858648
0.049444468000000005 -0.6471073252009802 -0.26913237841049814 -0.2892418342874121 0.65205152169006
0.049608305000000005 -0.3344684418358958 0.6152431101121111 0.6185895786609437 0.35636280817301713
0.049773119000000005 -0.5776659032522741 -0.39705030654361784 -0.41748366096681766 0.5782526244936378
0.049958299000000005 -0.45436360676900367 0.5329163316199945 0.5316858692886048 0.47632657068134404
0.050125417000000005 -0.48329367322198075 -0.5078941681208688 -0.527702265290699 0.47960794861182676
0.050299566000000004 -0.5546869225122616 0.4276094541978427 0.42190272624527114 0.5757486369994169
0.050458515 -0.36804985743717566 -0.5968872062500287 -0.6151618966611202 0.360390414616547
0.050610805 -0.6311135196703642 0.30384974495775346 0.2939758623365169 0.650355088925516
0.050775282000000005 -0.23689172193800181 -0.6602058347534806 -0.6761248952371456 0.22576338596703968
0.050953737000000006 -0.6803450932631127 0.1669633130627335 0.15342182369187124 0.6969408155669797
0.051138732000000006 -0.09545352868090053 -0.6953338997199661 -0.7081915097731889 0.08154833487804482
0.051313548 -0.7002532942704276 0.022844604489693124 0.00629983221150902 0.7135084274369288
0.051463486 -0.04975214265530982 0.6988607360472502 0.7110168457128663 0.06850598958232802
0.051632483 -0.6899723629887631 -0.12229793394539301 -0.1410493424211301 0.6993550258404617
0.051797302 -0.1929903721977273 0.6731664963435277 0.681194108908645 0.2137614825044551
0.051982234 -0.6499371299115156 -0.2622097437364426 -0.2822768894326104 0.6551031717787043
0.052152176 -0.32788259660023233 0.6187774880721001 0.6223574650823488 0.34974700856370183
0.052320507 -0.5818647650489929 -0.3908602191752785 -0.41130021109078885 0.5826747621062011
0.052480154 -0.44864886428555467 0.5377335404627718 0.5367372478289929 0.4706321628247136
0.052632899000000004 -0.4886810091697552 -0.5027035266838731 -0.5225663401940669 0.4852089606956495
0.052785582000000004 -0.5500894506542139 0.43350282000642487 0.4280199015377721 0.5712203806654251
0.052946847000000005 -0.37439386363769545 -0.5929197566034793 -0.6112940292587581 0.3669276539580029
0.053134193 -0.6278315799532838 0.31056582062633625 0.30089506726378673 0.6471875734131841
0.053298990000000004 -0.24391945879833787 -0.6576318410704888 -0.6736898828940823 0.23295362439953593
0.053477345 -0.6785203984156738 0.17421300618090055 0.1608447606602481 0.6952700102141314
0.053646302 -0.10286309924938576 -0.6942302393795775 -0.7072622182868148 0.0890812272678001
0.053815076 -0.6999648406138335 0.030315681718302557 0.013906552598612591 0.7134057792374141
0.053987378 -0.042285836313268155 0.6994672952000621 0.7118417756660168 0.060914755363696935
0.05415198500000001 -0.6912329820601504 -0.1149273695281362 -0.13358663837055115 0.7008243428231623
0.054314743000000006 -0.18579454339688004 0.6751927270662238 0.6834410611823123 0.20648397216807457
0.054485413 -0.6526929027326008 -0.2552573593919647 -0.275279704071578 0.6580804216217148
0.054641775000000004 -0.3212594307165149 0.6222415256279636 0.6260546744270425 0.34309131519463665
0.054798947 -0.5859973236124254 -0.3846257342691411 -0.4050698539277391 0.5870307916046286
0.054981307 -0.44288307785031683 0.5424895443945063 0.5417276602251405 0.4648841459826771
0.055174895 -0.49401262951740216 -0.49745575055050834 -0.5173708726127015 0.49075501699335927
0.055337908000000005 -0.5454293918012049 0.43934680404026083 0.4340884856005762 0.5666271008630004
0.055489781 -0.3806951434336719 -0.5888848970063499 -0.6073565651268802 0.37342347276344723
0.055650716 -0.6244781969859345 0.3172464818135287 0.3077801538017995 0.6439464188632167
0.055826484 -0.2509192953327062 -0.6549831097347864 -0.6711782788046113 0.24011777865233572
0.056000397 -0.6766184768137996 0.1814427878523399 0.1682495211626321 0.6935201234300448
0.05616846700000001 -0.1102608501912575 -0.6930548887910638 -0.706258550914447 0.09660431797435715
0.056339903000000004 -0.6995967015316831 0.03778321612933895 0.021511819260718996 0.7132220171380005
0.056515304 -0.034812911386823055 0.7000317754236391 0.7126542962514417 0.05331510993579131
0.056677347 -0.692414889909916 -0.10754382028595066 -0.12610860609437882 0.7022140129618761
0.056869457000000005 -0.178577468533845 0.6771427728106048 0.68561090646032 0.19918277920404118
0.057037109 -0.6553743309673065 -0.24827601692420412 -0.26825107395267944 0.6609829300461717
0.057211044 -0.31459969556712764 0.6256348385973087 0.6296807929140542 0.33639648246932075
0.057350120000000004 -0.5900631094766275 -0.3783475619026888 -0.39879329758560456 0.5913202144059063
0.057508036000000005 -0.4370669030127736 0.547183805386589 0.5466565393159838 0.45908317230759643
0.057670391 -0.49928792824941054 -0.4921514378097876 -0.5121164524733595 0.4962454828102825
0.05783908200000001 -0.5407072764288242 0.44514074292919587 0.4401077877081176 0.5619693186640312
0.058023332000000004 -0.3869529804015945 -0.584783088277442 -0.6033499509195378 0.3798771272971755
0.058187967 -0.6210537529704692 0.32389096926819183 0.3146303382263224 0.6406319925730924
0.058356519 -0.257890435631398 -0.6522599430490823 -0.6685903656825088 0.24725502761149595
0.058520999000000004 -0.674639545724186 0.1886518358897692 0.17563526242084326 0.6916913527682897
0.058691035 -0.11764589174817659 -0.6918060543449712 -0.7051792176892434 0.1041167799876689
0.058868584 -0.699148919859892 0.04524635812126983 0.029114766748806562 0.7129571603216232
0.059048179000000006 -0.027342024274252776 0.7004629290480381 0.7135246495547024 0.045710199372693106
0.059230409000000005 -0.6935179529988582 -0.10014812656410087 -0.11861609635755108 0.7035238761340401
0.05938954900000001 -0.17133995525512843 0.6790165207083938 0.6877035082548517 0.1918587235181996
0.059566585000000005 -0.6579811103835367 -0.24126651116097397 -0.26119179841678636 0.6638103644073371
0.059721654000000006 -0.30790414651097825 0.6289570518612307 0.633235415859638 0.32966326911802823
0.059897818000000005 -0.5940616607809108 -0.37202641710657847 -0.39247125544444406 0.5955425395382405
0.060070069000000004 -0.4312010009958604 0.5518157926069518 0.5515233250787636 0.453229899944852
0.060235697000000005 -0.5045063057675773 -0.48679119294274487 -0.506803676409687 0.5016797298227373
0.060400655000000004 -0.5359236420436879 0.45088397905382877 0.44607712276693234 0.557247562468951
0.060562743 -0.39316666307498443 -0.5806147986934368 -0.5992746410496821 0.38628787869394665
0.060707356000000004 -0.6175586381781909 0.33049852788591516 0.32144484078674496 0.637244670176422
0.060896585 -0.2648320871058806 -0.6494626513504511 -0.6659264345292368 0.25436455337500113
0.061090636000000004 -0.6725838311679045 0.19583933048738247 0.18300114381676016 0.6897839047637405
0.061266204000000005 -0.1250173618566965 -0.6904825711326792 -0.7040233086954258 0.11161778014906848
0.061445002000000006 -0.6986215474943076 0.05270425861056893 0.03671452987025677 0.7126112372097105
0.06161838 -0.007557142381273734 0.01670356066927456 -0.06844859988347884 0.9974914947689888
0.061771857000000006 -0.6945420467613274 -0.09274113007415945 -0.1111099615832225 0.7047537813147257
0.061968955000000006 -0.16408281139456024 0.6808138895233429 0.6897187632891896 0.18451262612392993
0.062153636000000005 -0.6605129452484949 -0.23422964012042916 -0.2541026803062684 0.6665624006260937
0.062331791000000004 -0.301173542779698 0.6322077995493925 0.6367181478717437 0.32289243809791474
0.062498183000000006 -0.5979925233222527 -0.36566301978402893 -0.3861044460757389 0.5996972836963397
0.062672644 -0.42528603861768494 0.5563849824958932 0.5563274647083263 0.44732499295564915
0.062846236 -0.5096671689589788 -0.4813756267573426 -0.5014331476975792 0.5070571361484312
0.06301896 -0.5310790331212073 0.45657586062331856 0.4519958113964137 0.5524623679458393
0.063187907 -0.39933548502395555 -0.5763805039563142 -0.5951310976573677 0.3926549930399192
0.06337408500000001 -0.6139932509045605 0.33706840679577005 0.32822288579549386 0.6337848355997825
0.06354148600000001 -0.2717434605682551 -0.6465915530817592 -0.6631867847096309 0.2614455413308504
0.06370031500000001 -0.6704515678943155 0.20300445431445835 0.19034632698822596 0.6877979949087467
0.063869707 -0.13237441226375216 -0.6890836733580141 -0.7027901934173286 0.11910648064694272
0.06405590600000001 -0.6980146453845204 0.06015606912850005 0.044310243787472094 0.712184285458656
0.064241105 -0.007462713697746025 0.021796381576276207 -0.06271830316691984 0.9977714781249781
0.064401336 -0.6954870556191823 -0.08532367379814756 -0.10359105575561244 0.7059035865935058
0.06456753400000001 -0.15680684441123888 0.6825348356976046 0.6916566080385153 0.17714530873515943
0.064734374 -0.6629695483621671 -0.2271662049203428 -0.24698452587356198 0.6692387232254298
0.064916502 -0.2944086473708815 0.6353867252478668 0.6401286030684699 0.3160847564907777
0.065094126 -0.6018552506068576 -0.3592580946295885 -0.37969359316104573 0.6037839712958237
0.06527279200000001 -0.4193226882123658 0.5608908588428694 0.5610684126974673 0.44136912123895483
0.065438232 -0.5147699312632378 -0.47590535632225095 -0.4960054761893905 0.5123770864161795
0.065606565 -0.5261740010425271 0.46221574175280655 0.45786318000920007 0.5476142779686425
0.065760438 -0.4054587449343978 -0.5720806871571147 -0.5909197905743069 0.39897774145332676
0.065963187 -0.6103579974232938 0.3435998594466421 0.3349637017170484 0.6302528810185892
0.066144282 -0.2786237703121901 -0.6436469748378866 -0.660371724002039 0.26849718023721847
0.066322438 -0.6682429993539595 0.21014639260870172 0.1976699759247109 0.6857338476282924
0.066503404 -0.13971620245757602 -0.6876088598099666 -0.7014794431791649 0.12658204049594526
0.066674042 -0.6973282835266553 0.06760094191783768 0.051901044116456733 0.711676351955234
0.06685287200000001 -0.007263600159331382 0.026866847409067935 -0.05696801204657155 0.9979945222776072
0.067029746 -0.6963528729947357 -0.07789660189252752 -0.09606023432267521 0.706973159190283
0.067211912 -0.14951286069642042 0.6841793613124778 0.6935170273773149 0.16975759327683015
0.067368259 -0.6653506410898435 -0.2200770096870183 -0.2398381446893452 0.6718390253659389
0.067532192 -0.2876102269379432 0.6384934822343703 0.6434664053254066 0.309240995398161
0.067710175 -0.6056494039008198 -0.35281237104726604 -0.37323942540998195 0.6078021345267949
0.067909652 -0.4133116275499457 0.5653329128644801 0.5657456309185495 0.4353629604525491
0.068085029 -0.51981401273905 -0.4703810048995518 -0.4905212782470478 0.5176389718349551
0.068259631 -0.5212091040306095 0.4678029825404472 0.46367856089118786 0.5427038425545477
0.068441785 -0.41153574668674764 -0.5677158387364563 -0.5866411972851887 0.4052554001648351
0.06860153100000001 -0.6066532919395298 0.35009214369313635 0.3416665212565404 0.626649206812015
0.068781308 -0.2854722341950019 -0.6406292513924932 -0.6574815686286776 0.27551866230421584
0.06897101700000001 -0.6659583776704711 0.21726433326931363 0.2049712570627235 0.6835916962541255
0.069154674 -0.14704189681103585 -0.6860578112105407 -0.7000907761432394 0.13404361673932963
0.06934053600000001 -0.6965625409551219 0.07503803002951484 0.05948606702535036 0.7110874928109672
0.069523209 -0.006957782299403849 0.03192928385874296 -0.051213047895881186 0.9981597681761571
0.069695245 -0.6971394013226601 -0.07046075959205121 -0.08851835409859721 0.7079623754700834
0.069875583 -0.14220166470518658 0.6857475246865462 0.6953000661467374 0.16235030128661357
0.070065732 -0.6676559533936598 -0.21296286146383714 -0.23266434955031529 0.6743630088803517
0.070238991 -0.2807790516760851 0.6415277337465352 0.6467311885578376 0.30236192983343235
0.070427749 -0.6093745522799348 -0.34632658306808367 -0.3667426764775981 0.6117513134065115
0.070596042 -0.4072535397553779 0.5697106432839296 0.570358588706679 0.4293071919331709
0.070770287 -0.5247988401299976 -0.4648032018764367 -0.48498117667412344 0.5228421902622169
0.070954641 -0.5161849070854844 0.4733369491440974 0.4694412922812142 0.5377316188004885
0.071124221 -0.4175657994343187 -0.5632864564421592 -0.5822958028861115 0.4114872505975429
0.07129673 -0.6028795565420713 0.3565445218810462 0.348330581447934 0.62297422151697
