0 -0.7067529998956005 0.00035399999994770805 0.0003529999999478558 0.7074602089259648
0.0008119140000000001 0.6456510408325576 -0.005774940965561037 0.0016581633362703098 0.7636089862277201
0.001107436 -0.8264943527835582 -0.0010805782137290958 -0.005930965858320881 0.5629128921783392
0.001353952 0.4740360401451217 -0.005995183589731964 0.00043348423592126656 0.8804849884780097
0.001538405 -0.9249276772677488 0.00016348075410249174 -0.006029497879789941 0.38009632278914757
0.001734436 0.2819834079768122 -0.005958352974868963 -0.0008109649399814645 0.9594005189764135
0.0019133770000000002 -0.983486749027337 0.0014014183907697468 -0.005870280916490378 0.18089421503770897
0.00208733 0.07777328045059675 -0.00566579547624626 -0.002021701001471213 0.996953024446327
0.0022359890000000003 0.9998084715633774 -0.002616017158961643 0.0053957356593349135 0.026189547477971607
0.002377506 -0.12979000588240275 -0.005129884142874892 -0.003146676580807456 0.9915233749426507
0.0025128050000000003 0.9726847073040907 -0.003671478250691414 0.004744555425576667 0.23206435322029076
0.002667276 -0.33175753854369633 -0.004373478889774956 -0.004137527718956624 0.9433456674466032
0.002811769 0.9037915461292105 -0.004571686685430006 0.0038896647811561703 0.4279330730948266
0.002982081 -0.5194216903370292 -0.0034289350398413743 -0.004951662566054676 0.8544971318349285
0.0031317750000000003 0.7959346057080345 -0.0052770523874090996 0.002866692870572135 0.6053537380263979
0.003291618 -0.6846915921086926 -0.0023367016847551003 -0.005554101915677193 0.7288085728905538
0.0034424480000000003 0.653762379214683 -0.0057568454962859264 0.0017194733265817484 0.7566765924319632
0.0035821100000000003 -0.820442067949499 -0.0011435686266219314 -0.0059189932514846135 0.5716992058827758
0.0037184590000000003 0.48340402781420194 -0.005990105574493169 0.0004972431366198405 0.8753771185789532
0.003879477 -0.9208212202040823 9.936560422343487e-05 -0.006030735469285444 0.38994298417031875
0.004030257000000001 0.29220420611746983 -0.00596652387812023 -0.0007474964149842731 0.956337377238278
0.004189202 -0.9815066808616072 0.0013389306651989715 -0.005884685430964045 0.19137625340785525
0.004343889 0.08840625011707838 -0.005686875249139577 -0.0019612508117160645 0.9960666604782109
0.004484364 1.0012505608942168 -0.0025614087015118176 0.005429723904254344 0.015505360590795436
0.0046304530000000005 -0.11920329080660526 -0.005162976258482807 -0.003091843459629442 0.9928519864494646
0.0047888720000000004 0.9751103912342495 -0.003620745316234544 0.004783193985216814 0.22167209189707004
0.00497091 -0.32167352205675365 -0.004417169292126111 -0.004090668932098837 0.9468319506918839
0.005137509 0.9083075946425431 -0.0045299515535944575 0.003937960271751195 0.41826519001712525
0.005274089 -0.5102751570801344 -0.003481353392978827 -0.004914792104607421 0.8599907493600963
0.005422473000000001 0.8023491390563173 -0.005246137358094767 0.0029225941448566724 0.5968267427142206
0.005572906000000001 -0.6768769348156225 -0.002395602329565181 -0.005528803494826685 0.7360726303859937
0.0057091730000000005 0.6617993096143298 -0.005738099000940088 0.0017805853825051446 0.749658042122394
0.0058913820000000006 -0.8142963311588739 -0.0012064277672428228 -0.00590635193916427 0.5804204546609646
0.006052653000000001 0.49271699668043667 -0.005984349321355262 0.0005609427025737791 0.8701695813318014
0.006193141 -0.9166097890062453 3.5240950028395614e-05 -0.006031291532935873 0.399745291815799
0.006345535 0.3023917514106149 -0.005974018604015206 -0.0006839459810027208 0.9531653535697344
0.006501304 -0.9794137146593357 0.0012762906641001009 -0.005898420139024343 0.2018366354729897
0.006642671 0.09902916871856318 -0.005707310064450194 -0.0019005809414877504 0.9950668941358092
0.006791040000000001 -0.004854596476289571 0.005866339948543748 0.010311555408270834 0.9999183941026856
0.006950607 -0.10860299032032321 -0.005195482432888256 -0.0030366623127610856 0.9940675644956259
0.0071113850000000004 0.9774260028341557 -0.003569608919660048 0.004821293233037533 0.2112544912906314
0.007252740000000001 -0.3115528681187374 -0.004460358008183253 -0.00404334874363767 0.9502104431071638
0.007396482 0.9127203625964707 -0.004487706812633 0.003985807202442595 0.40854965887817013
0.007538896000000001 -0.5010705119360941 -0.003533375907597767 -0.004877366730094078 0.8653864667215455
0.007670357000000001 0.8086723692192641 -0.0052146302201417786 0.0029781612585572698 0.588231784064234
0.007837687000000001 -0.6689851921455683 -0.0024542300004311087 -0.005502880546973098 0.743252900672786
0.008014323 0.6697609178647305 -0.00571870364905793 0.0018414925797934365 0.7425541340462218
0.008162945000000001 -0.8080578450396226 -0.0012691485169345471 -0.005893043357200045 0.5890756447991746
0.00831027 0.5019738867743608 -0.005977915518161724 0.0006245757084545329 0.8648629693914819
0.008474474000000001 -0.9122938785458039 -2.888591731031337e-05 -0.006031166065669175 0.4095021274121421
0.008634332 0.3125448841208412 -0.005980836330805103 -0.0006203208502109963 0.9498848089098119
0.008770539 -0.9772083433073592 0.001213506159753012 -0.005911484812901834 0.21227415270004568
0.00893477 0.10964082686118129 -0.005727097627292537 -0.0018396982776946458 0.9939538390481489
0.00910297 0.005814386868861865 0.00595050789991543 0.010306463092416071 0.9999130467745257
0.009277073 -0.09799031130563002 -0.005227398997743864 -0.0029811394042837534 0.9951699704801096
0.00944785 0.9796315062441332 -0.003518075419447564 0.004858850164046066 0.20081272147261675
0.009610214 -0.30139672908731424 -0.004503040154906355 -0.003995572524362026 0.9534807598154916
0.009769603 0.9170293623499501 -0.00444495734402539 0.004033200250847015 0.3987875837346863
0.009921175 -0.4918088031549932 -0.003584996697018157 -0.00483939068833952 0.8706836693256688
0.01009428 0.8149035792321686 -0.005182534603488149 0.0030333879357888455 0.57956983996219
0.010248041000000001 -0.6610172633817408 -0.0025125780609628087 -0.005476336010761882 0.7503485658619641
0.010411100000000001 0.6776462984371152 -0.005698661684284674 0.001902188018092381 0.735365676657115
0.010554597 -0.801727322510397 -0.0013317237732778154 -0.005879069016137349 0.5976637901473272
0.010711724 0.5111736445323902 -0.005970804929989768 0.0006881349367922616 0.8594578866885815
0.010874328 -0.9078739935676594 -9.300771180699852e-05 -0.006030359129603175 0.4192123780357101
0.01104269 0.32266244843977515 -0.0059869763138409885 -0.0005566282431098414 0.9464961165514484
0.011215826 -0.974891009367377 0.0011505847699132253 -0.0059238789607785735 0.22268760246952954
0.011369738 0.12024001643833124 -0.005746235716449002 -0.0017786097313418291 0.992727621742327
0.011517237000000001 -1.0034623582295394 0.0023549196348321413 -0.0055840201677744145 0.016511161505389345
0.011661505 -0.08736646204889065 -0.005258722351773667 -0.0029252810370846 0.9961590786876917
0.011833910000000001 0.9817269474451754 -0.0034661513722865026 0.0048958622228749485 0.19034795170322572
0.0120081 -0.29120626135182004 -0.004545210906845309 -0.003947345696886808 0.9566425282582529
0.012167805 0.9212341201996531 -0.004401708091294877 0.004080134158803514 0.3889800737242229
0.012318448000000001 -0.48249108546403185 -0.003636209920199689 -0.004800868287748405 0.8758817538001205
0.012488810000000001 0.8210420628878011 -0.005149854205823211 0.0030882679413418122 0.5708418958781616
0.012638566 -0.652974056422252 -0.002570639906558825 -0.005449172895344833 0.7573588177097417
0.012787986000000001 0.6854545545488823 -0.005677975424134186 0.001962664821758933 0.7280934880223049
0.012956619 -0.79530548672676 -0.0013941464508233404 -0.00586443050119228 0.6061839122277765
0.013114013 0.5203152229181177 -0.005963018399068436 0.0007516131788074247 0.8539549483603034
0.013281586000000001 -0.9033506489329933 -0.0001571171526364267 -0.006028870855628156 0.4288749362538996
0.013441452000000001 0.33274329261810076 -0.005992437885661417 -0.0004928753877005681 0.9429996620988687
0.013612141000000001 -0.9724621225166594 0.0010875340036787691 -0.005935601921675305 0.2330757874629081
0.013774621 0.1308255307683412 -0.005764722184624736 -0.0017173222367424493 0.9913883816290308
0.013984332 -1.0012414994533783 0.0022906733393548693 -0.005597473989746077 0.027193462354290626
0.014146009000000001 -0.07673265210327883 -0.005289448961184582 -0.0028690935521380623 0.9970347763031899
0.014298044000000001 0.9837124804951178 -0.0034138435915652895 0.004932327449972945 0.1798613492475406
0.014453051000000001 -0.2809826252019833 -0.00458686549669039 -0.003898673735036162 0.9596953882374664
0.014593866 0.9253341768015144 -0.004357964060206678 0.004126603735062916 0.379128242908804
0.014738074 -0.4731184199486496 -0.0036870097824057224 -0.004761803898818551 0.8809801280622375
0.014898843 0.827087124848188 -0.005116592792232117 0.0031427950815779396 0.5620489447504751
0.015076491000000001 -0.6448564876812781 -0.0026284089651482023 -0.005421394280057401 0.7642828577087406
0.015232200000000001 0.6931847982712405 -0.005656647259739278 0.0020229161406795887 0.7207383957285403
0.015373739 -0.7887930710230681 -0.0014564094818313303 -0.005849129472192294 0.6146350403435549
0.015527601 0.5293975815429743 -0.0059545568446882765 0.0008150032352420673 0.8483547806801327
0.015677059 -0.8987243698108581 -0.00022120696424855193 -0.006026701444712983 0.438488700229331
0.015846579 0.3427862690971542 -0.005997220456071339 -0.0004290695186579774 0.939395843423555
0.016018749000000002 -0.9699220716488592 0.0010243612932711134 -0.005946652931300593 0.24343751524434698
0.016202093 0.14139616473198158 -0.005782554958694078 -0.0016558427507261549 0.9899362709865934
0.016336692 -1.000257733591909 0.002229512945354506 -0.005617743248929643 0.03786398857370328
0.016483077000000002 -0.06609009215113464 -0.005319575360070131 -0.00281258332778296 0.9977969634242355
0.016629701 0.9855884059449359 -0.0033611592338491604 0.004968244695282143 0.16935407779703066
0.016773820000000002 -0.2707269846961758 -0.004627999215815778 -0.0038495621632202957 0.9626389919566778
0.016945331 0.9293290876662101 -0.00431373031911919 0.004172603858394981 0.36923321011293125
0.017112046000000002 -0.46369187393284855 -0.0037373905358623672 -0.004722201953646914 0.8859782113861909
0.017259267000000002 0.8330380807592973 -0.005082754194840845 0.0031969632053454383 0.5531919868683651
0.017392473000000002 -0.636665481988871 -0.002685878697929969 -0.005393003314086115 0.7711198971781635
0.017549033000000002 0.700836150636393 -0.00563467965559477 0.0020829351510890577 0.7133012367868756
0.017692808 -0.7821908188504515 -0.0015185058170169366 -0.005833167663493914 0.6230162116860328
0.017864902000000002 0.5384196867862404 -0.005945421263102342 0.0008782979171907607 0.8426580209862133
0.018051845 -0.893995691827712 -0.00028526987659858945 -0.006023851168984941 0.4480525738264018
0.018208385 0.3527902346400709 -0.006001323512212362 -0.0003652178765022593 0.9356850706188147
0.018361055 -0.9672712334092969 0.000961074016366173 -0.005957031168528788 0.25377159798013316
0.018512973000000002 0.15195071490981374 -0.005799732039938626 -0.0015941782518449565 0.9883714549435796
0.018659755 -0.9995011679314522 0.0021689513818267305 -0.005639257405641241 0.04852726091667252
0.018822792 -0.05543999386618472 -0.005349098150806675 -0.0027557567789952457 0.9984455530725777
0.018996141 0.9873552283009204 -0.0033081059293258185 0.0050036139373484485 0.15882729531144416
0.019171068000000003 -0.26044050752921005 -0.004668607414816692 -0.0038000165558066405 0.9654730040604456
0.019340124 0.9332184237466249 -0.004269011999526912 0.0042181294812144955 0.3592960987549372
0.019496746000000002 -0.45421252085871444 -0.0037873464804121996 -0.004682066945428092 0.8908754344688594
0.019643515 0.8388942573692263 -0.005048342312462917 0.0032507662049163603 0.5442720297533209
0.019804754 -0.6284019724894381 -0.0027430426001096844 -0.0053640032161261855 0.7778691573529066
0.019980788000000003 0.7084077417442918 -0.005612075149293292 0.002142715056389477 0.7057828575363105
0.020147154 -0.7754994837112562 -0.0015804284263007322 -0.005816546883879624 0.6313264714419394
0.020294878000000002 0.5473805119144112 -0.005935612727418807 0.0009414900469310655 0.8368653176084467
0.020434605 -0.889165161182281 -0.0003492986254712455 -0.006020320372622756 0.457565466719724
0.020576913000000002 0.36275405046247944 -0.006004746618624301 -0.00030132770677000726 0.9318677659529515
0.020722581 -0.9645099783048928 0.0008976795119685995 -0.005966735788715402 0.2640768522572097
0.020902142000000002 0.16248797971935952 -0.005816251504276773 -0.0015323357395765319 0.9866941114599084
0.021065292000000003 -0.9987604305904688 0.002108471141198237 -0.005660849255593396 0.05918366458863741
0.021227428000000003 -0.04478356977563341 -0.005378014004441545 -0.002698620356656682 0.9989804712039154
0.021376911000000002 0.9890137440514983 -0.003254691983137465 0.005038436771484738 0.1482821509902369
0.021526103 -0.2501243648996984 -0.004708685504039719 -0.0037500425364852055 0.9681971016724161
0.021703738 0.9370017721404466 -0.004223814296845937 0.004263175633855742 0.34931803667041755
0.02187725 -0.44468144016517297 -0.003836871964162944 -0.004641403427945616 0.8956712394944146
0.022038845 0.8446549926506305 -0.005013361110249576 0.003304198016950691 0.5352900880390642
0.022195476000000002 -0.6200669005389747 -0.0027998942016331835 -0.0053343972740297315 0.7845298694715822
0.022344431 0.7158987108690226 -0.005588836351254132 0.0022022490879703865 0.6981841135462776
0.02251736 -0.7687198290902357 -0.001642170299563107 -0.005799269016435309 0.6395648728997168
0.022662632000000002 0.5562790371999092 -0.005925132387485042 0.0010045724587535551 0.8309773297943154
0.022795724 -0.8842333347316589 -0.00041328595288300806 -0.006016109472594512 0.46702629450405575
0.022969917000000003 0.3726765823627238 -0.006007489417298003 -0.00023740625918444472 0.9279443638210418
0.023118759000000003 -0.9616386751362372 0.0008341850917979813 -0.0059757659479155855 0.2743520989740458
0.023287702 0.1730067595520768 -0.005832111502484866 -0.0014703222335250208 0.9849044313065116
0.023452348 -0.9979673320296999 0.0020479091489196853 -0.005682140514003353 0.06983260862816626
0.023595925 -0.03412203312214706 -0.005406319661073643 -0.0026411805468190674 0.999401656716259
0.023742033000000003 0.9905651802014482 -0.0032009266943768128 0.00507271717705175 0.13771978090283235
0.023926529000000002 -0.2397797313769916 -0.004748228954106439 -0.0036996457776282007 0.9708109744319812
0.024072153000000002 0.9406787369375722 -0.004178142471506324 0.00430773742966126 0.33930015592619067
0.024241205000000002 -0.4350997171659934 -0.0038859613841306924 -0.004600216015055955 0.9003650801976116
0.024389498000000003 0.8503196359282389 -0.004977814619345018 0.0033572526234917216 0.5262471833501129
0.024540758000000003 -0.6116612156010524 -0.0028564270679170872 -0.005304188844444573 0.7911012748634544
0.024678138000000002 0.723308206564889 -0.005564965944445221 0.002261530506029999 0.690505869517983
0.024841357 -0.761852628382772 -0.0017037244474018445 -0.005781336018409744 0.647730477555159
0.024998217000000003 0.5651142500391444 -0.005913981469763329 0.001067537999791403 0.824994727633442
0.025152347000000002 -0.8792007800534657 -0.00047722460754868437 -0.0060112189592663135 0.4764339788053665
0.025311473 0.3825567008516014 -0.006009551627719406 -0.00017346078682490854 0.9239153106953261
0.025466062 -0.9586576942506722 0.0007705980485069831 -0.00598412082071691 0.2845961632850849
0.025610839000000003 0.18350585691012658 -0.005847310260409893 -0.0014081447726194886 0.983002618043534
0.02575681 -0.9970939637511359 0.001987202340067373 -0.005702974702894808 0.08047317315318847
0.025939543000000002 -0.023456597725744825 -0.005434011930226233 -0.002583443869964859 0.9997090614568184
0.026114605000000003 0.9920114190942795 -0.0031468208769986723 0.005106462761188873 0.12714130149170413
0.026272861 -0.22940778476771023 -0.004787233296430195 -0.0036488319996440637 0.973314324529514
0.026434337000000002 0.9442489402508162 -0.00413200185043641 0.004351810071100158 0.32924359262279007
0.026564745 -0.42546844292706043 -0.003934609186877809 -0.00455850938016546 0.9049564219257763
0.026715333 0.8558875480124734 -0.004941706936548932 0.003409924052998686 0.5171443441788492
0.026897746 -0.6031858751416305 -0.002912634800576112 -0.005273381352443976 0.7975826250342616
0.027078968000000002 0.7306353867722615 -0.005540466684098427 0.0023205526003979246 0.6827489991846014
0.027234919000000003 -0.7548986648203447 -0.0017650839018921475 -0.005762749921057219 0.6558223552163122
0.027380643000000003 0.5738851450699185 -0.005902161277198123 0.0011303795308494214 0.8189181919808876
0.027510992 -0.8740680754878715 -0.0005411073454013844 -0.006005649396902088 0.4857874473927861
0.027665715 0.39239328128161033 -0.006010933046904942 -0.00010949854529568736 0.9197810650742139
0.027822051 -0.955567409955316 0.0007069256616318927 -0.005991799613527357 0.2948078745852259
0.027999605 0.19398407654291458 -0.005861846079173601 -0.0013458104143099926 0.9809888879970726
0.028165612000000003 -0.9961270268440932 0.001926324014420965 -0.005723275750395121 0.09110430233995542
0.028308157 -0.012788477845610557 -0.0054610876912116815 -0.0025254168802632954 0.9999026502274168
0.028444601000000003 0.9933553763994388 -0.0030923877407025495 0.005139686847557435 0.11654779958731797
0.028587088 -0.2190097059818895 -0.004825694123726018 -0.003597606970325863 0.9757068667401807
0.028727548000000002 0.9477120234801325 -0.004085397829049319 0.004395388857195939 0.31914948668299686
0.028898661000000003 -0.4157887141429297 -0.003982809869145262 -0.0045162882557002425 0.9094447416994811
0.029081631 0.8613581013403809 -0.004905042223988872 0.003462206381423146 0.5079826057610144
0.029246766 -0.5946418445227143 -0.0029685110381468477 -0.005241978291147387 0.8039731817509176
0.029408052 0.7378794189232787 -0.005515341397418498 0.0023793086913600388 0.6749143852103268
0.029553313 -0.7478587313934661 -0.0018262417173483289 -0.005743512829464507 0.6638395841075891
0.029700007 0.5825907242881793 -0.0058896731890749916 0.0011930899272325998 0.8127484143791963
0.029855498 -0.8688358101626869 -0.0006049269301569256 -0.005999401424071489 0.49508563429117886
0.030011006000000003 0.4021852039756895 -0.006011633549428201 -4.5526791894250414e-05 0.9155420974299148
0.030176635 -0.9523682023234933 0.000643175201898332 -0.005998801574584597 0.3049860665246225
0.030334225000000003 0.20444022558339606 -0.005875717335368167 -0.0012833262337615815 0.9788634702344622
0.030481386000000003 -0.9950594844467596 0.0018652630915208712 -0.0057430020342857995 0.10172487621835413
0.030621836000000003 -0.0021188880418442162 -0.005487543893488363 -0.002467106164822916 0.9999824007884305
0.030784713000000002 0.9946016633143748 -0.0030376444426572077 0.005172412131811114 0.10594031647840842
0.030954541000000002 -0.20858667889875038 -0.0048636070905135505 -0.003545976504194318 0.9779883284563207
0.03112213 0.951067648876396 -0.004038335873877975 0.004438469192632748 0.30901898162322794
0.031274397 -0.40606163301268944 -0.004030557978479438 -0.004473557432569036 0.9138295282719011
0.031427898 0.8667306801252959 -0.004867824708805424 0.0035140937333373637 0.4987630099495288
0.031573757 -0.5860300968948946 -0.0030240494568079777 -0.005209983221332345 0.8102722171250815
0.031715318 0.7450394800475076 -0.005489592983285778 0.0024377921304859027 0.6670029190882755
0.031892311 -0.74073363077224 -0.001887190971086741 -0.005723626922362785 0.6717812509730889
0.032054867 0.5912299971641211 -0.005876518660871285 0.0012556620795742273 0.806486096979195
0.032215607 -0.8635045840040566 -0.0006686761339152981 -0.005992475753979658 0.5043274798941532
0.032387286 0.4119313543554436 -0.006011653087437905 1.844721522098144e-05 0.9111988901546944
0.032526643 -0.9490604585578649 0.0005793539343197381 -0.006005126001571939 0.3151295770466163
0.032681417000000004 0.2148731136841248 -0.005888922481243286 -0.0012206993230459654 0.9766266065381054
0.032840965 -0.9938873249875415 0.0018040160492260116 -0.005762128570255263 0.11233374170790707
0.033017888 0.008550956962833107 -0.005513377557009633 -0.0024085183429405008 0.9999483038612537
0.033173541 0.99575780442413 -0.0029826149563237604 0.0052046773976083816 0.09531982138204181
0.03333398 -0.19813989023211503 -0.004900967913613089 -0.0034939464618353364 0.980158449718396
0.033483428 0.9543155014922595 -0.003990821526052848 0.004481046599027806 0.2988532243037092
0.033630006000000004 -0.39628830711514523 -0.004077848113853243 -0.004430321759619283 0.9181102821868468
0.033771858 0.8720046805169434 -0.004830058682853775 0.0035655802831242194 0.48948660508652475
0.033946741 -0.5773516130888059 -0.003079243771096796 -0.005177399771037939 0.8164790136955784
0.034106865 0.7521147568776643 -0.005463224411953009 0.002495996301459331 0.6590155010372434
0.034267338 -0.7335241752247051 -0.0019479247641893238 -0.005703094451925657 0.6796464511790811
0.034425679 0.5998019807576424 -0.005862699224098491 0.0013180888946633777 0.8001319524595517
0.034577372 -0.8580750077348893 -0.0007323477377931274 -0.005984873174729999 0.5135119310773268
0.034726316 0.42163062306883436 -0.006010991690667108 8.241621786335044e-05 0.9067519375057668
0.034900279 -0.9456445740259185 0.0005154691203996322 -0.006010772247467001 0.3252372484434814
0.035064421000000005 0.2252815531530361 -0.00590146004488468 -0.0011579367903313486 0.9742785513778547
0.035227309000000005 -0.9926081374538601 0.0017425833680022775 -0.005780639174892924 0.12292972760090895
0.035375128 0.019219842421404596 -0.0055385857725647565 -0.002349660065345618 0.9998003631292853
0.035528497 0.9968366118064612 -0.0029273356924532294 0.005236550596032841 0.0846871649641734
0.03567853 -0.18767052939548243 -0.004937772372634449 -0.003441522749232309 0.9822169832445019
0.035839259000000005 0.957455291637347 -0.003942860405883986 0.004523116729023125 0.2886533646521411
0.036006296 -0.38646984928334405 -0.004124674926281499 -0.004386586143086323 0.9222865158354582
0.03618345 0.87717951077404 -0.004791748502426032 0.0036166602562402467 0.48015444587344275
0.036328522 -0.5686073815055256 -0.0031340877346217977 -0.005144231635159293 0.8225928645096645
0.036478764000000004 0.7591044459555253 -0.005436238724736557 0.0025539146209130185 0.6509530398973148
0.03664042 -0.7262311865331125 -0.0020084362222673683 -0.005681917743553623 0.6874342888156292
0.036791225000000004 0.6083056998331606 -0.005848216486136426 0.001380363296272071 0.7936867039451027
0.036959918 -0.8525477028627423 -0.0007959345325822226 -0.005976594549529227 0.5226379413117175
0.03712987 0.43128190611733963 -0.0060096494664337915 0.00014637295865099902 0.9022017455488229
0.037292625 -0.9421209530507234 0.0004515280196620812 -0.006015739725071789 0.3353079274259757
0.037446323000000004 0.23566435908894526 -0.005913328630384058 -0.0010950457590701698 0.9718195718819438
0.037594583 -0.9912204209136877 0.0016809678042427568 -0.005798522669091264 0.13351165244742177
0.03774901 0.029886553700897277 -0.0055631657021118905 -0.002290538013442112 0.9995385952374443
0.037915765000000004 0.9978611549331302 -0.002871867324363847 0.005268156199487493 0.07404299277399898
0.038086025 -0.17717978836677836 -0.004974016310458726 -0.0033887113170930866 0.9841636944584344
0.038232765 0.9604867579960676 -0.0038944582189013414 0.004564675384078271 0.2784205553539916
0.038387719 -0.376607377478456 -0.0041710331194304675 -0.004342355546035878 0.9263577535115635
0.038540181 0.8822545914518193 -0.004752898587999392 0.003667327930565452 0.47076759323903855
0.038691764000000003 -0.5597983980059532 -0.0031885751407712995 -0.005110482575034116 0.8286130732031188
0.038863203000000006 0.7660077537381981 -0.0054086390337024165 0.0026115405392678156 0.6428164530243106
0.039041192 -0.7188554959082278 -0.0020687184962249632 -0.005660099195645792 0.6951438767973409
0.039202092 0.6167401869737976 -0.005833072130059348 0.001442478225981728 0.7871510849239504
0.039350485000000004 -0.8469233016586267 -0.0008594293194297193 -0.0059676408168424355 0.531704470777109
0.039515488 0.4408841049825607 -0.006007626599632711 0.00021031018184023375 0.8975488321002059
0.039660581 -0.9384900095170468 0.0003875378906734038 -0.006020027910548782 0.3453404652036736
0.039829627 0.24602034951675003 -0.0059245269180004815 -0.0010320333671850158 0.9692499478064778
0.040004513000000005 -0.9897232235438623 0.0016191734857449512 -0.005815770894042048 0.14407832900928827
0.040179123000000004 0.0405498764207206 -0.005587114579102838 -0.002231158898546103 0.9991630297902045
0.040335879000000005 0.9988761374124467 -0.0028163219893043837 0.0052997377589988045 0.06338757129494733
0.040489265 -0.16666886155280025 -0.005009695633712979 -0.003335518160171904 0.9859983615163198
0.040627125 0.9634096716242113 -0.0038456207638392853 0.004605718537166458 0.26815595150036237
0.040772806 -0.36670201466303276 -0.004216917450221512 -0.004297634987799947 0.9303235314656881
0.040950864000000003 0.8872293556074815 -0.0047135134240165345 0.0037175776378567883 0.4613271142050859
0.041116061 -0.5509256657991811 -0.0032426998234179323 -0.005076156418020704 0.8345389540791595
0.041274623 0.7728238967048962 -0.005380428521347294 0.00266886754157786 0.6346066661830814
0.04142796 -0.7113979439018067 -0.0021287647630219403 -0.005637641279359421 0.7027743369632068
0.04157269 0.6251044826949408 -0.005817267914453815 0.0015044266440096801 0.7805258391633438
0.041719729000000004 -0.8412024471279096 -0.0009228249105365925 -0.005958012990504417 0.5407104864753096
0.04189918 0.45043612675226735 -0.006004923352718561 0.00027422063415905815 0.8927937266677365
0.042079281 -0.9347521673368858 0.00032350599167521913 -0.00602363634620092 0.355333717573747
0.042244891 0.2563483455223215 -0.005935053664313087 -0.0009689067662527473 0.9665699715034786
0.042410552000000004 -0.9881159419858335 0.001557205407831707 -0.005832377608910204 0.15462856693380478
0.042563209000000005 0.05120859659098873 -0.00561042970879992 -0.002171529461119773 0.9986737093481561
0.042698230000000004 0.999977141027087 -0.0027609335459558076 0.005331818557289199 0.052720402540713286
0.042883684000000005 -0.15613894565336786 -0.005044806313237613 -0.0032819493165860934 0.9877207753317891
0.043059449 0.9662238411225659 -0.0037963539432375295 0.004646242362032196 0.2578607101814221
0.043230912 -0.3567548886736578 -0.0042623227294288045 -0.004252429543406053 0.9341833979577078
0.043380943000000005 0.892103249027113 -0.004673597558705699 0.003767403765325332 0.45183408174955575
0.043525374000000006 -0.5419901953299007 -0.003296455657618882 -0.005041257057067875 0.8403698321861642
0.043680133 0.7795521014644502 -0.005351610440275417 0.0027258891483824205 0.6263246134396208
0.043842178 -0.7038593803172966 -0.002188568226435825 -0.00561454653835758 0.7103248001755219
0.044019796 0.6333976355572016 -0.005800805673228744 0.0015662015300348718 0.7738117206243427
0.044192737 -0.8353857929743321 -0.0009861141298715195 -0.005947712159792642 0.5496549623431815
0.044374355000000004 0.45993688424588436 -0.006001540065680504 0.00033809706564095007 0.8879369703901941
0.044522572 -0.9309078608069742 0.00025943958091821857 -0.006026564642671043 0.3652865450163974
0.044681194 0.2666471713870688 -0.005944907702365212 -0.0009056731206869038 0.9637799478874953
0.044854002000000004 -0.9863982040172362 0.0014950691379700218 -0.005848337846551184 0.1651611744484373
0.045025132 0.06186150075080868 -0.005633108468584299 -0.0021116564700026158 0.9980706894230901
0.045188574 1.0013986177170393 -0.002706269983290767 0.0053656845407307144 0.04203925021686722
0.045339895000000005 -0.14559123952519942 -0.00507934438454641 -0.003228010867127913 0.9893307395997086
0.045485564000000006 0.9689291194040833 -0.0037466637776015013 0.004686243271324735 0.2475359900093013
0.045619081000000006 -0.3467671320930041 -0.0043072438222708535 -0.004206744343000023 0.9379369133081449
0.045783135 0.8968757304784649 -0.004633155603949761 0.0038168007573615792 0.442289574666971
0.045972095000000004 -0.5329930041648512 -0.003349836560311798 -0.005005788450276801 0.8461050433941915
0.046159468 0.7861916048637514 -0.005322188112871345 0.0027825989165660664 0.6179712370520081
0.046328474 -0.6962406641188751 -0.002248122117822485 -0.0055908175885454265 0.7177944064178625
0.046466943000000004 0.6416187022787797 -0.00578368731541746 0.0016277958840235666 0.7670094933752729
0.04661523 -0.8294740035579545 -0.0010492898138974392 -0.005936739489466185 0.5585368793653828
0.046793737 0.4693852961393873 -0.005997477156008001 0.000401932230458669 0.8829791159754617
0.046975222000000004 -0.9269575348825846 0.0001953459167635838 -0.006028812480691882 0.37519781279553954
0.047148772000000005 0.2769156547221653 -0.005954087941799858 -0.0008423396069185486 0.9608801944007778
0.04731283 -0.9845697969520018 0.001432770634976983 -0.005863647520561483 0.17567495949055958
0.047469041000000003 0.07250737610652341 -0.005655148308256664 -0.002051546721638977 0.9973540384716085
0.047610673000000006 1.0038468882613512 -0.002654041152055597 0.005405210192166558 0.03133716735736819
0.047758046000000005 -0.1350269440455286 -0.0051133059482794336 -0.0031737089345714115 0.9908280708184521
0.047937067 0.9715254126437292 -0.003696556424460921 0.004725717966878611 0.23718295054854457
0.048129092000000005 -0.33673988212132316 -0.004351675648996079 -0.004160584571262408 0.941583649948095
0.048292408 0.9015462719948856 -0.004592192235215694 0.0038657631174390237 0.43269467742561246
0.048458783000000005 -0.5239351168783503 -0.0034028364910061973 -0.004969754620454917 0.8517439344702871
0.048608877 0.7927416540974328 -0.00529216493096955 0.0028389904402283442 0.6095474873601405
0.048754006 -0.6885426633388995 -0.002307419696875308 -0.005566457117795595 0.7251823048920966
0.048942557000000005 0.6497667478472553 -0.005765914824971838 0.001689202727054787 0.7601199315039815
0.049124433 -0.8234677538477592 -0.0011123448123090125 -0.005925096219774444 0.5673552256867309
0.049280153 0.47878028708962783 -0.005992735118648063 0.0004657188877581431 0.8779207276373385
0.049444468000000005 -0.9229016453859508 0.00013123225760277885 -0.006030379612484915 0.38506639106362917
0.049608305000000005 0.2871526266024203 -0.005962593368986509 -0.0007789134125754963 0.957871040977021
0.049773119000000005 -0.9826306223247975 0.0013703161341726317 -0.005878303176756889 0.18616873049745197
0.049958299000000005 0.0831450106698889 -0.005676546750329277 -0.0019912070393023314 0.9965238378872595
0.050125417000000005 1.0103372252551566 -0.0026115773169261974 0.005466921453932818 0.020590209756934832
0.050299566000000004 -0.12444726197547624 -0.0051466871706482955 -0.0031190496829744435 0.992212598310721
0.050458515 0.9740126922556616 -0.003646038204252467 0.0047646635068268215 0.22680275162412672
0.050610805 -0.32667428044737234 -0.0043956131854620654 -0.004113955466818457 0.9451231924677815
0.050775282000000005 0.90611435919693 -0.004550712191558108 0.00391428541023218 0.4230504800211535
0.050953737000000006 -0.5148175649369161 -0.00345544945247033 -0.004933159654661963 0.8572858631525699
0.051138732000000006 0.7992015068190662 -0.005261544355521428 0.0028950573515649646 0.6010543226742617
0.051313548 -0.6807662549838285 -0.0023664542523824834 -0.005541467885662831 0.7324876541144171
0.051463486 0.657840845630837 -0.0057474902605488135 0.0017504151021457569 0.7531438190288926
0.051632483 -0.8173677293694852 -0.0011752719887788234 -0.005912783666438583 0.5761089967241283
0.051797302 0.48812078785805163 -0.005987314525953758 0.0005294498024923063 0.8727623810310271
0.051982234 -0.9187406591631772 6.710586163424949e-05 -0.006031265862883122 0.39489115496977123
0.052152176 0.29735692169978445 -0.005970423047139298 -0.0007154017356601263 0.9547528300036816
0.052320507 -0.9805806662926828 0.001307712072014433 -0.005892301830994259 0.1966412969847009
0.052480154 0.09377319339617318 -0.00569730139030998 -0.001930644272316612 0.9955801819911984
0.052632899000000004 1.049279318882573 -0.0026484447033228637 0.005706312492840854 0.009662738131361833
0.052785582000000004 -0.11385339782319621 -0.005179484283874166 -0.003064039316975923 0.9934841642429019
0.052946847000000005 0.9763910111272536 -0.003595115635841536 0.004803077396364633 0.2163965524651868
0.053134193 -0.3165714731188058 -0.004439051463708555 -0.004066862321641955 0.9485551376637318
0.053298990000000004 0.9105794916596639 -0.004508720275714324 0.003962362263994461 0.41335807782624084
0.053477345 -0.5056413865830094 -0.00350766949141334 -0.004896007703748229 0.8627301982230855
0.053646302 0.8055704312542576 -0.005230329916260394 0.0029507933217623123 0.5924927091622428
0.053815076 -0.6729123249386769 -0.002425219102982341 -0.005515852723088268 0.73970962201038
0.053987378 0.6658400774890879 -0.005728415755289156 0.001811426075077435 0.7460819498088731
0.05415198500000001 -0.811174626149203 -0.001238064221711143 -0.0058998032206085465 0.584797195277997
0.054314743000000006 0.4974057354338322 -0.005981216027624309 0.0005931177462549459 0.8675046631873025
0.054485413 -0.9144750542003062 2.973986527071209e-06 -0.006031471130234154 0.4046709847703932
0.054641775000000004 0.3075273784164731 -0.005977576116426376 -0.0006518117837259898 0.951525916282871
0.054798947 -0.9784199797628629 0.0012449650351910831 -0.005905640860411456 0.2070914699886067
0.054981307 0.10439071432216238 -0.0057174098969778 -0.0018698652952744434 0.994523178021375
0.055174895 0.000533083998570927 0.005908743072271633 0.010309008872006304 0.9999342005752881
0.055337908000000005 -0.10324655770680823 -0.005211693586618236 -0.0030086840810884395 0.9946426236429671
0.055489781 0.9786605259285931 -0.0035437954858610994 0.004840957712239898 0.20596551062548699
0.055650716 -0.3064326104120383 -0.004481985572524188 -0.004019310480452793 0.9518790945845679
0.055826484 0.9149411833355956 -0.004466221354311989 0.004009988373251393 0.40361857143540925
0.056000397 -0.49640762671791794 -0.0035594906991626577 -0.004858302981885215 0.8680763195794169
0.05616846700000001 0.8118477063160401 -0.005198525211366075 0.003006192061907842 0.5838636207356113
0.056339903000000004 -0.6649817678700735 -0.0024837075979163305 -0.005489614532093692 0.7468473860089229
0.056515304 0.6737635338831663 -0.0057086935165887535 0.0018722287352202591 0.7389351274519081
0.056677347 -0.804889150653061 -0.001300714405001686 -0.005886156348797713 0.593418831643161
0.056869457000000005 0.5066340731563836 -0.0059744403506364245 0.0006567154981143518 0.8621481724453683
0.057037109 -0.910105319706703 -6.115611100584836e-05 -0.006030995387128565 0.4144047659419403
0.057211044 0.31766283901769754 -0.0059840517940709 -0.0005881507730527176 0.9481906669908311
0.057350120000000004 -0.9761486647219214 0.0011820817253299068 -0.00591831792872106 0.21751806241887417
0.057508036000000005 0.11499636470405511 -0.0057368700126503615 -0.0018088770072523293 0.9933529461202506
0.057670391 -1.043012684399684 0.0024826702114885434 -0.005788916267952266 0.010823565465956532
0.05783908200000001 -0.09262794921713546 -0.005243311444404582 -0.0029529902589862595 0.9956878444169084
0.058023332000000004 0.980821528235951 -0.0034920848381826733 0.004878303276132561 0.1955107805959278
0.058187967 -0.29625884670160557 -0.004524410658006656 -0.003971305340108298 0.9550946845754076
0.058356519 0.9191989630455447 -0.004423220358215998 0.004057158501878247 0.3938330665046236
0.058520999000000004 -0.4871173367837969 -0.003610907212336522 -0.004820049766088617 0.8733236183050457
0.058691035 0.8180326217230711 -0.005166133907128643 0.003061247323918883 0.575168038934272
0.058868584 -0.6569754871279547 -0.00254191311777959 -0.005462756285465856 0.7539001331353583
0.059048179000000006 0.6816103139856154 -0.005688325825862441 0.0019328161963604313 0.7317041652225981
0.059230409000000005 -0.7985120197235589 -0.001363215448802293 -0.005871844592797147 0.6019729237191404
0.05938954900000001 0.5158047508372732 -0.005966988299167149 0.0007202358454468162 0.8566935183844056
0.059566585000000005 -0.9056319561721166 -0.00012527717570654797 -0.00602983868098617 0.42409138929512985
0.059721654000000006 0.3277621497639894 -0.00598984937444302 -0.0005244259278201876 0.9447474616359933
0.059897818000000005 -0.9737668646252667 0.0011190689339368308 -0.005930330933794584 0.2279198893505922
0.060070069000000004 0.1255889371552331 -0.0057556795534429335 -0.001747686331023091 0.9920696193210422
0.060235697000000005 -1.011084978775822 0.002344858416134236 -0.005638666551131451 0.021711844479776032
0.060400655000000004 -0.08199878128026228 -0.005274334290035539 -0.002896964172788766 0.9966197073637083
0.060562743 0.9828744886736036 -0.0034399911932493105 0.0049151139001878475 0.18503351198561213
0.060707356000000004 -0.2860513403290327 -0.004566321924116628 -0.003922852348988914 0.9582015413208693
0.060896585 0.9233523750529091 -0.00437972228304812 0.004103867486648778 0.3840026735845285
0.061090636000000004 -0.4777715746448934 -0.0036619132135115107 -0.004781252395733875 0.8784714967384534
0.061266204000000005 0.8241244781211815 -0.005133159737614378 0.003115952901493241 0.5664069528099056
0.061445002000000006 -0.6488943946459601 -0.0025998290752687926 -0.005435281026431221 0.7608670601033196
0.06161838 0.6893795257897516 -0.005667315038300571 0.001993181597526845 0.7243898859484725
0.061771857000000006 -0.7920439605126597 -0.0014255602802897 -0.005856869569571022 0.6104584971198079
0.061968955000000006 0.5249167248815119 -0.0059588607545082006 0.0007836715847700453 0.8511413217538231
0.062153636000000005 -0.9010554754023786 -0.0001893819543292102 -0.006028001134527923 0.43372975109038725
0.062331791000000004 0.337824161043099 -0.005994968229143249 -0.00046064447928129495 0.9411966920156286
0.062498183000000006 -0.9712747575079947 0.0010559335242030605 -0.005941677970184449 0.23829576827426127
0.062672644 0.13616722578389223 -0.005773836409519016 -0.0016863002122654435 0.9906733435324994
0.062846236 -1.0047539502876606 0.0022702782017284032 -0.005629549568886163 0.03245168227060114
0.06301896 -0.07136026401992757 -0.005304758623999384 -0.0028406121823395794 0.9974381061888423
0.063187907 0.9848201206688764 -0.003387522612588095 0.004951390741167745 0.17453484708782663
0.06337408500000001 -0.2758112534712256 -0.0046077146332248655 -0.0038739570063775126 0.9611993108866775
0.06354148600000001 0.9274009797406568 -0.0043357321899210426 0.004150110241363131 0.3741285079463536
0.06370031500000001 -0.4683714044679682 -0.0037125029318850235 -0.0047419152720642975 0.8835193685409523
0.063869707 0.8301225872089572 -0.005099606504334018 0.0031703026310851584 0.5575813588079803
0.06405590600000001 -0.6407394108405503 -0.0026574489159271915 -0.005407191868321267 0.767747373405652
0.064241105 0.6970702862186976 -0.005645663582618453 0.0020533181038190065 0.7169931219251304
0.064401336 -0.7854857104120173 -0.0014877418444372984 -0.005841232971134646 0.6188745852823714
0.06456753400000001 0.5339689584082303 -0.0059500586749717775 0.0008470155225761733 0.8454922144022129
0.064734374 -0.8963764005376315 -0.0002534631962441333 -0.0060254829461534355 0.4433187531541742
0.064916502 0.3478477275014712 -0.005999407807077255 -0.0003968136649337856 0.9375387621710903
0.065094126 -0.9686725509585455 0.0009926824175169116 -0.005952357301868689 0.24864451931620685
0.06527279200000001 0.1467300263305169 -0.005791338545332702 -0.0016247256187709052 0.9891642775222107
0.065438232 -1.0021686759620567 0.0022050577282162736 -0.005641041717465665 0.04315099261997427
0.065606565 -0.06071360861977035 -0.005334581014870325 -0.0027839406844811874 0.9981429475163134
0.065760438 0.9866594744141012 -0.003334687933194526 0.004987136821759324 0.16401591755199862
0.065963187 -0.2655397520084098 -0.004648584106652958 -0.003824624861833049 0.9640876517598618
0.066144282 0.9313443544155746 -0.004291255206440458 0.0041958817616923215 0.364211689399101
0.066322438 -0.4589178966019372 -0.003762670643932569 -0.004702042857691852 0.8884666587632406
0.066503404 0.8360262718681136 -0.005065478075915361 0.0032242903929112082 0.5486922606483344
0.066674042 -0.6325114645089115 -0.002714766118886619 -0.005378491994228507 0.7745402894042256
0.06685287200000001 0.7046817212341244 -0.005623373960798813 0.002113218907236303 0.7095147148202066
0.067029746 -0.7788380169805353 -0.0015497531047893572 -0.005824936564416263 0.6272202295756506
0.067211912 0.5429604213707278 -0.005940583095787912 0.0009102604761646837 0.8397468392050196
0.067368259 -0.8915952660561506 -0.00031751365407996587 -0.006022284390240782 0.45285730299594756
0.067532192 0.3578317081752657 -0.006003167634521779 -0.00033294072769108317 0.9337740883416579
0.067710175 -0.9659604783916708 0.0009293225832605641 -0.005962367342125296 0.2589649654377558
0.067909652 0.15727613630518578 -0.005808183999862465 -0.0015629695396480999 0.9875425928984468
0.068085029 -1.0006129182342367 0.0021424608251168686 -0.005658182198768329 0.05383053303061565
0.068259631 -0.050060027185443154 -0.005363798099700822 -0.002726956112325399 0.9987341508992161
0.068441785 0.9883940785085108 -0.0032814970926602644 0.0050223578155254005 0.15347783972810294
0.06860153100000001 -0.255238005391622 -0.0046889257252071895 -0.0037748615145583304 0.9668662348875431
0.068781308 0.935182094270917 -0.004246296528043146 0.004241177130913523 0.35425334209637116
0.06897101700000001 -0.4494121274567509 -0.003812410674059873 -0.00466163967609073 0.8933128039106719
0.069154674 0.8418348662995936 -0.005030778387782252 0.0032779101119910993 0.5397406692042648
0.06934053600000001 -0.6242114927256686 -0.0027717741976063083 -0.005349184656653523 0.7812450344186634
0.069523209 0.7122129659447658 -0.005600448747827509 0.002172877227508792 0.701955515576167
0.069695245 -0.7721016378694686 -0.0016115870442368948 -0.0058079821911035485 0.6354944794076103
0.069875583 0.5518900906759036 -0.005930435128993346 0.0009733992744749002 0.8339058499909292
0.070065732 -0.8867126177662324 -0.00038152608439684415 -0.006018405817381673 0.46234431392553177
0.070238991 0.3677749666209278 -0.00600624731518203 -0.00026903291505222545 0.9299030989169815
0.070427749 -0.9631387962434039 0.0008658610309414538 -0.005971706638464065 0.2692559326188452
0.070596042 0.16780435512469088 -0.005824370886836611 -0.0015010389845244866 0.9858084740905383
0.070770287 -0.9994031497528576 0.0020807871069320957 -0.005677208599982369 0.0644964758169539
0.070954641 -0.03940073260660865 -0.00539240658440607 -0.002669664934519624 0.9992116488288288
0.071124221 0.9900261589695305 -0.0032279616347352996 0.005057063259333849 0.14292170799163126
0.07129673 -0.24490718650977975 -0.004728734929705809 -0.0037246726127621054 0.9695347437143098
