0 -0.7067529998956005 0.00035399999994770805 0.0003529999999478558 0.7074602089259648
0.0008119140000000001 0.8886844140139311 0.0002288188644250555 -0.0004444850133085039 0.45851909638466615
0.001107436 -0.16697242093533887 0.0004929829471253081 8.302297093817431e-05 0.9859614396396448
0.001353952 -0.9901022626409167 7.061546448527338e-05 0.0004949125692337372 0.14034685574612366
0.001538405 0.43440864180823496 0.0004500916177062578 -0.00021758339880970136 0.9007157605818563
0.001734436 -0.7262455589439363 0.00034399790430108125 0.00036275396816728 0.6874351873614852
0.0019133770000000002 0.8755250165560331 0.00024114974291189914 -0.0004379175728263386 0.4831725283377115
0.00208733 -0.19445790390551662 0.0004904705389097277 9.676595554706687e-05 0.9809107363792497
0.0022359890000000003 -0.99363732211974 5.675856897963758e-05 0.0004966925048921356 0.11262566630746314
0.002377506 0.40907034722386143 0.0004559957900258345 -0.00020492154365998796 0.9125027121610029
0.0025128050000000003 -0.7451709479977251 0.0003337271595350488 0.0003722246394168732 0.6668733053819599
0.002667276 0.8616818679697106 0.00025329229266714585 -0.0004310081356804423 0.5074486210151342
0.002811769 -0.22179152266796676 0.0004875750920524499 0.00011043336963449897 0.9750939795310105
0.002982081 -0.9963963439129376 4.285734826326217e-05 0.0004980845202332516 0.08481652269399567
0.0031317750000000003 0.38341258447355914 0.00046154384714116974 -0.0001920996526871323 0.9235770341571785
0.003291618 -0.763514387039627 0.0003231957867091947 0.0003814046174584509 0.6457906210322871
0.0034424480000000003 0.8471657791665188 0.0002652370308314502 -0.0004237620978479564 0.5313284157321874
0.0035821100000000003 -0.24895193071575653 0.0004842988677872814 0.00012401453947475172 0.9685157117606571
0.0037184590000000003 -0.9983770525101644 2.8922660152563438e-05 0.0004990874677440826 0.056941145883635295
0.003879477 0.357455391282605 0.00046673145623395016 -0.000179127739294538 0.9339300779526504
0.004030257000000001 -0.7812615505292172 0.0003124120104239245 0.00039028673307221165 0.6242035990846537
0.004189202 0.8319880866124616 0.00027697462902776345 -0.00041618511818522117 0.5547932632957019
0.004343889 -0.27591791681268146 0.00048064442472057426 0.0001374988586954558 0.9611810704447291
0.004484364 -0.9995769035584484 1.4965394172377498e-05 0.000499700065481413 0.029021320526444738
0.0046304530000000005 0.33121903922023543 0.0004715545659818835 -0.0001660159340474998 0.9435537582201834
0.0047888720000000004 -0.7983985785896675 0.00030138425239744016 0.0003988640496551169 0.6021290981803236
0.00497091 0.8161606434707703 0.00028849592064665315 -0.0004082831140064881 0.5778248385688267
0.005137509 -0.30266842155840507 0.00047661461683305543 0.00015087579656075366 0.953095783658488
0.005274089 -0.9984491301017803 9.965300132461144e-07 0.00049914903552448 0.0010804235969763601
0.005422473000000001 0.3047240178682982 0.0004760094097226388 -0.00015277447676160494 0.9524405592373822
0.005572906000000001 -0.8149120878304325 0.0002901211248887921 0.0004071298686374368 0.5795843576638645
0.0057091730000000005 0.7996958103423601 0.00029979190800523956 -0.0004000622564613867 0.6004051547825753
0.0058913820000000006 -0.3291825538350148 0.00047221259125097847 0.00016413490619538224 0.944266165702519
0.006052653000000001 0.9996360002041083 1.297338590186005e-05 -0.0004997551553253611 0.026864693563785645
0.006193141 0.2779910188196399 0.0004800925083954605 -0.00013941370850581274 0.9605835407561889
0.006345535 -0.830789181797347 0.0002786314239721522 0.0004150777347131696 0.5565869841201194
0.006501304 0.7826064456107695 0.000310853769374158 -0.0003915289657145399 0.6225165775830445
0.006642671 -0.35543960712215655 0.00046744178578834853 0.00017726583274327193 0.934699112171514
0.006791040000000001 0.9984971182188362 2.6932982170790318e-05 -0.000499198563460075 0.054787041768959925
0.006950607 0.2510409195187469 0.00048380067325819474 -0.00012594406352646673 0.9679763434229588
0.0071113850000000004 -0.8460174610417773 0.0002669241226675639 0.00042270144088014483 0.533154937624439
0.007252740000000001 0.7649058953988855 0.0003216728658670848 -0.0003826899059309784 0.6441418388033566
0.007396482 -0.3814190756679918 0.00046230592626212113 0.0001902583214542693 0.9244020945690862
0.007538896000000001 0.996576723710396 4.087155726874599e-05 -0.000498251254518164 0.0826666267329214
0.007670357000000001 0.22389476695723728 0.0004871310083775678 -0.00011237606109853675 0.9746131937448778
0.007837687000000001 -0.8605850328006922 0.00025500836393355883 0.00042999503328574115 0.5093065177169498
0.008014323 0.7466079831451564 0.0003322407481874484 -0.0003735519800711924 0.6652640499495683
0.008162945000000001 -0.40710067050336285 0.0004568090235824925 0.00020310222569268452 0.9133831544728246
0.00831027 0.9938777819553957 5.4778216196594166e-05 -0.0004969147009544351 0.11048165789308825
0.008474474000000001 0.1965737612369564 0.0004900809128908112 -9.872029731046188e-05 0.9804889085988463
0.008634332 -0.8744805202796366 0.0002428934535271163 0.000436952815874211 0.4850603491118395
0.008770539 0.7277269988072744 0.00034254916322705957 -0.00036412232449981643 0.6858667153900523
0.00893477 -0.4324643352866451 0.00045095537062053557 0.00021578751486139608 0.9016508972541413
0.00910297 0.990402582025579 6.864209659134003e-05 -0.0004951900372016432 0.1382104093506884
0.009277073 0.16909923901349408 0.0004926480830368318 -8.498743678900486e-05 0.9855988992793027
0.00944785 -0.8876930715306846 0.00023058885273657435 0.0004435693548316355 0.4604353671528849
0.009610214 0.7082776877017255 0.0003525900605115146 -0.0003544083034121283 0.7059337452380368
0.009769603 -0.45749026196692005 0.0004447495388556412 0.0002283042822353342 0.8892144853578245
0.009921175 0.9861538838004961 8.245237070968326e-05 -0.0004930786330929139 0.16583122488720914
0.01009428 0.14149265683306886 0.0004948305139553681 -7.118820437058415e-05 0.9899391750818337
0.010248041000000001 -0.9002123679173881 0.00021810417099321202 0.0004498394828245239 0.43545080302664285
0.010411100000000001 0.6882752389878533 0.00036235559848734553 -0.000344417503082694 0.7254494679172582
0.010554597 -0.48215890625322877 0.0004381963748053762 0.00024064275269821415 0.8760836311465361
0.010711724 0.9811350215507831 9.61982530103723e-05 -0.000490582145652577 0.1933225332261413
0.010874328 0.11377557437578036 0.000496626501252708 -5.7333376725583415e-05 0.993506346419766
0.01104269 -0.9120286321583431 0.0002054491583673191 0.00045575830302785455 0.41012616874499147
0.011215826 0.6677352738053971 0.000371838150645995 -0.0003341577259406188 0.7443986424009155
0.011369738 -0.5064510028778272 0.0004313009962405499 0.00025279329037648454 0.8622685893158478
0.011517237000000001 0.9753499217991584 0.0001098690083645413 -0.00048770252803283785 0.22066286447242445
0.011661505 0.0859696376183213 0.0004980346423327599 -4.343377394218375e-05 0.9962976274713072
0.011833910000000001 -0.9231326359402326 0.0001926336979547239 0.00046132119293799213 0.38448124190892274
0.0120081 0.6466738330747389 0.0003810303114798532 -0.00032363698447603235 0.7627664701143727
0.012167805 -0.5303475806415129 0.0004240687881884402 0.0002647464061645208 0.8477801488857414
0.012318448000000001 0.9688031059312855 0.00012345396036957844 -0.0004844420308266132 0.24783086674508178
0.012488810000000001 0.058096561929299254 0.0004990538374924293 -2.9500251076290898e-05 0.998310838355171
0.012638566 -0.9335157070894231 0.00017966779815986044 0.0004665238079650019 0.3585360502658072
0.012787986000000001 0.6251073649693744 0.0003899249022656885 -0.00031286349498254505 0.7805386064923132
0.012956619 -0.5538299772292816 0.00041650539872731203 0.00027649276513519086 0.8326296247748236
0.013114013 0.9614996886323284 0.00013694249965933038 -0.0004808032012935257 0.2748053227986908
0.013281586000000001 0.0301781151103656 0.0004996832907804414 -1.5543689674145708e-05 0.9995444068329846
0.013441452000000001 -0.9431697362876647 0.00016656158488165658 0.00047136208479714616 0.3323108560726872
0.013612141000000001 0.6030527120703818 0.0003985149766709756 -0.0003018456711405707 0.7977011721813225
0.013774621 -0.5768798537847171 0.0004086167345754928 0.00028802319382999615 0.8168288489638407
0.013984332 0.9534453746879525 0.00015032409217712598 -0.0004767888817682076 0.30156516656899646
0.014146009000000001 0.0022361003963999285 0.0004999225106189518 -1.5749892742618202e-06 0.9999973695371517
0.014298044000000001 -0.9520871833103655 0.00015332529360878241 0.00047583224452678124 0.30582614027867133
0.014453051000000001 0.5805270982128942 0.00040679382617872154 -0.0002905921174465063 0.814240763879157
0.014593866 -0.599479209231756 0.00040040895647847687 0.0002993286874230982 0.80039016125539
0.014738074 0.9446464548893351 0.00016358828739626403 -0.0004724022076206279 0.3280894996126103
0.014898843 -0.02570766057197538 0.0004997713101874763 1.2394941104683061e-05 0.9996693727232099
0.015076491000000001 -0.9602610827507815 0.00013996926143117276 0.00047993079551932787 0.2791025865403735
0.015232200000000001 0.5575481150348546 0.00041475498532657156 -0.0002791116224929031 0.8301444648022281
0.015373739 -0.6216103943326032 0.0003918884743976383 0.0003104004167536288 0.7833263996370521
0.015527601 0.9351098012984449 0.00017672472647813469 -0.0004676466048965464 0.3543576074213911
0.015677059 -0.053631344790253936 0.0004992298075687486 2.635519148340314e-05 0.9985606725460959
0.015846579 -0.9676850491610097 0.00012650391897552104 0.00048365453599076173 0.2521610650857413
0.016018749000000002 0.5341337082385581 0.000422392236756098 -0.00026741315210488314 0.8453998547731307
0.016202093 -0.6432561254708286 0.0003830619425043206 0.0003212297352207807 0.7656508902554637
0.016336692 0.9248428619757413 0.00018972315036018764 -0.00046252578768915157 0.3803489755959652
0.016483077000000002 -0.08151314493296603 0.0004982984256565268 4.029485944223815e-05 0.9966721348601043
0.016629701 -0.9743532814643178 0.00011293978227385019 0.000487000556220878 0.22502261644475424
0.016773820000000002 0.5103021635756846 0.00042969961606832214 -0.00025550584233814184 0.8599950199203387
0.016945331 -0.6643994981488598 0.00037393625398321766 0.0003318081855363018 0.7473774370091717
0.017112046000000002 0.9138536552165868 0.00020257340776671883 -0.00045704375526502345 0.40604330586447407
0.017259267000000002 -0.10933128638435256 0.000496977891825347 5.4203058635542374e-05 0.9940052345426917
0.017392473000000002 -0.9802605663030882 9.928744457752838e-05 0.0004899662402345027 0.19770843507190017
0.017549033000000002 0.4860720925667861 0.00043667141648168873 -0.0002433989923440183 0.8739185619824947
0.017692808 -0.6850240001893109 0.0003645185356490943 0.00034212750632909276 0.728520310768389
0.017864902000000002 0.9021507633205821 0.00021526546313592826 -0.0004512047889565136 0.43142053193334007
0.018051845 -0.13706404424349197 0.0004952692373624542 6.80689272934858e-05 0.9905620543426614
0.018208385 -0.9854022794587942 8.555756813689297e-05 0.000492549266518886 0.17023985290168453
0.018361055 0.46146241796636667 0.0004433021932888476 -0.00023110205710719615 0.8871596072100242
0.018512973000000002 -0.7051135246298119 0.00035481614238106195 0.0003521796385967461 0.7090942382300811
0.018659755 0.8897433259083003 0.00022778940445684288 -0.0004450134488277786 0.4564608351573805
0.018822792 -0.1646897602905979 0.000493173796662415 8.188163670467778e-05 0.9863452832536211
0.018996141 -0.9897743828290904 7.176087598808222e-05 0.0004947476065199899 0.1426383229225594
0.019171068000000003 0.4364923589849122 0.00044958676810876683 -0.00021862464006171148 0.8997078148571243
0.019340124 -0.724652382301245 0.00034483665137875703 0.00036195673199897725 0.6891143904170866
0.019496746000000002 0.8766410327957997 0.00024013545100991308 -0.00043847457011964366 0.48114466001681017
0.019643515 -0.19218685990124024 0.0004906932061850119 9.563039967296256e-05 0.9813582144139888
0.019804754 -0.9933734083480856 5.790814385633244e-05 0.0004965595166112212 0.11492540299579654
0.019980788000000003 0.41118141627939575 0.0004555202329308505 -0.00020597648559102393 0.9115533852574971
0.020147154 -0.7436253140794917 0.00033458785624489656 0.0003714511509879937 0.6685963708302649
0.020294878000000002 0.8628541164352441 0.00025229396100517323 -0.00043159325947746846 0.5054527293889349
0.020434605 -0.2195338688952765 0.00048782940317723304 0.00010930447894179605 0.9756047425351857
0.020576913000000002 -0.9961963918977599 4.401019254550016e-05 0.0004979835050610477 0.08712274069268502
0.020722581 0.38554935672400215 0.00046109795394791436 -0.0001931674714180233 0.9226870674775209
0.020902142000000002 -0.762017502801102 0.0003240777608988608 0.0003806554807710045 0.6475562032629204
0.021065292000000003 0.8483933439291195 0.00026425543911195743 -0.0004243748909657293 0.5293660596025621
0.021227428000000003 -0.24670943030733672 0.0004845846241603599 0.00012289319557961718 0.9690893608600228
0.021376911000000002 -0.9982405325548311 3.007788253134464e-05 0.0004990181616868314 0.059252062791026815
0.021526103 0.3596161979729375 0.0004663155751750083 -0.0001802076008908959 0.9331001665408786
0.021703738 -0.7798145848334579 0.00031331457332603707 0.00038956253310015016 0.6260103192870361
0.02187725 0.8332700086252474 0.0002760105438742896 -0.00041682510187293853 0.5528659752633074
0.022038845 -0.2736923210657638 0.000480961403183335 0.00013638593731967052 0.96181715765366
0.022195476000000002 -0.9994999241696453 1.6122124303785017e-05 0.0004996605238790837 0.0313351989512442
0.022344431 0.3334021928274044 0.0004711690218512819 -0.0001671069951708899 0.9427845502190048
0.02251736 -0.7970026612902943 0.00030230669916782256 0.00039816535188528834 0.6039755454211009
0.022662632000000002 0.8174959212997072 0.00028755009500612013 -0.0004089497883104345 0.5759341238382176
0.022795724 -0.3004614685669833 0.00047696256984377323 0.00014977216684775951 0.9537938122298757
0.022969917000000003 -0.9992099444120538 2.154548025748628e-06 0.0004995283269821271 0.0033961121314913262
0.023118759000000003 0.3069278134189282 0.0004756545036222148 -0.0001538758853280735 0.9517326553820509
0.023287702 -0.8135683088836447 0.00029106273515730295 0.0004064572186251579 0.5814690899895653
0.023452348 0.8010834009349476 0.00029886508056072475 -0.00040075510060868136 0.5985524899882755
0.023595925 -0.32699596713235507 0.0004725912470781552 0.00016304143003146402 0.9450255905157503
0.023742033000000003 0.9996829131221858 1.1816718637502958e-05 -0.0004997775506749597 0.024551054173422987
0.023926529000000002 0.28021373522140647 0.00047976851749973983 -0.0001405246043512579 0.9599374939054013
0.024072153000000002 -0.8294985904034924 0.000279591462405735 0.0004144316576525578 0.5585085296842109
0.024241205000000002 0.7840452651004818 0.00030994666396864516 -0.0003922474385147713 0.6207034096376111
0.024389498000000003 -0.3532750943346602 0.0004678508487229462 0.00017618336408439512 0.9355193401582322
0.024540758000000003 0.9986185481525172 2.577748248468515e-05 -0.0004992582128160842 0.05247580602108318
0.024678138000000002 0.25328082090435233 0.0004835078505979482 -0.00012706357907832773 0.9673926581271357
0.024841357 -0.8447810648165917 0.00026790183954510035 0.00042208244118927435 0.5351117958379592
0.024998217000000003 0.7663948199438703 0.00032078619093867686 -0.0003834334461949719 0.6423695837683983
0.025152347000000002 -0.3792783271814623 0.0004627450768485226 0.00018918770565910136 0.9252824851763999
0.025311473 0.9967642482676274 3.9718188133064386e-05 -0.0004983439481944949 0.08035971316033784
0.025466062 0.22615010403994806 0.0004868695826422265 -0.00011350332205328161 0.9740923258521695
0.025610839000000003 -0.8594037969760395 0.0002560029957321044 0.0004294035942065391 0.5112971604218887
0.02575681 0.7481458497998774 0.000331375196216515 -0.00037432000704626486 0.6635340919306788
0.025939543000000002 -0.40498535814271225 0.00045727791886800867 0.00020204429886231892 0.9143230201636049
0.026114605000000003 0.9941302121199808 5.3627891517928423e-05 -0.0004970398453674824 0.10818089349657868
0.026272861 0.19884277267663295 0.0004898510882498853 -9.98544233163364e-05 0.9800312648991693
0.026434337000000002 -0.8733553669332199 0.00024390422351911156 0.00043638939908682205 0.4870832217764478
0.026564745 0.7293126064260115 0.0003417054101957723 -0.00036491423832096136 0.6841804054565414
0.026715333 -0.4303761110100695 0.00045145364442326496 0.00021474310318629372 0.9026495040440179
0.026897746 0.9907194367529679 6.74957197301497e-05 -0.0004953473926910739 0.13591760068291023
0.027078968000000002 0.17138015279205152 0.0004924500389804805 -8.612754213351494e-05 0.9852048371866874
0.027234919000000003 -0.8866248788436365 0.00023161497159763521 0.00044303440008271736 0.4624888900881114
0.027380643000000003 0.7099097978728934 0.00035176876537621116 -0.00035522348556862415 0.7042924003683474
0.027510992 -0.4554307565755599 0.00044527680205047653 0.00022727420134998607 0.8902710533884592
0.027665715 0.9865348073964515 8.131083937720258e-05 -0.0004932680226590182 0.1635481673153115
0.027822051 0.14378369163828728 0.0004946644051542401 -7.233339867216871e-05 0.9896090023553308
0.027999605 -0.8992019694577202 0.00021914483742011654 0.00044933340756846135 0.4375333726229552
0.028165612000000003 0.6899525769981674 0.00036155740266413574 -0.00034525531689964453 0.7238543699709171
0.028308157 -0.48012972811731114 0.0004387522156279267 0.00023962780704403193 0.8771973352947301
0.028444601000000003 0.9815796664122391 9.506246006943126e-05 -0.0004908033963361921 0.1910510124263918
0.028587088 0.11607494099238504 0.0004964924574371659 -5.848276562893996e-05 0.9932403209231275
0.028727548000000002 -0.911076816186901 0.00020650355970585596 0.0004552815020792144 0.4122361587288865
0.028898661000000003 0.669456529632979 0.0003710636775100364 -0.00033501751707497437 0.7428510371178321
0.029081631 -0.5044537366802855 0.00043188498060875343 0.00025179427257340933 0.8634385598380074
0.029246766 0.9758579143063744 0.00010873984167531319 -0.0004879554538638343 0.21840465609049048
0.029408052 0.08827554032524705 0.0004979327681915814 -4.458645981670461e-05 0.9960959569716361
0.029553313 -0.922240144733445 0.00019370101083711146 0.0004608740381323642 0.38661700461858345
0.029700007 0.6484376624102434 0.0003802801658786766 -0.0003245180814266305 0.7612675661422883
0.029855498 -0.5283837861400524 0.0004246804600416072 0.0002637640963918393 0.8490054720971988
0.030011006000000003 0.9693740341650023 0.00012233230233187992 -0.00048472642668297237 0.2455877354692504
0.030176635 0.06040719990204255 0.0004989842125910578 -3.065533371705652e-05 0.9981736803606897
0.030334225000000003 -0.932683236269291 0.00018074718915156278 0.0004661066478234545 0.36069591794554684
0.030481386000000003 0.6269123902642618 0.00038919967004697977 -0.000313765209613739 0.7790895744431653
0.030621836000000003 -0.5519011880378463 0.0004171442803823368 0.0002755279305220329 0.8339093437634849
0.030784713000000002 0.962133097342724 0.00013582922663937823 -0.0004811188403856677 0.2725790212086191
0.030954541000000002 0.03249168382733358 0.0004996459694988708 -1.67002670049445e-05 0.9994718684700561
0.03112213 -0.9423979341426597 0.00016765221113759565 0.00047097524418612536 0.33449314218617626
0.031274397 0.6048975236114148 0.0003978152242251625 -0.0003027672992189771 0.7963031437172781
0.031427898 -0.5749875761753023 0.0004092823270999616 0.0002870765878559903 0.8181619643376062
0.031573757 0.9541407631051692 0.00014922007388556532 -0.0004771355145438516 0.29935743388957636
0.031715318 0.0045507930481545255 0.0004999175221092774 -2.7321580520682744e-06 0.9999895074666437
0.031892311 -0.951376650078443 0.000154426303539224 0.0004754760242990593 0.30802914084157756
0.032054867 0.582410255221991 0.00040612009999674764 -0.0002915329391904449 0.8128948308290282
0.032215607 -0.5976249209574822 0.00040110074008037577 0.00029840104932964026 0.8017756319227648
0.032387286 0.9454032757977192 0.00016249438624503921 -0.00047277956130139354 0.32590206042667164
0.032526643 -0.02339365167167939 0.0004997986583510894 1.1238084584345262e-05 0.9997261930962713
0.032681417000000004 -0.9596123698121263 0.00014107979537812576 0.0004796054721098239 0.28132458147409795
0.032840965 0.5594681467933842 0.00041410781157319665 -0.00028007090313407316 0.8288516783089682
0.033017888 -0.6197955434729522 0.00039260590883136067 0.00030949247096621337 0.784763143620338
0.033173541 0.9359274607353613 0.00017564179692903164 -0.00046805438332678533 0.3521921703663077
0.03333398 -0.05131982679273668 0.0004992894710533965 2.5199550680652903e-05 0.99868213099938
0.033483428 -0.9670986580404762 0.00012762310990147596 0.0004833603609172001 0.25440031959601944
0.033630006000000004 0.5360891152351581 0.0004217721208590558 -0.00026839014246180795 0.8441612244730825
0.033771858 -0.6414821292999188 0.0003838044674926593 0.0003203421907828406 0.7671377855359071
0.033946741 0.9257207192698322 0.00018865203827162102 -0.00046296367135447943 0.3782072320570815
0.034106865 -0.07920592304330053 0.0004983903578729207 3.914133686730176e-05 0.9968581365504398
0.034267338 -0.9738296624418112 0.00011406675646664088 0.00048673775538844293 0.22727738243285026
0.034425679 0.5122914186766905 0.0004291070423236683 -0.0002564997794009365 0.8588115131548792
0.034577372 -0.6626677420276169 0.000374703289655013 0.00033094173555497355 0.7489133224034025
0.034726316 0.9147910232280163 0.00020151494974251274 -0.0004575114014118276 0.40392692867267266
0.034900279 -0.107030162451555 0.0004971020209835925 5.305255514390822e-05 0.994255634221179
0.035064421000000005 -0.9798001161955627 0.00010042132237920395 0.0004897350128263328 0.19997695259460818
0.035227309000000005 0.4880936422083319 0.0004361068476756426 -0.00024440909987000464 0.8727911030426924
0.035375128 -0.6833358364823554 0.00036530948299220046 0.0003412828274333277 0.7301039868354796
0.035528497 0.9031469088125191 0.00021422048587836688 -0.00045170183177707445 0.42933117407130317
0.03567853 -0.13477081535332372 0.000495425466528126 6.692234138236328e-05 0.9908766564681336
0.035839259000000005 -0.9850053375466462 8.669746471374036e-05 0.0004923497829588767 0.17252035171532448
0.036006296 0.4635146833672035 0.0004427660703364226 -0.00023212754622689127 0.8860890766149044
0.03618345 -0.7034702716478635 0.0003556303837102788 0.0003513573904081635 0.7107244682085169
0.036328522 0.8907974700112389 0.00022675872412556553 -0.00044553949969180964 0.4544001284776083
0.036478764000000004 -0.16240621736207964 0.0004933620038322725 8.073986381128829e-05 0.9867238421453814
0.03664042 -0.9894412222297186 7.290590218200126e-05 0.0004945800041594338 0.14492902419387538
0.036791225000000004 0.43857373737899025 0.0004490795097094794 -0.00021966470989471146 0.8986950486661084
0.036959918 -0.7230553232697927 0.00034567355081836554 0.0003611575566158365 0.6907899011909314
0.03712987 0.8777523515427561 0.00023911987258778148 -0.0004390292178412729 0.4791142139736469
0.037292625 -0.1899147862879712 0.0004909132443822927 9.449433147521728e-05 0.981800434443707
0.037446323000000004 -0.9931042146641658 5.905740722302653e-05 0.0004964238890535959 0.11722452139817405
0.037594583 0.41329028216723723 0.0004550422352417722 -0.0002070303238712986 0.910599174417551
0.03774901 -0.742075696134472 0.00033544676022543294 0.0003706756724826538 0.6703158539237681
0.037915765000000004 0.8640217413547086 0.00025129427767200236 -0.00043217607061109124 0.5034541297863958
0.038086025 -0.21727503899265452 0.00048808110056645216 0.00010817500266190398 0.976110278357803
0.038232765 -0.9959911989327669 4.5162798904811004e-05 0.0004978798700231604 0.08942848756606465
0.038387719 0.3876840631418685 0.0004606495902743211 -0.00019423425512812078 0.9217921572055271
0.038540181 -0.7605165360122349 0.0003249579986677362 0.00037990430470119643 0.6493183158628069
0.038691764000000003 0.8496163626875922 0.0002632724316268732 -0.00042498541012666886 0.5274008673594396
0.038863203000000006 -0.24446560816676088 0.00048486778418152217 0.00012177119329116868 0.9696578176834836
0.039041192 -0.9980989645893937 3.123293931056109e-05 0.0004989463321532052 0.06156265306516252
0.039202092 0.36177507777880724 0.00046589719567888006 -0.00018128649690456997 0.9322652557417138
0.039350485000000004 -0.7783634412558602 0.00031421545747162147 0.00038883624603437776 0.6278136852917005
0.039515488 0.8345474657140034 0.0002750449799673499 -0.00041746285208021916 0.5509357251968678
0.039660581 -0.27146525901690377 0.0004812758047054565 0.00013527228525873265 0.9624480915472636
0.039829627 -0.9994194958102106 1.7278753286044804e-05 0.0004996192581416878 0.033648878200903565
0.040004513000000005 0.3355835600027368 0.0004707809532778653 -0.0001681971609036348 0.942010290939781
0.040179123000000004 -0.7956024740449186 0.00030322752615659197 0.0003974645209426239 0.6058187565158996
0.040335879000000005 0.8188268187621576 0.0002866027287798075 -0.0004096142713498599 0.5740403234676595
0.040489265 -0.29825290584919023 0.0004773079673375947 0.0001486677347285282 0.9544867304710047
0.040627125 -0.9994844937389178 3.3119340984374153e-06 0.0004996645228666458 0.005710981214300163
0.040772806 0.3091299643852012 0.0004752970490448723 -0.00015497646939506007 0.9510196523029427
0.040950864000000003 -0.8122201712669684 0.00029200278588363885 0.00040578239102965027 0.5833507067474007
0.041116061 0.8024666991319495 0.0002979366519018473 -0.0004014457974148951 0.596696618359068
0.041274623 -0.32480762853628076 0.000472967370807912 0.0001619470803669987 0.9457799519747073
0.04142796 0.9997190246092664 1.0660022011775957e-05 -0.0004997945460894525 0.022237346175137528
0.04157269 0.2824349501703945 0.00047944195608329044 -0.00014163474723215744 0.9592863038674622
0.041719729000000004 -0.828203555026794 0.0002805500027539741 0.0004137833603024217 0.5604270826905824
0.04189918 0.7854798835116595 0.0003090378979711689 -0.0003929638095713297 0.6188869161677122
0.042079281 -0.35110868885514035 0.00046825740495703896 0.00017509995151296725 0.9363345557208815
0.042244891 0.9987341219259048 2.4621851392480588e-05 -0.0004993149344094496 0.05016430206689095
0.042410552000000004 0.25551936514109697 0.0004832124373806676 -0.0001281824137884976 0.9668037896974696
0.042563209000000005 -0.8435401427749363 0.00026887812096341394 0.00042146118024092037 0.5370657868396544
0.042698230000000004 0.7678796380033468 0.00031989779733798316 -0.0003841749319516316 0.6405938871173622
0.042883684000000005 -0.37713554668271926 0.00046318174808893553 0.0001881160762766877 0.926157918204289
0.043059449 0.9969462957553401 3.8564608977606e-05 -0.000498433903553357 0.07805237447707117
0.043230912 0.22840422933737448 0.0004866055483366937 -0.00011462997482078944 0.9735662389268009
0.043380943000000005 -0.8582179570468812 0.00025699625581779116 0.00042880985467339954 0.5132850634984806
0.043525374000000006 0.7496797077651166 0.00033050786883554855 -0.00037508602835282953 0.6618005788925796
0.043680133 -0.40286787603691027 0.0004577443640982858 0.00020098528956175013 0.9152579869912034
0.043842178 0.9943772608189382 5.247728103290691e-05 -0.000497162299188565 0.10587955248085867
0.044019796 0.2011107186407529 0.0004896186390628232 -0.00010098801426429637 0.9795683703439184
0.044192737 -0.8722255348041588 0.0002449136866148978 0.0004358236444527418 0.4891034845337797
0.044374355000000004 0.7308943062786256 0.00034085982640354005 -0.0003657041968771248 0.682490429877631
0.044522572 -0.42828558095025693 0.00045194949937486 0.00021369754100357974 0.903643274512689
0.044681194 0.99103095589667 6.63489822023259e-05 -0.0004955020804576335 0.13362406569481752
0.044854002000000004 0.17366014823668113 0.0004922493564517355 -8.726718596719455e-05 0.9848054965163359
0.045025132 -0.8855519363683332 0.0002326398493985788 0.0004424970719294126 0.4645399348729634
0.045188574 0.7115381042503611 0.00035094558555906637 -0.00035603676438927714 0.702647282090326
0.045339895000000005 -0.45336881116400746 0.0004458016794872598 0.00022624290281832241 0.8913228514167452
0.045485564000000006 0.9869104296649996 8.016887306324786e-05 -0.0004934547615598801 0.16126423480239496
0.045619081000000006 0.1460739559682058 0.0004944956460150215 -7.347820537033646e-05 0.9892735274513232
0.045783135 -0.8981867539381653 0.00022018432959072643 0.0004488249252161416 0.4396135977581299
0.045972095000000004 0.6916262181555264 0.0003607572697102838 -0.0003460912807951762 0.7222553938006526
0.046159468 -0.47809797763026013 0.000439305705648638 0.00023861157755599105 0.8783063394845081
0.046328474 0.9820190423909976 9.392615829277285e-05 -0.0004910220125069676 0.18877846898460293
0.046466943000000004 0.11837368559385354 0.0004963557534876594 -5.963184113890987e-05 0.9929689737900377
0.04661523 -0.9101201196789319 0.00020755685450708403 0.00045480226223882145 0.4143439397680169
0.046793737 0.6711741984335109 0.0003702872163076566 -0.0003358755131460822 0.7412994518243766
0.046975222000000004 -0.5024537678100838 0.0004324666509671545 0.00025079390575181136 0.8646039041160444
0.047148772000000005 0.9763606718472375 0.00010761009275668107 -0.000488205762070521 0.2161452782880862
0.04731283 0.09058096996280088 0.0004978282261980349 -4.5738906752532056e-05 0.995888949532579
0.047469041000000003 -0.921342713370329 0.00019476728576291828 0.00046042441456683184 0.38875069562007153
0.047610673000000006 0.6501980173442968 0.0003795279828280815 -0.0003253974395732104 0.7597645834819637
0.047758046000000005 -0.5264171607556587 0.00042528985648408946 0.0002627803734697861 0.8502262463916045
0.047937067 0.9699397641187133 0.00012120998916201002 -0.0004850082231887941 0.24334328897904303
0.048129092000000005 0.06271751412046384 0.0004989119142024173 -3.181025206034469e-05 0.9980311742918478
0.048292408 -0.9318457695946375 0.00018182561157485693 0.00046568699101362347 0.36285385276524396
0.048458783000000005 0.6287140564952649 0.0003884723525871749 -0.000314665243057379 0.7776363682135149
0.048608877 -0.5499694419646618 0.0004177809270027242 0.0002745616197325942 0.8351845947145372
0.048754006 0.9627613478020841 0.0001347152261183838 -0.0004814319000725956 0.2703512596812736
0.048942557000000005 0.03480507835770909 0.000499605971183023 -1.7856754807705986e-05 0.999393975074442
0.049124433 -0.9416210844378077 0.0001687419389654978 0.000470585880993888 0.33667363578873005
0.049280153 0.6067390940482282 0.0003971133403752043 -0.0003036873050386364 0.7949008488406127
0.049444468000000005 -0.5730922179952727 0.0004099457267112295 0.00028612844383200063 0.8194906960423934
0.049608305000000005 0.9548310369115568 0.00014811525630668674 -0.00047747958966548636 0.29714809771864803
0.049773119000000005 0.006865461216921066 0.0004999098551089626 -3.889312141107149e-06 0.9999762875872054
0.049958299000000005 -0.950661021658348 0.00015552648587788628 0.0004751172576147499 0.3102304906309147
0.050125417000000005 0.5842902916166761 0.00040544419791224516 -0.0002924721988708496 0.8115445424663008
0.050299566000000004 -0.5957674308303764 0.0004017903746029911 0.0002974718125140734 0.8031568067130691
0.050458515 0.9461550294736694 0.00016139961465421888 -0.0004731543809487474 0.32371287546659705
0.050610805 -0.02107951753180321 0.0004998233286595263 1.0081167902086634e-05 0.9997776570684018
0.050775282000000005 -0.9589585182428102 0.00014218957320782076 0.0004792775804603807 0.2835450686445048
0.050953737000000006 0.5613851808634875 0.00041345841911831 -0.00028102868312638137 0.8275544510046751
0.051138732000000006 -0.6179773719797447 0.0003933212396979531 0.00030858286703359017 0.7861956828731529
0.051313548 0.9367401041112169 0.00017455792647470117 -0.0004684596532410447 0.35002484663142824
0.051463486 -0.04900803393103539 0.0004993464594096308 2.404377491236854e-05 0.9987982386428721
0.051632483 -0.9665070891892023 0.00012874161676353253 0.0004830635979906992 0.2566382105071119
0.051797302 0.5380416498096126 0.0004211497451943341 -0.00026936569475610056 0.8429180713318568
0.051982234 -0.6397046963091371 0.0003845449360687009 0.0003194529300721015 0.7686205705159573
0.052152176 0.9265936154821895 0.00018757991555197245 -0.0004633990739256288 0.3760634624159972
0.052320507 -0.07689827687966459 0.0004984796197768237 3.7987604628699315e-05 0.9970387972008913
0.052480154 -0.9733008311831086 0.00011519311916558713 0.0004864723493865641 0.22953093001523267
0.052632899000000004 0.5142779288643969 0.00042851216951004313 -0.0002574923421100576 0.8576234050504294
0.052785582000000004 -0.6609324355855136 0.00037546831767518017 0.00033007351251425 0.7504451951370179
0.052946847000000005 0.915723488936319 0.00020045541215431268 -0.0004579765957863338 0.401808387545867
0.053134193 -0.10472846516650387 0.0004972234867306765 5.190176745429718e-05 0.9945007068008257
0.053298990000000004 -0.97933442439618 0.00010155466170697158 0.0004895011654563251 0.2022443978003667
0.053477345 0.4901125765884898 0.00043553994229489156 -0.0002454178978242899 0.871658967859705
0.053646302 -0.6816440117277384 0.0003660984730120834 0.00034043632007702343 0.7316837510151387
0.053815076 0.904138214555447 0.00021317436096978618 -0.0004521964540354664 0.42723951613693767
0.053987378 -0.13247686448055135 0.0004955790412639788 6.57753969609845e-05 0.9911859495960508
0.05415198500000001 -0.9846031304591157 8.783689621077782e-05 0.0004921476676299131 0.17479992504375627
0.054314743000000006 0.465564465200446 0.00044222757512840113 -0.00023315179157931527 0.8850137985245049
0.054485413 -0.7018232497523763 0.000356442719573085 0.00035053325978674923 0.7123508901273681
0.054641775000000004 0.8918468406606774 0.0002257268289546659 -0.00044606316307503835 0.45233698738871914
0.054798947 -0.1601218043846196 0.0004935475676266504 7.959765837543193e-05 0.9870971142869742
0.054981307 -0.9891027810675755 7.405053696933591e-05 0.0004944097622700151 0.14721894736265395
0.055174895 0.4406527658383651 0.0004485698452264054 -0.00022070360273596806 0.8976774674354476
0.055337908000000005 -0.7214543904044225 0.00034650859813626115 0.00036035644629874025 0.6924617107065585
0.055489781 0.8788589668314096 0.0002381030130878544 -0.00043958151301390114 0.4770812010891083
0.055650716 -0.1876416952390783 0.0004911306523227953 9.335775704068338e-05 0.9822373940993679
0.055826484 -0.9928297388524374 6.0206352992205906e-05 0.0004962856211172198 0.11952300933976963
0.056000397 0.41539693358804763 0.0004545617995198277 -0.0002080830528543288 0.9096400847540624
0.05616846700000001 -0.7405221024629933 0.0003363038668751445 0.0003698982080546038 0.6720317454504682
0.056339903000000004 0.865184736463136 0.0002502932480246804 -0.00043275656595419346 0.5014528329174934
0.056515304 -0.21501504506249378 0.0004883301828717083 0.00010704494684634815 0.976610584290591
0.056677347 -0.9957807552991607 4.631516132242696e-05 0.0004977736102664229 0.09173375128368484
0.056869457000000005 0.3898166922894093 0.00046019875852284164 -0.00019529999810160165 0.9208923081363616
0.057037109 -0.7590114947122797 0.00032583649530003837 0.0003791510932723654 0.6510769493916139
0.057211044 0.8508348288818683 0.0002622880136437832 -0.0004255936520560489 0.5254328495335776
0.057350120000000004 -0.24222047631599217 0.00048514834633379706 0.00012064853862087582 0.9702210791856491
0.057508036000000005 -0.9979523012378514 3.2387824774588856e-05 0.000498871955463969 0.06387290531640992
0.057670391 0.36393201913297935 0.0004654763199873612 -0.0001823644215548579 0.9314253500288446
0.05783908200000001 -0.7769081275682399 0.00031511465803431667 0.0003881078757646351 0.629613687437367
0.058023332000000004 0.8358204510283074 0.00027407794248097766 -0.0004180983653870957 0.549002523439737
0.058187967 -0.269236742598245 0.00048158762760258205 0.00013415790847936333 0.9630738687454101
0.058356519 -0.9993350832308276 1.8435277691621222e-05 0.0004995760006876955 0.03596235190876735
0.058520999000000004 0.33776312905854305 0.00047039036234102296 -0.0001692864254046647 0.9412309845312314
0.058691035 -0.7941980243517303 0.00030414672843058347 0.0003967615605801684 0.607658721590053
0.058868584 0.8201533287224023 0.0002856538270441708 -0.00041027655956208016 0.5721434476050666
0.059048179000000006 -0.2960427452380296 0.0004776508074640944 0.00014756250612036982 0.9551745346696466
0.059230409000000005 -0.9996026646083961 4.469179428728555e-06 0.0004997225413379853 0.008025711755311235
0.05938954900000001 0.31133045896809974 0.0004749370479059758 -0.00015607622306568919 0.9503015538205686
0.059566585000000005 -0.8108676821989704 0.0002929412720316953 0.0004051053894642627 0.5852291978570483
0.059721654000000006 0.8038456975177147 0.0002970066270035328 -0.00040213434317730586 0.5948375498395232
0.059897818000000005 -0.3226175497714114 0.0004733409604251976 0.00016085186306526167 0.9465292460379621
0.060070069000000004 0.9997413376763081 9.503314545065884e-06 -0.0004998046433152222 0.01992360387506331
0.060235697000000005 0.2846546517654683 0.00047911282589595256 -0.00014274413120043296 0.958629974131691
0.060400655000000004 -0.8269040826003626 0.0002815070398817704 0.00041313284613349473 0.5623426328611542
0.060562743 0.7869102931543458 0.00030812747625125306 -0.0003936780750442656 0.6170671069068313
0.060707356000000004 -0.3489404022906742 0.00046866145231252564 0.00017401560083365084 0.9371447544919919
0.060896585 0.9988437265014283 2.346609607237744e-05 -0.0004993686717363981 0.047852544161598995
0.061090636000000004 0.2577565402350175 0.00048291443518930173 -0.0001293005616623381 0.9662097412893657
0.061266204000000005 -0.8422947015588031 0.00026985296169243484 0.0004208376613603652 0.5390169001617415
0.061445002000000006 0.7693603416189365 0.00031900768982533146 -0.0003849143592267151 0.638814758365056
0.06161838 -0.37499074565222845 0.00046361593764390914 0.00018704343904854212 0.9270283889626532
0.061771857000000006 0.9971228461838094 3.741082623856224e-05 -0.0004985211106072686 0.07574462353917885
0.061968955000000006 0.23065713077209196 0.0004863389068757909 -0.00011575601336454434 0.9730349357877983
0.062153636000000005 -0.8570275193585714 0.00025798813886968296 0.0004282138178633914 0.5152702162974524
0.062331791000000004 0.7512095488201878 0.0003296387706919689 -0.0003758500398854066 0.6600635201239888
0.062498183000000006 -0.4007482355308418 0.00045820835677435245 0.00019992520346485775 0.9161880499465537
0.062672644 0.9946189211472822 5.1326391007384276e-05 -0.0004972820589714404 0.10357764737321247
0.062846236 0.2033775869778612 0.0004893835665752174 -0.00010212106408066015 0.9791002274135412
0.06301896 -0.8710910299357602 0.00024592183740685335 0.00043525555499811713 0.4911211265614375
0.063187907 0.732472089888458 0.0003400124163812495 -0.00036649219593475404 0.68079679770871
0.06337408500000001 -0.4261927563076457 0.00045244293281877936 0.00021265083391506625 0.9046322033360353
0.06354148600000001 0.9913371356001728 6.520189020177032e-05 -0.0004956540985790194 0.13132981677255198
0.06370031500000001 0.17593921313138527 0.0004920460365259863 -8.840636218394028e-05 0.9844008794081783
0.063869707 -0.8844742498406943 0.00023366348064935127 0.00044195737324427076 0.4665884905204352
0.06405590600000001 0.7131625981080657 0.000350120525470905 -0.00035684813551574126 0.7009983992189643
0.064241105 -0.451304436779505 0.0004463241683539583 0.00022521039216570973 0.8923698738076691
0.064401336 0.9872807475688277 7.902647791448011e-05 -0.0004936388482826946 0.15897943964085534
0.06456753400000001 0.14836343755182294 0.0004943242374420581 -7.462261833133126e-05 0.9889327521675563
0.064734374 -0.8971667267818986 0.00022122264193688392 0.00044831403848383656 0.44169146728922215
0.064916502 0.693296153491217 0.00035995520391310663 -0.00034692539028952237 0.7206525479741882
0.065094126 -0.476063665677486 0.00043985684190218075 0.00023759406967869428 0.879410637774365
0.06527279200000001 0.9824531465909918 9.278935378600316e-05 -0.0004912379927226692 0.18650491511116737
0.065438232 0.12067179586376332 0.000496216390136787 -6.078059709887205e-05 0.9926923064746517
0.065606565 -0.9091585477393924 0.00020860903712914842 0.00045432058606393016 0.41644950057230995
0.065760438 0.6728882710026016 0.0003695087711993244 -0.0003367317095562388 0.7397438948343159
0.065963187 -0.5004511069822909 0.0004330460041994422 0.0002497921952712722 0.8657646159066036
0.066144282 0.9768581914151274 0.00010647976767325356 -0.0004884534511553585 0.21388474319350131
0.066322438 0.09288591417875729 0.0004977210169124022 -4.689110857498879e-05 0.9956766062635667
0.066503404 -0.9204403466318161 0.0001958325170210765 0.0004599723246367241 0.39088230348516
0.066674042 0.6519548884439739 0.00037877376635843586 -0.00032627505420369866 0.7582575301867266
0.06685287200000001 -0.5244477150246835 0.00042589697425103167 0.0002617952426687352 0.8514424652286319
0.067029746 0.9705002925682289 0.00012008702688123681 -0.00048528741873773214 0.2410975393158523
0.067211912 0.06502749220617986 0.0004988369427140269 -3.296499991823975e-05 0.997883320912484
0.067368259 -0.9310033115159033 0.00018290305965402696 0.00046526483976567633 0.3650098431676639
0.067532192 0.6305123540082727 0.0003877429537834015 -0.00031556359049069506 0.7761789955899623
0.067710175 -0.5480347493591264 0.00041841533517762567 0.00027359383794391844 0.8364553707957918
0.067909652 0.9633844365188118 0.0001336005040708672 -0.0004817423786142359 0.26812205016428975
0.068085029 0.03711828630661794 0.0004995632960473576 -1.9013146886120457e-05 0.9993107270637945
0.068259631 -0.9408391912853624 0.00016983076252966543 0.0004701939972815899 0.33885232520344155
0.068441785 0.6085774135130424 0.0003964093288819463 -0.00030460568366983586 0.7934942950651219
0.06860153100000001 -0.5711937893989723 0.0004106069298551168 0.0002851787668376896 0.8208150369594901
0.068781308 0.9555161923236327 0.0001470096453643418 -0.00047782110524706857 0.2949371699022369
0.06897101700000001 0.009180092501014722 0.0004998995096592641 -5.046445341520452e-06 0.9999577099699765
0.069154674 -0.949940301814188 0.00015662583473388046 0.0004747559463610099 0.31243017785968685
0.06934053600000001 0.5861671973231827 0.0004047661235468394 -0.00029340989145490063 0.8101899060261042
0.069523209 -0.593906748801787 0.0004024778563515903 0.000296540981954707 0.8045336782266309
0.069695245 0.946901711829697 0.00016030397849281977 -0.00047352666452461756 0.3215219564684469
0.069875583 -0.018765270551157585 0.000499845320980744 8.924197256506468e-06 0.9998237643641738
0.070065732 -0.9582995314445746 0.00014329858897912167 0.0004789471222770462 0.2857640361644247
0.070238991 0.5632992069732657 0.0004128068114414921 -0.0002819849573378275 0.826252789840164
0.070427749 -0.6161558895935478 0.0003940344631650191 0.00030767160982881866 0.7876240097206445
0.070596042 0.9375477270288749 0.0001734731209250366 -0.0004688624124463972 0.3478556478342664
0.070770287 -0.04669597859140372 0.0004994007723322718 2.2887870371026993e-05 0.9989089948547933
0.070954641 -0.9659103456241874 0.00012985943357550703 0.0004827642487250072 0.25887472584209165
0.071124221 0.5399913014998998 0.000420525113096752 -0.0002703398037605811 0.8416704020105285
0.07129673 -0.6379238360206386 0.0003852833442653781 0.0003185619578525569 0.7700992372515815
