0 -0.7067529998956005 0.00035399999994770805 0.0003529999999478558 0.7074602089259648
0.0008119140000000001 -0.7070286192468748 0.0019283216612318162 -0.0014961751822615557 0.7071807227302318
0.001107436 -0.7070298004846213 0.003002681526783369 -0.0018985698812064317 0.707174830266697
0.001353952 -0.7078812414096283 0.0033452541148617588 -0.0005406863466345631 0.7063233430897958
0.001538405 -0.7076065045982467 0.006144661808037713 -0.001111980423138029 0.7065791118346588
0.001734436 -0.7071876676849291 0.007164610503352607 -0.0017727855025482706 0.7069873607514123
0.0019133770000000002 -0.706491512798436 0.008335681155448152 -0.0007389134120553567 0.7076720375784404
0.00208733 -0.7061573851370627 0.011220331374595344 -0.0015565950378445019 0.7079642848280686
0.0022359890000000003 -0.7053945335951498 0.010296549344134794 -0.0028019688702433042 0.7087345638644521
0.002377506 -0.7051797467374209 0.011122810128186417 -0.00523779612212836 0.7089219797537544
0.0025128050000000003 -0.7049497492580348 0.011815076966267608 -0.006772811381676032 0.7091264936549074
0.002667276 -0.7048498660231725 0.014069703871984472 -0.007539565365208969 0.7091768924282393
0.002811769 -0.7044054509656151 0.014223355846773334 -0.008336289011990333 0.7096063437455257
0.002982081 -0.7043571613630529 0.014854362792941849 -0.008608200653965257 0.7096381021507364
0.0031317750000000003 -0.7041248444109325 0.016223171015109967 -0.008884998513991178 0.7098352407473874
0.003291618 -0.7041125517855629 0.01656574160857078 -0.009335197767178713 0.7098337444117665
0.0034424480000000003 -0.7041925788201668 0.016470594464856284 -0.009159222447244104 0.7097588605271086
0.0035821100000000003 -0.7041384378377278 0.016354731361955 -0.009227909815297109 0.7098143622116727
0.0037184590000000003 -0.7038931777912794 0.01608303952966863 -0.010218350031380214 0.7100502203513621
0.003879477 -0.7039102365621264 0.01663986688804642 -0.009282496429140794 0.7100333294663305
0.004030257000000001 -0.7041376693219187 0.017007410614027833 -0.00920588105464219 0.7098000721189807
0.004189202 -0.7038023160329857 0.01683488713649967 -0.008962450150537923 0.7101398179295441
0.004343889 -0.7038837671189628 0.016631737515817382 -0.00908780056912414 0.7100622786590193
0.004484364 -0.7039877494155888 0.016095785390724926 -0.010683962807254057 0.7099493131936697
0.0046304530000000005 -0.7038313140976332 0.015070402113104448 -0.01218463174851311 0.7101027383589655
0.0047888720000000004 -0.7039343370884615 0.01606187471254642 -0.011475317914247128 0.7099906917187815
0.00497091 -0.7037317660829104 0.015025731818878998 -0.012686101333435222 0.7101935592654252
0.005137509 -0.7035445944459212 0.01398733911686635 -0.013906223602937801 0.7103773468484614
0.005274089 -0.7034872815053043 0.013827765392117584 -0.01519595644638614 0.7104108111312899
0.005422473000000001 -0.7036312018819818 0.014490291080588748 -0.01481332561827284 0.7102631403829464
0.005572906000000001 -0.7037444593814913 0.015224667803593498 -0.014302283249696473 0.7101460343295373
0.0057091730000000005 -0.7036961573835118 0.014618027778912973 -0.01520843627254618 0.7101878165764877
0.0058913820000000006 -0.7036025607441987 0.014682252705337122 -0.015405128532954391 0.7102749819503614
0.006052653000000001 -0.7035209017096116 0.014153820917311698 -0.016105539021063424 0.7103510553409327
0.006193141 -0.7034567980126152 0.013746147133538592 -0.016614986998459237 0.7104108100077469
0.006345535 -0.7033281900864498 0.01293073592971693 -0.017633943645139965 0.7105288854997767
0.006501304 -0.7033410749044595 0.013012280827406594 -0.017532044389463756 0.7105171639865108
0.006642671 -0.7033489689630181 0.013054566065772825 -0.01751925508248233 0.7105088893637073
0.006791040000000001 -0.7031968973376286 0.01207900620680943 -0.01881841450121377 0.7106434327139378
0.006950607 -0.7031760331912532 0.011955160715169303 -0.018933116794305198 0.7106631252331455
0.0071113850000000004 -0.7032177523329067 0.012202849749033774 -0.01870371362942267 0.7106237079906116
0.007252740000000001 -0.7032177523331326 0.012202849731215507 -0.018703713647693302 0.7106237079902131
0.007396482 -0.7032952957582935 0.012692149837009859 -0.018092286500501882 0.7105542241560128
0.007538896000000001 -0.7032565480566784 0.012447503486280794 -0.01839799658397509 0.7105890521208865
0.007670357000000001 -0.7033339954290139 0.012936788761685067 -0.01778658343048063 0.7105192241032371
0.007837687000000001 -0.7033468846437778 0.013018333435551673 -0.017684683951599656 0.7105075191790622
0.008014323 -0.7032823851934973 0.012610601908866268 -0.018194189051940424 0.7105658525997317
0.008162945000000001 -0.7032177523318577 0.01220284980552211 -0.01870371357279306 0.7106237079921701
0.00831027 -0.7032952957571561 0.012692149912745417 -0.018092286424085408 0.7105542241577314
0.008474474000000001 -0.7032694692918466 0.01252905318872474 -0.01829609234971082 0.7105774619229699
0.008634332 -0.7031918618401846 0.012039743285776852 -0.018907528722521324 0.710646716295062
0.008770539 -0.7032565480550295 0.012447503583391608 -0.018397996485770767 0.71058905212336
0.00893477 -0.7033082009847184 0.012773697035844828 -0.01799038463095474 0.7105425765937646
0.00910297 -0.7032565480551946 0.012447503563121243 -0.01839799650641547 0.710589052123017
0.009277073 -0.7033082009843504 0.012773697056091493 -0.017990384610524133 0.7105425765942821
0.00944785 -0.7033082009848364 0.01277369703621225 -0.017990384630511155 0.7105425765936525
0.009610214 -0.7033855202606963 0.013262962377412072 -0.017378990334161872 0.7104722896859034
0.009769603 -0.7033339954290024 0.01293678878728611 -0.017786583404808876 0.7105192241034249
0.009921175 -0.7033855202606474 0.013262962370672426 -0.017378990340895215 0.7104722896859129
0.01009428 -0.7033468846437928 0.013018333445159028 -0.017684683941810206 0.7105075191791149
0.010248041000000001 -0.7034112506427844 0.013426044221139006 -0.017175198491478645 0.7104487077632728
0.010411100000000001 -0.7033726470584448 0.013181420356023077 -0.01748088728905459 0.7104840519723027
0.010554597 -0.7034754831535319 0.01383373386684758 -0.016665733128318382 0.7103894183815674
0.010711724 -0.7035651843329287 0.01440446346872877 -0.015952515876385655 0.7103056103283739
0.010874328 -0.7036546236863778 0.014975150835516336 -0.015239339077154399 0.7102208656233123
0.01104269 -0.7035011387714931 0.013996803811830471 -0.016461952616124 0.7103655688068855
0.011215826 -0.7034883136328499 0.013915269277515142 -0.01656384245363701 0.7103775031531575
0.011369738 -0.7035651843321058 0.01440446349626907 -0.01595251584886147 0.7103056103292487
0.011517237000000001 -0.7036163246016394 0.014730575748285265 -0.01554498127265715 0.7102572994693102
0.011661505 -0.7034626473316082 0.013752197658427126 -0.01676762456096904 0.7104013144943859
0.011833910000000001 -0.7034241078244997 0.013507583884997995 -0.017073303765416537 0.7104368881240825
0.0120081 -0.7033855202580025 0.01326296254538273 -0.01737899016376696 0.7104722896896026
0.012167805 -0.7033468846426442 0.013018333542606906 -0.017684683843088328 0.7105075191809235
0.012318448000000001 -0.703513958569133 0.014078337432251781 -0.016360063654685106 0.7103536153429126
0.012488810000000001 -0.7034883136343522 0.013915269206037804 -0.016563842525442247 0.7103775031513958
0.012638566 -0.703539582137519 0.01424140212804547 -0.016156288162610923 0.7103296510663194
0.012787986000000001 -0.7035267730254927 0.01415987016206155 -0.016258175546059725 0.7103416427615967
0.012956619 -0.7034626473332506 0.01375219760701787 -0.01676762461238657 0.7104013144925412
0.013114013 -0.7034498061711395 0.013670660545737214 -0.016869516857658515 0.7104131914871927
0.013281586000000001 -0.7035011387724662 0.013996803768373157 -0.01646195265985849 0.7103655688057646
0.013441452000000001 -0.7035139585699718 0.014078337395036389 -0.016360063692069007 0.7103536153419583
0.013612141000000001 -0.7035011387708789 0.013996803845906838 -0.0164619525811378 0.7103655688076331
0.013774621 -0.703501138770635 0.013996803882649114 -0.01646195254357248 0.7103655688080213
0.013984332 -0.7034883136309263 0.013915269429574932 -0.016563842298400105 0.7103775031557035
0.014146009000000001 -0.7035139585669747 0.014078337571750008 -0.016360063512045678 0.7103536153455705
0.014298044000000001 -0.7033983881181393 0.013344503947465098 -0.017277093781021102 0.7104605082885898
0.014453051000000001 -0.7033726470556457 0.013181420529915968 -0.017480887111828835 0.710484051976208
0.014593866 -0.7034112506403966 0.013426044398265667 -0.017175198310513465 0.7104487077666645
0.014738074 -0.703411250641243 0.013426044356873007 -0.017175198352169418 0.7104487077656018
0.014898843 -0.703488313633262 0.013915269312672403 -0.01656384241523536 0.710377503152956
0.015076491000000001 -0.7034498061694228 0.013670660654609814 -0.016869516745678787 0.7104131914894566
0.015232200000000001 -0.7034369596676632 0.01358912269156782 -0.016971409852822916 0.7104250493652341
0.015373739 -0.7033468846420085 0.013018333601472943 -0.01768468378105853 0.7105075191820183
0.015527601 -0.7033082009817234 0.012773697242222807 -0.017990384419538895 0.7105425765983716
0.015677059 -0.7031659500082448 0.011876633733124359 -0.01911134670257266 0.7106696481118253
0.015846579 -0.7032823851891081 0.012610602203839477 -0.01819418875114506 0.7105658526065427
0.016018749000000002 -0.7033597685175907 0.01309987751610327 -0.017582785016732806 0.7104957951395627
0.016202093 -0.7033211008716893 0.012855243610865092 -0.017888483334763904 0.7105309099147777
0.016336692 -0.7032436214787119 0.012365953429666182 -0.018499901117475938 0.71060062320823
0.016483077000000002 -0.703088086529934 0.011387284913069357 -0.01972281960091953 0.7107379845688382
0.016629701 -0.7031270422671697 0.011631962889260423 -0.01941707981869801 0.7107039023976714
0.016773820000000002 -0.7031918618369932 0.012039743530212811 -0.018907528472864196 0.710646716300721
0.016945331 -0.7031270422662754 0.011631962954527161 -0.019417079753183124 0.7107039023992778
0.017112046000000002 -0.703165950009508 0.011876633710843982 -0.019111346726158 0.7106696481103136
0.017259267000000002 -0.703127042266803 0.011631962921986372 -0.019417079786620606 0.7107039023983751
0.017392473000000002 -0.7031918618380293 0.012039743487425463 -0.01890752851710574 0.7106467162992437
0.017549033000000002 -0.7032177523298694 0.012202850007884685 -0.018703713366252855 0.7106237079960986
0.017692808 -0.7032694692903698 0.012529053373208329 -0.018296092160841822 0.7105774619260414
0.017864902000000002 -0.7032565480538304 0.012447503755505351 -0.018397996310028843 0.7105890521260818
0.018051845 -0.7032823851917152 0.01261060212189119 -0.018194188835085348 0.7105658526032675
0.018208385 -0.7032436214811741 0.01236595332253685 -0.018499901227330154 0.7106006232047977
0.018361055 -0.7031140623541844 0.011550404354759415 -0.019518992342698 0.7107152822452626
0.018512973000000002 -0.7031400168488929 0.01171352057657779 -0.019315168094272212 0.7106925034239002
0.018659755 -0.7031529860964808 0.011795077509330953 -0.01921325707077018 0.7106810853279294
0.018822792 -0.7031400168485717 0.011713520591539291 -0.01931516807891822 0.7106925034243887
0.018996141 -0.7030490828089792 0.011142599709423062 -0.02002856613626296 0.7107718946129581
0.019171068000000003 -0.7030230536736314 0.010979472274560729 -0.020232400853477592 0.7107944056811918
0.019340124 -0.7030100311114426 0.01089790732334395 -0.020334319364168737 0.7108056325245715
0.019496746000000002 -0.7030230536752109 0.010979472170559784 -0.020232400958740775 0.7107944056782398
0.019643515 -0.7030230536755591 0.01097947214224251 -0.020232400987321243 0.7107944056775194
0.019804754 -0.7030620893829806 0.011224162075679904 -0.019926650048959153 0.7107606103857774
0.019980788000000003 -0.7030100311112356 0.010897907300813378 -0.020334319387047876 0.7108056325244672
0.020147154 -0.7029970032172475 0.010816341694495253 -0.020436238495457497 0.7108168402451321
0.020294878000000002 -0.7029709314432697 0.01065320798456265 -0.020640079042101772 0.7108391983019472
0.020434605 -0.7029970032177786 0.01081634166385027 -0.020436238526235946 0.7108168402441885
0.020576913000000002 -0.7029970032175358 0.010816341665826448 -0.02043623852419507 0.7108168402444571
0.020722581 -0.7030100311107994 0.010897907329648054 -0.02033431935781225 0.7108056325252927
0.020902142000000002 -0.7030100311105452 0.010897907334241003 -0.020334319353268494 0.7108056325256038
0.021065292000000003 -0.7030100311104289 0.010897907347553618 -0.02033431933977559 0.7108056325259006
0.021227428000000003 -0.7030100311111862 0.010897907289172436 -0.02033431939869645 0.7108056325243612
0.021376911000000002 -0.7029709314442864 0.010653207905770118 -0.020640079121725767 0.7108391982998107
0.021526103 -0.7030100311109986 0.010897907297717096 -0.02033431939011338 0.7108056325246613
0.021703738 -0.7029970032180317 0.010816341624936903 -0.020436238565474624 0.710816840243402
0.02187725 -0.7029839699948106 0.010734775198508836 -0.020538158438689124 0.7108280288365953
0.022038845 -0.7029709314431363 0.010653207948465564 -0.020640079078816365 0.710839198301554
0.022195476000000002 -0.7029709314441355 0.010653207875816119 -0.020640079151920315 0.710839198299532
0.022344431 -0.7029578875635184 0.01057163986340863 -0.020742000497363664 0.7108503486376028
0.02251736 -0.7029578875632961 0.01057163989564135 -0.02074200046473205 0.7108503486382953
0.022662632000000002 -0.7029578875633926 0.010571639883026202 -0.020742000477532253 0.710850348638014
0.022795724 -0.7029578875646797 0.010571639802910524 -0.020742000558554668 0.7108503486355686
0.022969917000000003 -0.7029578875640775 0.010571639830139644 -0.020742000531190595 0.7108503486365575
0.023118759000000003 -0.7029578875654134 0.010571639740212139 -0.02074200062212366 0.7108503486339205
0.023287702 -0.7029578875656768 0.010571639723917364 -0.020742000638895502 0.710850348633413
0.023452348 -0.702957887566776 0.01057163964903279 -0.020742000714819346 0.7108503486312243
0.023595925 -0.7029578875673891 0.010571639610602845 -0.020742000753809234 0.7108503486300519
0.023742033000000003 -0.7029578875681655 0.010571639559128397 -0.020742000806081944 0.7108503486285244
0.023926529000000002 -0.7029578875680061 0.01057163956349025 -0.020742000801445993 0.7108503486287523
0.024072153000000002 -0.7029578875668128 0.010571639653355813 -0.020742000710557745 0.710850348631248
0.024241205000000002 -0.7029578875663793 0.010571639688606608 -0.020742000674933623 0.7108503486321919
0.024389498000000003 -0.70295788756601 0.01057163971174438 -0.02074200065168555 0.7108503486328913
0.024540758000000003 -0.7029578875662895 0.010571639694206596 -0.020742000669684776 0.7108503486323505
0.024678138000000002 -0.7029578875664461 0.010571639682821373 -0.020742000680963796 0.710850348632036
0.024841357 -0.7029578875661678 0.01057163969944712 -0.020742000664330476 0.7108503486325493
0.024998217000000003 -0.702957887565345 0.010571639758516573 -0.020742000604611545 0.710850348634227
0.025152347000000002 -0.7029578875653567 0.010571639769570413 -0.020742000593024845 0.7108503486343891
0.025311473 -0.7029578875659844 0.010571639726621706 -0.02074200063620457 0.7108503486331472
0.025466062 -0.7029578875669579 0.010571639674488662 -0.020742000688647986 0.7108503486314296
0.025610839000000003 -0.7029578875665395 0.010571639696800859 -0.020742000666561674 0.7108503486321558
0.02575681 -0.7029578875667867 0.010571639699770097 -0.020742000663410438 0.7108503486319594
0.025939543000000002 -0.7029578875675403 0.010571639652226844 -0.020742000711276944 0.7108503486305244
0.026114605000000003 -0.7029578875689751 0.010571639564158691 -0.02074200079998552 0.7108503486278267
0.026272861 -0.7029578875696608 0.010571639525440065 -0.02074200083928155 0.7108503486265779
0.026434337000000002 -0.7029578875701664 0.01057163949139242 -0.020742000873472263 0.7108503486255867
0.026564745 -0.7029578875706746 0.010571639439000432 -0.020742000926752022 0.7108503486243085
0.026715333 -0.702957887571154 0.010571639423601249 -0.020742000942754732 0.7108503486235966
0.026897746 -0.7029578875708496 0.010571639451558507 -0.02074200091426453 0.7108503486243131
0.027078968000000002 -0.7029578875703903 0.010571639489152355 -0.02074200087646566 0.7108503486253112
0.027234919000000003 -0.7029578875694977 0.010571639534131068 -0.020742000831192542 0.7108503486268459
0.027380643000000003 -0.7029578875690466 0.010571639561322501 -0.02074200080374979 0.7108503486276885
0.027510992 -0.7029578875678509 0.010571639636783708 -0.020742000727634706 0.7108503486299694
0.027665715 -0.7029578875686464 0.010571639589300097 -0.020742000775340233 0.710850348628497
0.027822051 -0.7029578875690623 0.010571639561066062 -0.02074200080388913 0.7108503486276727
0.027999605 -0.7029578875699054 0.010571639506018093 -0.020742000859231984 0.7108503486260428
0.028165612000000003 -0.7029578875701354 0.010571639481760426 -0.020742000884122924 0.7108503486254498
0.028308157 -0.7029578875685532 0.010571639610127982 -0.02074200075452459 0.7108503486288869
0.028444601000000003 -0.7029578875681401 0.01057163963750317 -0.020742000726637577 0.710850348629702
0.028587088 -0.7029578875684063 0.010571639626964587 -0.02074200073707217 0.710850348629291
0.028727548000000002 -0.7029578875682959 0.010571639627738303 -0.020742000736504753 0.7108503486294051
0.028898661000000003 -0.702957887569214 0.010571639561549589 -0.020742000803112004 0.7108503486275382
0.029081631 -0.7029578875688415 0.010571639582342677 -0.020742000781986833 0.7108503486282137
0.029246766 -0.7029578875687253 0.010571639599401607 -0.0207420007649608 0.7108503486285717
0.029408052 -0.7029578875694171 0.010571639568682198 -0.020742000795586992 0.7108503486274507
0.029553313 -0.7029578875701612 0.010571639513505296 -0.020742000850846303 0.7108503486259231
0.029700007 -0.7029578875698304 0.010571639544090655 -0.020742000820393194 0.7108503486266842
0.029855498 -0.7029578875689423 0.010571639589098531 -0.02074200077496512 0.7108503486282185
0.030011006000000003 -0.7029578875688132 0.010571639583446172 -0.020742000780630678 0.7108503486282649
0.030176635 -0.7029578875694901 0.010571639539448278 -0.02074200082485726 0.7108503486269594
0.030334225000000003 -0.7029578875696079 0.01057163953921553 -0.02074200082398166 0.7108503486268718
0.030481386000000003 -0.7029578875704863 0.010571639485672392 -0.020742000877499982 0.710850348625238
0.030621836000000003 -0.7029578875698254 0.010571639487683566 -0.02074200087634947 0.7108503486258951
0.030784713000000002 -0.7029578875703026 0.010571639500060315 -0.02074200086363238 0.7108503486256101
0.030954541000000002 -0.7029578875710432 0.010571639443126762 -0.02074200092042211 0.7108503486240674
0.03112213 -0.7029578875717196 0.010571639397900809 -0.02074200096588958 0.7108503486227445
0.031274397 -0.7029578875727769 0.010571639334298947 -0.02074200102958572 0.7108503486207862
0.031427898 -0.7029578875731213 0.01057163932516859 -0.020742001038738522 0.7108503486203144
0.031573757 -0.7029578875738818 0.010571639245668056 -0.020742001119439024 0.7108503486183899
0.031715318 -0.7029578875741401 0.010571639257419453 -0.020742001107141694 0.7108503486183184
0.031892311 -0.7029578875751454 0.010571639212527814 -0.020742001151912052 0.7108503486166855
0.032054867 -0.7029578875749977 0.010571639201348324 -0.020742001162702247 0.7108503486166832
0.032215607 -0.7029578875745944 0.010571639231696467 -0.02074200113231512 0.7108503486175173
0.032387286 -0.702957887574147 0.010571639265732768 -0.02074200109804884 0.7108503486184532
0.032526643 -0.702957887574321 0.010571639266761393 -0.02074200109652283 0.7108503486183105
0.032681417000000004 -0.702957887574344 0.010571639242955663 -0.02074200112152124 0.7108503486179124
0.032840965 -0.7029578875742738 0.01057163927274603 -0.020742001090787235 0.7108503486184355
0.033017888 -0.7029578875745643 0.010571639278907361 -0.02074200108360691 0.7108503486182661
0.033173541 -0.7029578875740161 0.01057163931535918 -0.020742001046864904 0.7108503486193383
0.03333398 -0.7029578875743298 0.010571639300496375 -0.020742001062121544 0.710850348618804
0.033483428 -0.7029578875749167 0.01057163925755996 -0.02074200110527321 0.710850348617603
0.033630006000000004 -0.7029578875752197 0.010571639234038055 -0.020742001128888753 0.7108503486169641
0.033771858 -0.7029578875749795 0.01057163923887131 -0.020742001124621684 0.7108503486172543
0.033946741 -0.7029578875757935 0.010571639201824566 -0.020742001161921157 0.7108503486159119
0.034106865 -0.7029578875758596 0.010571639191103805 -0.02074200117262537 0.7108503486156935
0.034267338 -0.7029578875765583 0.010571639169397781 -0.02074200119492259 0.7108503486146749
0.034425679 -0.7029578875754755 0.010571639224070279 -0.020742001140545002 0.7108503486165193
0.034577372 -0.7029578875745226 0.010571639283486494 -0.020742001080426856 0.7108503486183321
0.034726316 -0.7029578875750506 0.010571639255445778 -0.020742001108427593 0.7108503486174099
0.034900279 -0.7029578875760909 0.01057163921383008 -0.020742001150448188 0.7108503486157739
0.035064421000000005 -0.7029578875769734 0.010571639200438555 -0.020742001163584083 0.7108503486147172
0.035227309000000005 -0.7029578875774535 0.01057163917352535 -0.0207420011904239 0.7108503486138595
0.035375128 -0.7029578875774342 0.010571639155966959 -0.02074200120839449 0.7108503486136153
0.035528497 -0.702957887577577 0.010571639150459044 -0.02074200121370595 0.710850348613401
0.03567853 -0.7029578875768259 0.010571639163634688 -0.020742001200980464 0.7108503486143192
0.035839259000000005 -0.7029578875773803 0.010571639116191876 -0.020742001248647342 0.7108503486130856
0.036006296 -0.7029578875782678 0.010571639069493828 -0.02074200129656885 0.7108503486115041
0.03618345 -0.7029578875782069 0.010571639087643888 -0.020742001278726045 0.7108503486118151
0.036328522 -0.7029578875777387 0.010571639110411084 -0.020742001255529097 0.7108503486126162
0.036478764000000004 -0.7029578875775168 0.01057163914927685 -0.020742001215971376 0.710850348613412
0.03664042 -0.7029578875766002 0.010571639214697996 -0.020742001150172034 0.7108503486152655
0.036791225000000004 -0.7029578875768355 0.010571639214742785 -0.02074200115057444 0.7108503486150203
0.036959918 -0.7029578875778517 0.010571639151301746 -0.020742001214931298 0.710850348613081
0.03712987 -0.7029578875783435 0.010571639128983344 -0.020742001237838904 0.7108503486122582
0.037292625 -0.7029578875770643 0.010571639237108998 -0.02074200112891863 0.7108503486150933
0.037446323000000004 -0.7029578875781588 0.010571639178979532 -0.020742001187350808 0.7108503486131705
0.037594583 -0.7029578875784357 0.010571639147212321 -0.020742001219631944 0.7108503486124271
0.03774901 -0.7029578875781055 0.01057163916546665 -0.020742001201377376 0.7108503486130149
0.037915765000000004 -0.7029578875770537 0.010571639239069565 -0.02074200112767239 0.710850348615111
0.038086025 -0.7029578875764897 0.010571639257351224 -0.020742001109465752 0.7108503486159281
0.038232765 -0.7029578875762722 0.010571639256568722 -0.020742001109886016 0.7108503486161425
0.038387719 -0.7029578875756994 0.010571639296912044 -0.020742001068409514 0.7108503486173192
0.038540181 -0.702957887573681 0.010571639425490265 -0.020742000939539488 0.7108503486211635
0.038691764000000003 -0.702957887572869 0.010571639463912604 -0.020742000901462467 0.710850348622506
0.038863203000000006 -0.7029578875724899 0.010571639464870957 -0.02074200090047729 0.7108503486228955
0.039041192 -0.7029578875720831 0.01057163952026562 -0.0207420008447646 0.7108503486240996
0.039202092 -0.7029578875721977 0.010571639531095939 -0.02074200083382796 0.7108503486241443
0.039350485000000004 -0.702957887571929 0.01057163955906425 -0.020742000805005333 0.7108503486248351
0.039515488 -0.7029578875708771 0.010571639580146603 -0.020742000784683804 0.7108503486261547
0.039660581 -0.7029578875710976 0.010571639575348466 -0.020742000789831856 0.7108503486258578
0.039829627 -0.7029578875716678 0.010571639571199885 -0.020742000794187632 0.7108503486252286
0.040004513000000005 -0.7029578875717295 0.010571639565887584 -0.020742000799255006 0.7108503486250987
0.040179123000000004 -0.7029578875711938 0.010571639569978027 -0.020742000795528095 0.7108503486256762
0.040335879000000005 -0.7029578875707904 0.010571639587484478 -0.020742000778296864 0.7108503486263177
0.040489265 -0.7029578875694914 0.010571639656192955 -0.02074200070879412 0.7108503486286084
0.040627125 -0.702957887569556 0.010571639649335544 -0.020742000715620497 0.7108503486284472
0.040772806 -0.7029578875672712 0.010571639773749995 -0.020742000590317198 0.7108503486325127
0.040950864000000003 -0.7029578875663803 0.010571639839317486 -0.020742000524595294 0.7108503486343362
0.041116061 -0.7029578875660717 0.010571639856672218 -0.020742000507572366 0.7108503486348802
0.041274623 -0.7029578875665315 0.010571639809740314 -0.02074200055450412 0.7108503486337538
0.04142796 -0.7029578875661118 0.010571639832770669 -0.020742000531348715 0.710850348634502
0.04157269 -0.70295788756765 0.010571639742982319 -0.020742000620927008 0.7108503486317025
0.041719729000000004 -0.7029578875677504 0.010571639729207293 -0.020742000634839542 0.7108503486314022
0.04189918 -0.7029578875674527 0.01057163972667511 -0.020742000637741814 0.7108503486316494
0.042079281 -0.7029578875675665 0.010571639688098128 -0.020742000676638814 0.7108503486309756
0.042244891 -0.7029578875673903 0.010571639709998965 -0.02074200065449838 0.7108503486314702
0.042410552000000004 -0.7029578875675585 0.010571639672842508 -0.020742000692075695 0.71085034863076
0.042563209000000005 -0.7029578875675738 0.010571639624037793 -0.02074200074103044 0.7108503486300424
0.042698230000000004 -0.7029578875671928 0.010571639666798223 -0.020742000698658513 0.7108503486310196
0.042883684000000005 -0.7029578875672726 0.010571639703831523 -0.020742000661725237 0.7108503486314676
0.043059449 -0.7029578875670994 0.010571639706205864 -0.0207420006592023 0.7108503486316771
0.043230912 -0.7029578875672715 0.010571639705172007 -0.020742000660309172 0.7108503486314899
0.043380943000000005 -0.7029578875670945 0.0105716397328273 -0.020742000632695847 0.7108503486320593
0.043525374000000006 -0.7029578875667323 0.010571639776389537 -0.02074200058920741 0.7108503486330388
0.043680133 -0.7029578875663913 0.010571639811196866 -0.02074200055395942 0.7108503486338867
0.043842178 -0.7029578875662799 0.010571639810765353 -0.020742000553921787 0.7108503486340044
0.044019796 -0.7029578875663939 0.01057163978694245 -0.02074200057732393 0.7108503486335631
0.044192737 -0.7029578875657755 0.010571639815975578 -0.02074200054757555 0.710850348634611
0.044374355000000004 -0.7029578875665847 0.010571639760797568 -0.020742000602753774 0.7108503486330213
0.044522572 -0.7029578875666108 0.010571639762371444 -0.020742000601652783 0.7108503486330041
0.044681194 -0.7029578875674457 0.01057163967763242 -0.02074200068688494 0.7108503486309518
0.044854002000000004 -0.7029578875665979 0.010571639717248674 -0.02074200064711031 0.7108503486323616
0.045025132 -0.7029578875680017 0.010571639625701075 -0.020742000738826146 0.7108503486296588
0.045188574 -0.702957887567046 0.010571639670090421 -0.02074200069398982 0.7108503486312518
0.045339895000000005 -0.7029578875670188 0.010571639655226998 -0.020742000709378657 0.7108503486310508
0.045485564000000006 -0.7029578875662388 0.010571639675286746 -0.020742000688999698 0.7108503486321185
0.045619081000000006 -0.7029578875662584 0.010571639703661867 -0.020742000660905854 0.7108503486324967
0.045783135 -0.7029578875673813 0.010571639634911994 -0.020742000730023205 0.7108503486303921
0.045972095000000004 -0.702957887567272 0.010571639608068735 -0.02074200075601402 0.7108503486301412
0.046159468 -0.7029578875677107 0.010571639584363753 -0.020742000779841493 0.7108503486293644
0.046328474 -0.7029578875670901 0.010571639634997422 -0.02074200072869769 0.7108503486307175
0.046466943000000004 -0.702957887567594 0.010571639604875335 -0.020742000759104408 0.7108503486297798
0.04661523 -0.7029578875667544 0.01057163963234216 -0.020742000731413402 0.7108503486310097
0.046793737 -0.7029578875671539 0.010571639586502507 -0.02074200077726052 0.7108503486299586
0.046975222000000004 -0.7029578875675124 0.010571639542799566 -0.020742000821427624 0.710850348628965
0.047148772000000005 -0.7029578875664365 0.010571639606291502 -0.020742000757329317 0.7108503486309553
0.04731283 -0.7029578875668501 0.010571639598632056 -0.020742000765171804 0.7108503486304313
0.047469041000000003 -0.7029578875668651 0.010571639578159178 -0.020742000785708595 0.7108503486301216
0.047610673000000006 -0.7029578875671169 0.010571639622961615 -0.02074200073997604 0.7108503486305409
0.047758046000000005 -0.7029578875672429 0.010571639622247456 -0.02074200074165494 0.710850348630378
0.047937067 -0.702957887564514 0.010571639777349567 -0.02074200058552572 0.7108503486353255
0.048129092000000005 -0.7029578875634769 0.010571639828872631 -0.02074200053316607 0.7108503486371128
0.048292408 -0.7029578875626944 0.01057163990399151 -0.02074200045802955 0.7108503486389618
0.048458783000000005 -0.7029578875621567 0.01057163996045043 -0.02074200040146429 0.7108503486403043
0.048608877 -0.7029578875612937 0.010571640027040802 -0.02074200033423441 0.7108503486421291
0.048754006 -0.7029578875621252 0.010571640045869225 -0.020742000315819967 0.7108503486415643
0.048942557000000005 -0.7029578875624404 0.01057164004634006 -0.020742000315487733 0.7108503486412552
0.049124433 -0.7029578875628184 0.010571640023242564 -0.020742000339398593 0.7108503486405272
0.049280153 -0.7029578875621537 0.010571640043231096 -0.020742000318704615 0.7108503486414911
0.049444468000000005 -0.7029578875620203 0.010571640024406574 -0.020742000337575447 0.7108503486413524
0.049608305000000005 -0.7029578875622778 0.010571640031656825 -0.020742000330474176 0.710850348641197
0.049773119000000005 -0.7029578875617277 0.010571640046749637 -0.020742000315232798 0.7108503486419613
0.049958299000000005 -0.7029578875617215 0.0105716400511981 -0.020742000310515627 0.710850348642039
0.050125417000000005 -0.7029578875618713 0.010571640048566039 -0.02074200031328179 0.7108503486418494
0.050299566000000004 -0.7029578875618627 0.0105716400304885 -0.0207420003313496 0.7108503486415995
0.050458515 -0.7029578875618927 0.010571640022405161 -0.0207420003393633 0.7108503486414562
0.050610805 -0.7029578875623529 0.010571640033508883 -0.020742000328780777 0.7108503486411447
0.050775282000000005 -0.7029578875624523 0.010571640036514174 -0.020742000325912523 0.7108503486410854
0.050953737000000006 -0.7029578875627985 0.010571640034599067 -0.020742000327998625 0.7108503486407106
0.051138732000000006 -0.7029578875629576 0.010571640016160923 -0.02074200034650013 0.7108503486402876
0.051313548 -0.7029578875622706 0.010571640072884468 -0.020742000289195626 0.7108503486417955
0.051463486 -0.7029578875619432 0.010571640085777698 -0.020742000276091237 0.7108503486423099
0.051632483 -0.7029578875632239 0.010571640032082183 -0.02074200033087485 0.7108503486402434
0.051797302 -0.7029578875639007 0.010571639984860999 -0.020742000378718282 0.7108503486388805
0.051982234 -0.7029578875649062 0.010571639957548269 -0.020742000406467728 0.7108503486374825
0.052152176 -0.7029578875644518 0.010571640001186558 -0.020742000361920813 0.7108503486385828
0.052320507 -0.702957887563337 0.010571640067618293 -0.02074200029403254 0.7108503486406781
0.052480154 -0.7029578875633717 0.010571640064244115 -0.02074200029727058 0.7108503486405995
0.052632899000000004 -0.7029578875620587 0.010571640120342915 -0.02074200024082851 0.7108503486427107
0.052785582000000004 -0.7029578875623191 0.010571640116549022 -0.020742000245258668 0.7108503486423802
0.052946847000000005 -0.7029578875614073 0.010571640168413951 -0.020742000192686027 0.7108503486440446
0.053134193 -0.70295788756084 0.010571640189567239 -0.020742000171666133 0.7108503486449044
0.053298990000000004 -0.7029578875613556 0.010571640171785133 -0.02074200019003895 0.7108503486441228
0.053477345 -0.7029578875612491 0.010571640172014672 -0.020742000189446174 0.710850348644242
0.053646302 -0.7029578875617518 0.010571640142408429 -0.020742000219695758 0.7108503486433025
0.053815076 -0.7029578875606757 0.0105716401636278 -0.020742000197634378 0.7108503486446949
0.053987378 -0.7029578875609686 0.010571640154392832 -0.020742000206906683 0.7108503486442721
