0 -0.7067529998956005 0.00035399999994770805 0.0003529999999478558 0.7074602089259648
0.0008119140000000001 0.633265164205849 -0.007393484642494371 0.020160957032604607 0.7736369642914559
0.001107436 -0.8351299038741772 -0.019328861715031218 -0.009317697516667903 0.5496342524864015
0.001353952 0.4598572171879265 -0.011382003577488765 0.01820645483432417 0.8877333075567126
0.001538405 -0.9306284129369906 -0.016998976724294578 -0.01309108555664959 0.36533722153096754
0.001734436 0.26662432978109935 -0.014883296614801736 0.015473128697577106 0.9635614629757921
0.0019133770000000002 -0.9860135191436395 -0.013945423822137017 -0.016302929720068356 0.16529807858814619
0.00208733 0.06189686157442751 -0.017747233525750517 0.012077948891643634 0.9978517633109789
0.0022359890000000003 0.9989439235799314 0.010060967711492005 0.018988410002187737 0.04218699654875411
0.002377506 -0.1454991268345032 -0.019851087506052287 0.008166412287311254 0.9891256316929377
0.0025128050000000003 0.9686436781518081 0.005945183176296435 0.02064437549946338 0.2475330838962494
0.002667276 -0.3466225008086824 -0.021104845438805656 0.003906245081875447 0.9377593145033658
0.002811769 0.896652426773731 0.0015752274834941946 0.02142191593312964 0.442215815478782
0.002982081 -0.5328026394518784 -0.021455106205621924 -0.0005198517165422987 0.8459676607711459
0.0031317750000000003 0.7860100576755384 -0.0028627933653819207 0.021285041517470623 0.6178414081384391
0.003291618 -0.6960133862550105 -0.02088740272179753 -0.004922106471650932 0.7177086463428225
0.0034424480000000003 0.6414836721858571 -0.007178832060120363 0.020238529137770703 0.7668365893397583
0.0035821100000000003 -0.829219302348794 -0.019426851871465187 -0.009111897291673988 0.5585127588693992
0.0037184590000000003 0.4693028016938211 -0.011187882414271681 0.01832652734877591 0.8827765973136857
0.003879477 -0.926679596095 -0.017137112163607783 -0.012909949828263352 0.37524458229889057
0.004030257000000001 0.27688984091139685 -0.014718030437715003 0.015630570517886525 0.9606621207268848
0.004189202 -0.9842009453772035 -0.01411774442026225 -0.016154259850372117 0.1758065798772852
0.004343889 0.07253976250828344 -0.017617906739999353 0.012266017030015786 0.9971347850825945
0.004484364 0.9996081185125436 0.010264962203040946 0.01888582843404216 0.03152083226495722
0.0046304530000000005 -0.13493766248665695 -0.01976323861511422 0.00837704414240451 0.9906219142611068
0.0047888720000000004 0.9712337399488893 0.006164086921865438 0.02058037839474376 0.2371842666889703
0.00497091 -0.3365977998515177 -0.021062227276888744 0.004130407242465087 0.9414043209082944
0.005137509 0.9013207771159573 0.001802683158770621 0.021404171025726358 0.43262415227190304
0.005274089 -0.5237468973306565 -0.02145952321655516 -0.0002917728840805932 0.85160419940667
0.005422473000000001 0.7925578893985605 -0.0026364882584007073 0.021314416168590044 0.6094202194769409
0.005572906000000001 -0.6883170433226802 -0.020938632139770555 -0.004699889128289029 0.72509364191202
0.0057091730000000005 0.6496291753195008 -0.006963368410001487 0.020313816033701904 0.759948915183097
0.0058913820000000006 -0.8232142569944357 -0.019522652193334426 -0.008905061394692953 0.5673277182689325
0.006052653000000001 0.4786949762903912 -0.010992496334305551 0.018444529913902313 0.8777193902109742
0.006193141 -0.9226251367236245 -0.017273319628227944 -0.012727348068233179 0.3851092836602824
0.006345535 0.2871238446173653 -0.014551099700207583 0.015786247019359725 0.9576534164590453
0.006501304 -0.9822748687794092 -0.014288470650557805 -0.016003734529159267 0.18629524066108588
0.006642671 0.08317441920237362 -0.017486587286588053 0.012452700601383674 0.9963042948847921
0.006791040000000001 1.0008205752311314 0.010475146980089032 0.01879334258747579 0.02084308628608882
0.006950607 -0.12436082237307522 -0.019673154694236472 0.008586731815937703 0.9920054293226176
0.0071113850000000004 0.9737140098156523 0.006382302820895616 0.02051407912649706 0.2268083789605054
0.007252740000000001 -0.3265347648293691 -0.02101722796604326 0.004354106198409287 0.9449421668549869
0.007396482 0.9058866429318791 0.002029935119366551 0.021384015311108787 0.4229832258834497
0.007538896000000001 -0.5146315137806247 -0.02146151554958858 -6.365647327948512e-05 0.8571438058766924
0.007670357000000001 0.7990155391594844 -0.002409885927326737 0.021341386078285923 0.6009296497077498
0.007837687000000001 -0.680542318676522 -0.020987497863910718 -0.004477135241586505 0.732396114675455
0.008014323 0.6577007471457499 -0.006747118073495237 0.02038680928397644 0.7529747257462935
0.008162945000000001 -0.8171154545417161 -0.019616251699627097 -0.008697213246966732 0.5760781261435832
0.00831027 0.48803267206861733 -0.010795867456060749 0.018560449216616516 0.8725622618343892
0.008474474000000001 -0.9184655141194823 -0.017407583651302967 -0.012543301184325555 0.3949301997715392
0.008634332 0.2973251759479961 -0.014382523295603751 0.015940140595977693 0.9545356925414572
0.008770539 -0.9802358589177086 -0.01445758641072751 -0.0158513772727049 0.1967628442173704
0.00893477 0.09379962099705477 -0.017353290014673565 0.012637978470837906 0.9953603870807559
0.00910297 -0.009974444113272364 0.017945666119066984 -0.013922263457331389 0.9996930399687943
0.009277073 -0.11376981063307656 -0.019580845905257074 0.008795451558521261 0.9932760191462906
0.00944785 0.9760843757730248 0.006599808362421221 0.02044548846723323 0.2164065894206292
0.009610214 -0.3164345414626573 -0.020969852540246203 0.004577316612143361 0.9483724492953809
0.009769603 0.9103495173818383 0.0022569578588514513 0.021361451462378875 0.4132941322444152
0.009921175 -0.5054575268052847 -0.021461082891579508 0.00016447168399648694 0.8625858491543172
0.01009428 0.8053822745937932 -0.002183011971493032 0.021365948356129694 0.5923706649761834
0.010248041000000001 -0.6726900982041036 -0.02103399424624167 -0.004253870026011685 0.739615232745963
0.010411100000000001 0.6656974696798147 -0.006530105519731169 0.020457500714694175 0.7459148147947824
0.010554597 -0.8109235920942873 -0.01970763965797656 -0.008488376380617708 0.584762985350723
0.010711724 0.4973148263429093 -0.010598018038503191 0.018674272181485565 0.867305799143189
0.010874328 -0.9142012171091449 -0.017539888965805182 -0.012357830203929054 0.4047062100253028
0.01104269 0.30749267368131 -0.014212320303930335 0.016092233844796133 0.9513093037550181
0.011215826 -0.9780844048621198 -0.014625074831994742 -0.015697210044478417 0.2072081807517114
0.011369738 0.10441415831442323 -0.01721802999812048 0.012821829663383829 0.9943031689473054
0.011517237000000001 0.0006877366180837379 0.01790966102154292 -0.01392055225860678 0.9997434495894519
0.011661505 -0.10316583301455695 -0.019486322662981552 0.009003179730700393 0.9944335388595467
0.011833910000000001 0.9783447859830825 0.006816581685834934 0.020374618308912025 0.20598006709461789
0.0120081 -0.3062982796976282 -0.020920106303772813 0.004800013201371239 0.9516947774311043
0.012167805 0.9147089071155292 0.002483725921693236 0.021336482459141284 0.4035579725855809
0.012318448000000001 -0.4962259810603829 -0.021458225205329112 0.00039258575422057053 0.8679297093270247
0.012488810000000001 0.8116573739390242 -0.001955892016321079 0.02138810039093491 0.5837442391809109
0.012638566 -0.664761276553525 -0.021078115908294316 -0.004030118754038737 0.746750173741683
0.012787986000000001 0.6736184335222407 -0.00631235530274446 0.020525882415501788 0.7387699858434958
0.012956619 -0.8046393770811965 -0.019796805586140834 -0.00827857443655796 0.5933813062560358
0.013114013 0.5065403827733636 -0.010398970478531364 0.01878598597225168 0.8619506004030035
0.013281586000000001 -0.9098327443706211 -0.017670220509851207 -0.012170956278862121 0.41443619914717517
0.013441452000000001 0.31762518045699134 -0.014040509989730625 0.016242509567942386 0.9479746172518393
0.013612141000000001 -0.975820942816844 -0.014790918567714641 -0.015541253773616526 0.2176300464366398
0.013774621 0.11501682279614805 -0.017080822533776543 0.013004233366338654 0.9931327606626117
0.013984332 0.011349870714267336 0.017877031025365826 -0.01392071722071175 0.9996800576624832
0.014146009000000001 -0.09255009673678963 -0.01938959563399095 0.009209892805652074 0.9954778564648247
0.014298044000000001 0.9804952652795117 0.007032601776075148 0.02030148196071184 0.19552998047562067
0.014453051000000001 -0.2961271335758151 -0.020867994830587815 0.005022170741944796 0.954908772757836
0.014593866 0.9189643326202621 0.0027102139098406385 0.021309111592368833 0.39377585328739423
0.014738074 -0.4869379277362557 -0.02145294272958602 0.0006206599051317091 0.8731747776669407
0.014898843 0.8178401261439596 -0.0017285517100169975 0.021407839851548892 0.5750513538597153
0.015076491000000001 -0.6567567570365633 -0.021119857741744998 -0.003805906753350263 0.7538001248787933
0.015232200000000001 0.6814627379674596 -0.006093892058593429 0.020591946740595883 0.7315410520645756
0.015373739 -0.7982635272043218 -0.01988373925341976 -0.008067831162314036 0.601932106842579
0.015527601 0.515708291487388 -0.010198747308395638 0.018895577993328125 0.8564972751174567
0.015677059 -0.9053606046884283 -0.01779856343135733 -0.01198270068891935 0.42411905729631727
0.015846579 0.3277215429086067 -0.013867111799856743 0.016390950774589155 0.9445320125133301
0.016018749000000002 -0.973445874732994 -0.014955099987609105 -0.015383528704236548 0.2280272427554553
0.016202093 0.12560640744117935 -0.016941683139722573 0.013185168931709913 0.9918492952924449
0.016336692 -1.0024453511846216 -0.011507549864458982 -0.018178790694755007 0.022059469808623847
0.016483077000000002 -0.08192381035304497 -0.019290675735421033 0.009415567371868971 0.9964088528545337
0.016629701 0.9825359386886996 0.007247848739242811 0.020226094573917806 0.18505749643151617
0.016773820000000002 -0.28592226110300906 -0.020813523963705814 0.005243764070736921 0.9580140691082694
0.016945331 0.9231153286251399 0.0029363964899994893 0.021279342470257038 0.3839488857252579
0.017112046000000002 -0.4775944244393478 -0.021445235979018477 0.0008486683086639232 0.8783204566998528
0.017259267000000002 0.8239298309800727 -0.0015010167202202137 0.021425164687673477 0.566292998074013
0.017392473000000002 -0.6486774515303954 -0.021159214909019716 -0.0035812594040252094 0.7607642830632185
0.017549033000000002 0.689229491111817 -0.005874740502461137 0.020655686309704317 0.724228836193922
0.017692808 -0.7917967703813809 -0.01996843068201395 -0.007856170409776946 0.6104144128193275
0.017864902000000002 0.5248175092006956 -0.009997371193101004 0.01900303589126949 0.8509464439584895
0.018051845 -0.9007853171547514 -0.01792490309215564 -0.011793084844394381 0.4337536801691652
0.018208385 0.33778061179540236 -0.013692145361240618 0.01653754068290562 0.9409818813068762
0.018361055 -0.9709595810912687 -0.015117601311237084 -0.015224054635258255 0.23839857605612128
0.018512973000000002 0.13618170674331426 -0.016800627553496653 0.013364615878555619 0.9904529187749522
0.018659755 -1.000763667405479 -0.011684011278766608 -0.018030451122464628 0.03273539317826255
0.018822792 -0.07128818361304479 -0.019189574133713132 0.009620180135830632 0.9972264218245417
0.018996141 0.9844670655128375 0.0074623041993513925 0.020148473759097254 0.17456377876188642
0.019171068000000003 -0.275684824117748 -0.020756699814520888 0.005464768088508218 0.9610103126936785
0.019340124 0.9271614445743815 0.0031622484017604516 0.02124717902530711 0.3740781861094337
0.019496746000000002 -0.46819653507290004 -0.021435105744154012 0.0010765851438766427 0.8833661602729572
0.019643515 0.8299257991556847 -0.001273312730598574 0.021440073130723797 0.5574701682921223
0.019804754 -0.6405242803779309 -0.021196182843864115 -0.0033562021357132553 0.7676418549812926
0.019980788000000003 0.6969178099611177 -0.005654925425740405 0.0207170940090465 0.7168341704365845
0.020147154 -0.7852398446849528 -0.020050870148330097 -0.007643616132886199 0.6188272577291366
0.020294878000000002 0.533866999337656 -0.009794864927792565 0.01910834755621668 0.8452987386953976
0.020434605 -0.8961074113265414 -0.018049225071669114 -0.01160213028776686 0.44333896910565096
0.020576913000000002 0.34780124213366215 -0.01351563047864385 0.016682262721985225 0.9373246276411106
0.020722581 -0.9683624298338042 -0.015278404701488908 -0.015062851087809371 0.2487428572527395
0.020902142000000002 0.1467415168286097 -0.01665767173029372 0.013542553895325857 0.9889437899039721
0.021065292000000003 -0.9998139697346506 -0.01186841786993807 -0.01789572580336332 0.043400585287418296
0.021227428000000003 -0.06064442732526839 -0.019086302243336257 0.009823707924661373 0.9979304700861921
0.021376911000000002 0.9862890897248474 0.007675951881556124 0.020068640500587938 0.1640499862466783
0.021526103 -0.26541598815934975 -0.020697528762105843 0.0056851577627665155 0.9638971621440803
0.021703738 0.931102245186415 0.0033877444667759988 0.02121262552293367 0.3641648753186476
0.02187725 -0.45874532971684945 -0.02142255309128772 0.0013043845998857734 0.8883113136213358
0.022038845 0.8358273524334532 -0.0010454654373824757 0.021452563694735454 0.5485838682712199
0.022195476000000002 -0.6322981722868215 -0.02123075725187984 -0.003130760424796994 0.7744320571893643
0.022344431 0.7045268205377446 -0.005434471693101933 0.02077616299227412 0.7093578963709954
0.02251736 -0.7785934982778623 -0.02013104818423486 -0.007430192385254313 0.6271696830560992
0.022662632000000002 0.5428557321510055 -0.00959125143512443 0.019211501123316266 0.8395548021225817
0.022795724 -0.8913274273464071 -0.018171515170221822 -0.01140985869470395 0.4528738311974188
0.022969917000000003 0.3577822933276182 -0.01333758713238692 0.016825100533750362 0.9335606677197876
0.023118759000000003 -0.965654782702498 -0.015437492331268286 -0.014899937423793532 0.25905890163245876
0.023287702 0.15728463559261913 -0.01651283184113938 0.013718962842185019 0.9873220803108783
0.023452348 -0.9990182345661289 -0.012054416638755578 -0.01776393620784192 0.054058002209429135
0.023595925 -0.04999375321912536 -0.018980871725480603 0.010026127688774858 0.9985209172768564
0.023742033000000003 0.9880027161796386 0.007888778489602984 0.019986620542071117 0.15351726994033124
0.023926529000000002 -0.2551169223354927 -0.02063601745248029 0.005904908130619479 0.9666742885469853
0.024072153000000002 0.934937311120015 0.003612859599239508 0.02117568657198089 0.35421007872620475
0.024241205000000002 -0.4492418845069409 -0.021407579362358205 0.0015320408787947491 0.8931553534331473
0.024389498000000003 0.8416338237518439 -0.0008175005458299782 0.021462635177332372 0.5396351089379651
0.024540758000000003 -0.6240000642271993 -0.021262934111027667 -0.0029049597915426135 0.7811341162023226
0.024678138000000002 0.7120556579873826 -0.005213404239545063 0.020832886681392417 0.7018008648520526
0.024841357 -0.7718584893452715 -0.020208955578261363 -0.007215923317739131 0.6354407383322295
0.024998217000000003 0.5517826848409042 -0.009386553762611955 0.019312484974114412 0.8337152879860263
0.025152347000000002 -0.8864459160335524 -0.018291759412047807 -0.011216291874495231 0.4623571793976231
0.025311473 0.3677226292998944 -0.013158035476057445 0.016966037974833276 0.929690429894261
0.025466062 -0.9628369997994631 -0.015594846431871354 -0.0147353329309355 0.26934552873886586
0.025610839000000003 0.16780986283744803 -0.016366124271039645 0.013893822753315228 0.985587974444966
0.02575681 -0.9982222305294464 -0.012240302078537393 -0.01763224257952994 0.06470785105467049
0.025939543000000002 -0.03933737380701256 -0.01887329448672381 0.010227416504504486 0.998997695969011
0.026114605000000003 0.9896090288250136 0.008100775060454432 0.019902446539400754 0.14296676931865915
0.026272861 -0.24478879918937335 -0.020572172797848842 0.006123994301619341 0.9693413754847372
0.026434337000000002 0.9386662397746605 0.0038375688179888654 0.021136367137635302 0.34421492601718295
0.026564745 -0.4396872815130885 -0.021390186174792207 0.0017595281986253453 0.8978977279135312
0.026715333 0.8473445573514318 -0.0005894437666130639 0.021470286660770006 0.5306249082677029
0.026897746 -0.6156309013281639 -0.021292709672097215 -0.002678825797239994 0.7877472685810404
0.027078968000000002 0.7195034666854301 -0.004991748067430367 0.020887258767664094 0.6941639359130525
0.027234919000000003 -0.7650355860237212 -0.02028458337676919 -0.007000833175968394 0.6436394812434612
0.027380643000000003 0.5606468416733533 -0.009180795079967614 0.0194112877379256 0.8277808609085049
0.027510992 -0.8814634389498378 -0.018409944048047355 -0.01102145177001883 0.47178793263193347
0.027665715 0.37762111862148195 -0.01297699583419837 0.01710505911843368 0.9257143546145719
0.027822051 -0.9599094429089833 -0.015750449328669605 -0.014569056884441793 0.27960156231157846
0.027999605 0.17831600040860365 -0.016217565617105537 0.0140671138391998 0.983741669552373
0.028165612000000003 -0.9973697403121454 -0.012425440172164478 -0.017499617233336564 0.07534953575705731
0.028308157 -0.028676502246268585 -0.018763582677667916 0.010427551576719875 0.9993607516778455
0.028444601000000003 0.9911096794060119 0.008311939117375901 0.019816161502657057 0.13239960663314207
0.028587088 -0.2344327945664484 -0.020506001975808427 0.006342391460599913 0.9718981190704314
0.028727548000000002 0.9422886462602447 0.0040618472606479715 0.021094672557368764 0.3341805509948584
0.028898661000000003 -0.43008260861699255 -0.021370375421317308 0.001986820796247698 0.902537896847208
0.029081631 0.8529589089069476 -0.000361320812113101 0.021475517513070412 0.5215542911622201
0.029246766 -0.607191636773081 -0.021320080459143652 -0.0024523840413335383 0.7942707610187099
0.029408052 0.726869400343156 -0.004769528243493526 0.02093927321249653 0.6864479786664766
0.029553313 -0.7581255663273863 -0.02035792288506103 -0.006784946297821771 0.6517649777349072
0.029700007 0.5694471940979486 -0.008973998676420458 0.01950789829317562 0.8217521963135273
0.029855498 -0.8763805684449767 -0.0185260555583297 -0.010825360457315067 0.4811650159104919
0.030011006000000003 0.38747663464121757 -0.012794488699975569 0.01724214825615213 0.9216328943791535
0.030176635 -0.9568724779438701 -0.015904283467855707 -0.014401128592107414 0.2898258302676956
0.030334225000000003 0.18880185233163285 -0.016067172686653523 0.014238816488887534 0.9817833756535448
0.030481386000000003 -0.9964360198734221 -0.012609540094261051 -0.017365614694423836 0.08598215543868584
0.030621836000000003 -0.018012352201044458 -0.01865174869154955 0.010626510241429053 0.9996100428673975
0.030784713000000002 0.9925071987809223 0.008522278207615306 0.019727824483063247 0.12181687837606377
0.030954541000000002 -0.22405008748078284 -0.02043751242852578 0.006560074870505191 0.9743442279824129
0.03112213 0.9458041645817421 0.004285670200345992 0.02105060856073193 0.3241080913740812
0.031274397 -0.42042895938903563 -0.021348149269742912 0.0022138929303091954 0.9070753316597767
0.031427898 0.8584762456662481 -0.000133157392612002 0.021478327389270177 0.5124242893259334
0.031573757 -0.5986832316937183 -0.021345043269891624 -0.00222566015854395 0.8007038504260686
0.031715318 0.7341526221136853 -0.004546769895839547 0.02098892424831415 0.6786538712036306
0.031892311 -0.7511292180717438 -0.020428965668457196 -0.006568287110874716 0.6598163021153538
0.032054867 0.5781827408649995 -0.008766187958019396 0.01960230576871967 0.8156299803480237
0.032215607 -0.8711978876842301 -0.018640080654575432 -0.010628040144832452 0.49048736044054
0.032387286 0.3972880556147752 -0.012610534732825853 0.01737728989979991 0.9174465136831543
0.032526643 -0.953726476764359 -0.016056331436812177 -0.014231567427543891 0.3000171647147134
0.032681417000000004 0.19926622494852275 -0.015914962495281522 0.014408911272236325 0.9797133155192402
0.032840965 -0.9954087072941292 -0.012792445738303087 -0.017230018690475194 0.09660467307599818
0.033017888 -0.007346137704103197 -0.01853780516282164 0.010824269968365241 0.9997455409552124
0.033173541 0.9938055304591304 0.00873181594200794 0.01963752033295106 0.11121964191949602
0.03333398 -0.21364185998101723 -0.020366711861884216 0.006777019875209458 0.9766794234973457
0.033483428 0.9492124490986 0.004509013065715894 0.021004181294077388 0.31399868855867835
0.033630006000000004 -0.4107274329644777 -0.021323510162709704 0.0024407188841617587 0.911509515477696
0.033771858 0.8638959465975093 9.502078763726615e-05 0.02147871623280457 0.5032359411404556
0.033946741 -0.5901066550632524 -0.02136759517610626 -0.001998679815982014 0.8070458040154934
0.034106865 0.7413523046979117 -0.004323498210916141 0.021036206379417846 0.6707825004931391
0.034267338 -0.7440473387948325 -0.02049770355332942 -0.006350880129807195 0.667792537160965
0.034425679 0.5868524881419854 -0.008557386444920328 0.019694499545135136 0.8094149098037894
0.034577372 -0.8659159906612557 -0.018752006282243806 -0.010429513172397025 0.4997539037395245
0.034726316 0.40705426483313506 -0.012425154756084796 0.017510468783184414 0.913155688965389
0.034900279 -0.9504718185416068 -0.016206575979872226 -0.014060392854775058 0.31017440198737956
0.035064421000000005 0.20970792705386113 -0.015760952264921115 0.01457737894213727 0.977531724645085
0.035227309000000005 -0.9942810457959215 -0.012974061866996867 -0.01709271676875784 0.10721598373100923
0.035375128 0.0033209269814317593 -0.018421764965707757 0.011020808363559854 0.9997672303155302
0.035528497 0.9950109867238822 0.008940602778212457 0.01954537721957624 0.10060889374927293
0.03567853 -0.20320929701596913 -0.020293608244600518 0.0069932019023283346 0.9789034395218515
0.035839259000000005 0.9525131763377435 0.004731851465097558 0.020955397351636335 0.30385348739915957
0.036006296 -0.4009791339189662 -0.021296460817407662 0.0026672729687870597 0.9158399431869423
0.03618345 0.8692174025462835 0.0003231880344806691 0.02147668427705675 0.4939902915373985
0.036328522 -0.5814628835881889 -0.021387733523931883 -0.001771468710255269 0.8132958993839544
0.036478764000000004 0.7484676304504332 -0.004099738430465274 0.021081114382832857 0.6628347622782921
0.03664042 -0.7368807356762692 -0.020564128628095247 -0.0061327499537810375 0.675692774218161
0.036791225000000004 0.5954554496293802 -0.008347617768657238 0.019784469255989524 0.8031076920376776
0.036959918 -0.8605354821983263 -0.018861819622646322 -0.010229802009947851 0.5089635897485087
0.03712987 0.41677415075054114 -0.012238369754595437 0.017641669863870522 0.9087609085539194
0.037292625 -0.9471088907869079 -0.016355000010712533 -0.01388762444648877 0.3202963827028602
0.037446323000000004 0.22012577003073444 -0.015605159421865916 0.014744200436717774 0.9752388512246749
0.037594583 -0.9930490934230137 -0.013154323764930158 -0.01695364864046566 0.11781494587067949
0.03774901 0.01398762750036879 -0.01830364121272921 0.011216103171898625 0.9996751082809963
0.037915765000000004 0.9961340554432214 0.009148736325048383 0.019451599764723902 0.08998553232122
0.038086025 -0.1927535862998918 -0.020218209807312017 0.007208596466020645 0.9810160226227145
0.038232765 0.9557060472653012 0.004954161216175474 0.020904263814848355 0.2936736359259249
0.038387719 -0.3911851721433774 -0.021267004225262325 0.0028935295257195215 0.92006612149034
0.038540181 0.8744400164043175 0.0005513186680962857 0.02147223204710634 0.48468839186930174
0.038691764000000003 -0.5727529015992064 -0.02140545593419777 -0.0015440525645677547 0.8194534245948208
0.038863203000000006 0.7554977914856573 -0.0038755158484513495 0.02112364330914832 0.6548115609732377
0.039041192 -0.7296302254541621 -0.02062823324417449 -0.005913921263788529 0.6835161133056512
0.039202092 0.6039906466758286 -0.008136905669397242 0.019872204789083414 0.7967090448905619
0.039350485000000004 -0.8550569779357422 -0.018969508094904258 -0.010028929256073044 0.5181153689457199
0.039515488 0.4264466071119195 -0.012050200872297278 0.017770878324917378 0.9042626726102725
0.039660581 -0.9436380901327056 -0.016501586622254847 -0.013713281897572545 0.33038195183009444
0.039829627 0.23051856798634812 -0.01544760159477604 0.014909356881524363 0.9728349561212267
0.040004513000000005 -0.9917104404300455 -0.013333183314903725 -0.0168127824219657 0.12840039718439897
0.040179123000000004 0.024652749543760493 -0.018183447253204484 0.011410132279663528 0.9994691851428983
0.040335879000000005 0.9971930410269678 0.009356402115138386 0.01935653591093748 0.07935029106411236
0.040489265 -0.18227591817739836 -0.020140525041633425 0.007423179169780535 0.9830169320556459
0.040627125 0.9587907901582975 0.005175918382699456 0.020850788302498823 0.2834602850517527
0.040772806 -0.38134666271801243 -0.02123514365158987 0.0031194629299663803 0.9241875689635543
0.040950864000000003 0.8795632032924354 0.0007793870274193733 0.021465360361718217 0.4753312997785173
0.041116061 -0.5639777009409825 -0.021420760302691938 -0.0013164571258140404 0.8255176782584984
0.041274623 0.7624419897841898 -0.003650855807964324 0.02116378848335008 0.6467138095580284
0.04142796 -0.7222966343400404 -0.02069001001690784 -0.00569441881997466 0.6912616632155951
0.04157269 0.6124571083926972 -0.007925273993179674 0.019957696287669014 0.7902196966050669
0.041719729000000004 -0.8494811043119267 -0.019075059357803754 -0.009826917636376446 0.5272081984601222
0.04189918 0.4360705330797593 -0.011860669409796413 0.017898079576590956 0.8996614930723013
0.042079281 -0.9400598229275318 -0.016646319094709195 -0.01353738503511111 0.34042995877013643
0.042244891 0.2408851378873607 -0.01528829661265957 0.015072829591684109 0.9703203128377879
0.042410552000000004 -0.9902635671723176 -0.01351060204013632 -0.016670102733187503 0.1389711632028029
0.042563209000000005 0.035315078987223525 -0.018061196671722166 0.011602873717057996 0.9991494841499263
0.042698230000000004 0.9982220088023264 0.009563962263070281 0.01926082300535568 0.06870360905086383
0.042883684000000005 -0.17177748548807079 -0.02006056269918418 0.007636925709219926 0.9849059397926075
0.043059449 0.961767164268163 0.005397099320521724 0.020794979035137582 0.27321458823541495
0.043230912 -0.37146472578615847 -0.02120088263522066 0.0033450475929246142 0.9282038161097396
0.043380943000000005 0.8845863907602562 0.0010073674747918266 0.021456070335621014 0.46592007906387317
0.043525374000000006 -0.5551382808609986 -0.02143364480040238 -0.0010887081616676615 0.8314879696118931
0.043680133 0.7692994372996962 -0.003425783698095976 0.021201545505650708 0.6385424294725004
0.043842178 -0.7148807979319144 -0.02074945182643924 -0.005474267458935587 0.6989285416138696
0.044019796 0.6208538717680033 -0.007712746689139267 0.020040934151644377 0.7836403857420764
0.044192737 -0.8438084985354499 -0.01917846131156075 -0.009623790001697458 0.5362410421848871
0.044374355000000004 0.4456448333604354 -0.011669796821916458 0.018023259258051684 0.8949578935956943
0.044522572 -0.9363745056900515 -0.016789180902212514 -0.013359953825700075 0.35043925744510945
0.044681194 0.25122429969491233 -0.015127262502830604 0.01523460007404553 0.9676952074859995
0.044854002000000004 -0.988707499931932 -0.013686547381798036 -0.016525604314206015 0.1495260622994415
0.045025132 0.04597340202924889 -0.01793690328658599 0.01179430566071639 0.9987160415054585
0.045188574 0.9992899677543569 0.009772168819095161 0.019165740987228338 0.05804535900898299
0.045339895000000005 -0.16125948343077062 -0.019978331790585724 0.007849811874840368 0.9866828305476911
0.045485564000000006 0.9646349645392532 0.0056176807360065134 0.020736844918548464 0.2629377010956381
0.045619081000000006 -0.361540486427035 -0.021164224988091496 0.0035702579652943395 0.9321144054128394
0.045783135 0.8895090190060837 0.0012352344008775375 0.021444363382134967 0.4564557995448909
0.045972095000000004 -0.546235647897371 -0.021444107873726154 -0.0008608314576649505 0.8373636185966904
0.046159468 0.776069356066414 -0.0032003249507868772 0.021236910252319555 0.630298350508987
0.046328474 -0.7073835611255629 -0.020806551818562374 -0.005253492090994864 0.7065158751394202
0.046466943000000004 0.6291799817797326 -0.007499347806713152 0.02012190903872355 0.7769718610960241
0.04661523 -0.8380398085500234 -0.019279702099505084 -0.009419569326205583 0.5452128708906707
0.046793737 0.4551684183299753 -0.011477604715231123 0.01814640323901753 0.8901524094941377
0.046975222000000004 -0.9325825654554232 -0.016930155718399974 -0.013181008380709793 0.36040870639391415
0.047148772000000005 0.26153487649933566 -0.014964517488844366 0.015394650029297591 0.9649599387534255
0.04731283 -0.9870416158221853 -0.013860990593092773 -0.016379288404281683 0.16006390875545037
0.047469041000000003 0.05662650532948844 -0.01781058114823464 0.01198440643619651 0.9981689063633702
0.047610673000000006 1.000553843129512 0.009982750988831977 0.01907418897484178 0.047374207163842975
0.047758046000000005 -0.1507231094276665 -0.01989384158442979 0.008061813554794448 0.9883474018015462
0.047937067 0.9673940277476835 0.005837639761043943 0.020676395652895238 0.25263078096104363
0.048129092000000005 -0.35157507452814774 -0.021125174794806814 0.0037950685399882776 0.9359188913895278
0.048292408 0.8943305411210279 0.0014629622298917996 0.021430241216221526 0.4469395369232883
0.048458783000000005 -0.5372708157657192 -0.021452148244646176 -0.0006328528142843249 0.8431439559364386
0.048608877 0.7827509783075438 -0.0029745050376417215 0.021269878876517233 0.6219825107038515
0.048754006 -0.6998057780241339 -0.020861303405531644 -0.005032117697459709 0.7140227995026763
0.048942557000000005 0.637434491508566 -0.00728510149283191 0.020200611865583123 0.7702148816089738
0.049124433 -0.8321756929933146 -0.019378770109691693 -0.00921427870538546 0.5541226623386155
0.049280153 0.4646402041592509 -0.01128411484557795 0.018267497621402323 0.8852455876781388
0.049444468000000005 -0.9286844400386787 -0.017069227421154184 -0.013000568959967186 0.37033716887324375
0.049608305000000005 0.2718156946545349 -0.014800079988409562 0.01555296135406741 0.9621148178694408
0.049773119000000005 -0.985265526905444 -0.014033905491129827 -0.01623116058941864 0.17058351473087077
0.049958299000000005 0.06727317614699946 -0.017682244537632886 0.012173154520456054 0.99750814082237
0.050125417000000005 1.0024350227720344 0.0102003660027125 0.01899394457283514 0.03668585217629596
0.050299566000000004 -0.14016956298799402 -0.019807101606216616 0.00827290673763638 0.9898994638243599
0.050458515 0.9700442405737489 0.006056954050598106 0.020613641876862425 0.24229498633666155
0.050610805 -0.3415696246570535 -0.02108373641216824 0.004019453855036898 0.9396168406397877
0.050775282000000005 0.8990504233622975 0.001690525425204746 0.021413705858043214 0.437372372641451
0.050953737000000006 -0.5282448052451117 -0.021457764910876212 -0.00040479804402238854 0.8488283232124186
0.051138732000000006 0.7893435465447608 -0.0027483494667096477 0.021300447809138714 0.6135958562278288
0.051313548 -0.6921483118461391 -0.020913700266838618 -0.00481016932785861 0.7214484595830142
0.051463486 0.6456164622500312 -0.0070700319890943395 0.02027703380898562 0.763370216283494
0.051632483 -0.826216821150339 -0.019475653976446097 -0.009007941353926975 0.5629694013929847
0.051797302 0.47405911293859027 -0.011089349115553922 0.018386528740928974 0.8802379865925157
0.051982234 -0.9246805782335847 -0.01720638009671717 -0.01281865597420826 0.3802235129627923
0.052152176 0.28206558391201697 -0.014633968611278124 0.015709516142996108 0.9591601685696904
0.052320507 -0.9833790085766702 -0.014205267687522371 -0.016081229470918296 0.18108369159087498
0.052480154 0.07791220247843517 -0.01755190796463829 0.012360528544311494 0.9967338199188593
0.052632899000000004 1.006404329293487 0.010441251243961646 0.018952181956684012 0.025966896296946873
0.052785582000000004 -0.12960004557156513 -0.019718121637264253 0.008483067515061303 0.9913388396973802
0.052946847000000005 0.9725855503386521 0.006275601911211714 0.020548595360071073 0.23193147626053837
0.053134193 -0.3315252759325699 -0.021039914468673666 0.004243388496488896 0.9432078318961215
0.053298990000000004 0.9036681454616783 0.001917898495391176 0.021394759637141082 0.42775539373749727
0.053477345 -0.5191586440630854 -0.021460957145973368 -0.0001766929684662818 0.8544160729383067
0.053646302 0.7958463137091555 -0.0025218837792265526 0.021328613759670947 0.6051393412751583
0.053815076 -0.6844120348319069 -0.020963736349953944 -0.0045876720971619435 0.7287920095252456
0.053987378 0.6537249636261026 -0.006854163628925927 0.020351166306880147 0.7564386440943329
0.05415198500000001 -0.8201638729019872 -0.01957034258184876 -0.008800580603532147 0.5717520801333938
0.054314743000000006 0.483424072801806 -0.010893329571992669 0.018503483168717944 0.8751301761525585
0.054485413 -0.920571439960951 -0.017341598043303527 -0.0126352899865666 0.3900666116737445
0.054641775000000004 0.2922833775545654 -0.01446620215711276 0.015864296690792642 0.95609632705912
0.054798947 -0.9813819537676464 -0.01437505409788401 -0.015929505813032725 0.19156325083671732
0.054981307 0.08854237319616368 -0.017419586166340584 0.012546507294880152 0.9958460316183202
0.055174895 -0.015252234792419703 0.017964913575724266 -0.013923774595467734 0.9996302522528143
0.055337908000000005 -0.11901576045204104 -0.019626911713588397 0.00869227208463288 0.9926653653329828
0.055489781 0.9750179794608681 0.00649356247260088 0.020481269262961555 0.22154140951384158
0.055650716 -0.32144317189543187 -0.020993713863984548 0.0044668471013066405 0.946691456071383
0.055826484 0.9081832009766545 0.002145056000816119 0.02137340519736354 0.4180896926964606
0.056000397 -0.5100133667797918 -0.021461724499419087 5.14365846363317e-05 0.8599065686336018
0.05616846700000001 0.802258543253938 -0.0022951335463144086 0.021354373717070333 0.5966139279514835
0.056339903000000004 -0.6765978281485646 -0.021011405871035303 -0.004364651182986581 0.7360526128351148
0.056515304 0.6617590736962727 -0.0066375208347207865 0.020423001059480753 0.7494209538989001
0.056677347 -0.8140175386692747 -0.01966282505716429 -0.008592219900649251 0.5804696979665392
0.056869457000000005 0.4927340180496266 -0.010696078403424233 0.018618347712850588 0.8699227376788692
0.057037109 -0.9163574963769895 -0.01747486577431932 -0.012450491713302057 0.39986534305987104
0.057211044 0.3024679125295396 -0.014296799613332188 0.01601728549426544 0.9529236419735811
0.057350120000000004 -0.979274342780365 -0.014543242619944528 -0.015776001980735106 0.20202100478638033
0.057508036000000005 0.09916247818629872 -0.017285294105374965 0.01273106971800434 0.9948448768052285
0.057670391 -0.00459034237612866 0.01792714081629282 -0.013921226310109511 0.9997369956733833
0.05783908200000001 -0.1084179125799889 -0.019533482124753566 0.00890049675249924 0.9938788894932795
0.058023332000000004 0.9773416451802228 0.0067108159200927695 0.02041167849233002 0.21112594363314555
0.058187967 -0.31132446037842065 -0.020945139768362913 0.004689804360256117 0.9500673163052316
0.058356519 0.9125950976932683 0.002371972560865414 0.02134964550270899 0.40837636729705373
0.058520999000000004 -0.5008100146712695 -0.021460066796667863 0.0002795647843094168 0.86529918489582
0.058691035 0.8085795092692941 -0.0020681243656338897 0.021377724950667913 0.5880205861605018
0.058868584 -0.6687065817936032 -0.0210567033156019 -0.004141131822786445 0.7432294424737931
0.059048179000000006 0.6697178790681338 -0.006420128114966674 0.020492530030323537 0.7423179443465557
0.059230409000000005 -0.8077785193536854 -0.019753090784217924 -0.008382882804142396 0.589121261737409
0.05938954900000001 0.5019878892725266 -0.010497617937516524 0.018731109419907327 0.864616263830886
0.059566585000000005 -0.9120392299498762 -0.017606168021266223 -0.01226428202392439 0.40961859033063086
0.059721654000000006 0.31261802958178714 -0.014125780152934557 0.016168465254331774 0.9496424743400165
0.059897818000000005 -0.9770562228905131 -0.014709811916950017 -0.015620731558921738 0.21245576709212505
0.060070069000000004 0.10977130848663172 -0.017149046968210183 0.012914194920657679 0.9937304692714954
0.060235697000000005 0.006072103728744549 0.01789284139601071 -0.013920460428307762 0.999729937162473
0.060400655000000004 -0.09780770844573125 -0.019437843412694777 0.0091077179360968 0.9949792738072648
0.060562743 0.9795567868592382 0.0069273438143289305 0.02033984019459922 0.2006862336519183
0.060707356000000004 -0.30117029337597756 -0.02089419762207692 0.004912235020791373 0.9533350280091971
0.060896585 0.9169033580921008 0.002598622861957352 0.02132348384428692 0.398616520453318
0.061090636000000004 -0.4915496356118702 -0.0214559841391643 0.0005076657992827793 0.8705933074714427
0.061266204000000005 0.814808496599874 -0.0018408818579838857 0.021398665011110117 0.5793602934893247
0.061445002000000006 -0.6607391944970734 -0.021099623439175215 -0.003917139311028999 0.7503216809513471
0.06161838 0.6776004750074933 -0.006202010061353013 0.02055974544730267 0.7351304237867201
0.061771857000000006 -0.8014475262740225 -0.019841129396723563 -0.008172592982903838 0.5977057858399059
0.061968955000000006 0.5111846334729512 -0.01029797063849942 0.01884175557648102 0.8592113585391011
0.062153636000000005 -0.9076171345108145 -0.0177354897363929 -0.012076681940833136 0.41932524196582854
0.062331791000000004 0.3227325733861563 -0.013953163132299209 0.01631781887800423 0.9462531975352286
0.062498183000000006 -0.9747276942339707 -0.014874741268695936 -0.01546370908833594 0.22286635314901487
0.062672644 0.1203676564244433 -0.017010860163410062 0.013095862173334038 0.9925029357034394
0.062846236 -1.0199266927673072 -0.01160005543165192 -0.01856283461154333 0.01651027380284769
0.06301896 -0.0871863559420109 -0.019340006370510667 0.00931391216684125 0.9959663927864972
0.063187907 0.9816638043721029 0.007143129538293811 0.02026577445084975 0.1902234304656559
0.06337408500000001 -0.2909818269133204 -0.020840893134775905 0.0051341138899325565 0.9564942189103532
0.06354148600000001 0.9211075198915145 0.002824981666503917 0.021294923848650674 0.38881126005034555
0.06370031500000001 -0.4822332839558555 -0.021449476904328035 0.0007357138009271531 0.8757883333256105
0.063869707 0.8209448009654244 -0.0016134316638417264 0.021417191731344633 0.5706340350925228
0.06405590600000001 -0.6526965736224736 -0.021140161267887043 -0.003692698996359916 0.7573285204191698
0.064241105 0.6854059655480826 -0.005983191345861238 0.020624639803686718 0.7278592101757945
0.064401336 -0.7950252811000706 -0.019926930781565603 -0.00796137421341598 0.6062222923268479
0.06456753400000001 0.5203232041869292 -0.010097159104571497 0.01895027371066484 0.8537086369359707
0.064734374 -0.9030917152844484 -0.017862816095140174 -0.011887712638567048 0.4289841918314724
0.064916502 0.33281039267959733 -0.013778968088966934 0.016465329480354868 0.9427561972432378
0.065094126 -0.9722888998365532 -0.015038010467112773 -0.015304949878492588 0.23325158042892521
0.06527279200000001 0.13095031575418392 -0.016870749319870423 0.013276050912417002 0.9911624156672864
0.065438232 -1.007160329761322 -0.011655498224835298 -0.018207887390114554 0.027296541014744144
0.065606565 -0.0765550642264828 -0.019239982041227982 0.009519056092806033 0.9968401338393174
0.065760438 0.9836633130265993 0.007358158933657526 0.020189505273013324 0.17973867866521404
0.065963187 -0.2807602209150775 -0.020785232284834455 0.005355415837137737 0.9595445290935922
0.066144282 0.92520713668582 0.0030510238230324034 0.02126396948781875 0.37896169877308394
0.066322438 -0.4728620204181941 -0.021440545745507262 0.0009636829661904115 0.8808836707105488
0.066503404 0.8269877290852046 -0.0013857994398364876 0.021433303227662712 0.5618428035748078
0.066674042 -0.6445796350663502 -0.02117831209905424 -0.0034678362787559625 0.7642491627613622
0.06685287200000001 0.6931334636008843 -0.005763696717837208 0.020687205859115678 0.7205051309829149
0.067029746 -0.7885125157833449 -0.02001048508003718 -0.0077492503772674465 0.6146698110193038
0.067211912 0.5294025616050734 -0.00989520606528933 0.01905665159351551 0.848108725285534
0.067368259 -0.8984634889024866 -0.01798813249841732 -0.011697395442736711 0.43859433929649566
0.067532192 0.3428503403928317 -0.013603214739398715 0.016610980386455927 0.9391518714112305
0.067710175 -0.969740018437988 -0.015199599741864828 -0.015144469872553199 0.24361026876247865
0.067909652 0.14151808179500763 -0.016728730285029834 0.013454740742531847 0.9897090615932042
0.068085029 -1.0032097543766114 -0.01180752306408303 -0.01801742562189306 0.038010252424879945
0.068259631 -0.06591504358405162 -0.019137781716537603 0.00972312648138783 0.9976003972835971
0.068441785 0.9855562236588191 0.00757242122454631 0.020111062059087824 0.16923311360482698
0.06860153100000001 -0.2705066390734587 -0.020727221318666077 0.005576115797167633 0.9624856110424991
0.068781308 0.9292017787008001 0.003276724277733725 0.0212306250913888 0.36906895392694056
0.06897101700000001 -0.4634369119545646 -0.021429191591900206 0.00119154748053407 0.8858787392327278
0.069154674 0.8329365988069274 -0.0011580108551465314 0.02144699790081108 0.5529875988722954
0.06934053600000001 -0.6363893031566786 -0.021214071501720947 -0.0032425766066674216 0.7710828196850451
0.069523209 0.7007820910631661 -0.005543551001045064 0.020747436640580583 0.7130690230945192
0.069695245 -0.7819099724851609 -0.020091782689036414 -0.007536245458628812 0.6230473796152327
0.069875583 0.5384216726929579 -0.009692134378939697 0.019160877240491 0.8424122609117405
0.070065732 -0.8937329834035057 -0.018111424574737117 -0.011505751828698646 0.44815458935011915
0.070238991 0.35285127378159187 -0.013425922976713954 0.016754755133297678 0.935440630204106
0.070427749 -0.9670812592383932 -0.01535948970657953 -0.014982285547957849 0.253941240584005
0.070596042 0.1520697515681414 -0.016584819123055768 0.01363191143887789 0.9881430387578696
0.070770287 -1.0012143896316792 -0.01198073358792637 -0.017863255984679582 0.0486960769759309
0.070954641 -0.05526750528906726 -0.0190334169355015 0.009926100221958232 0.9982470963580188
0.071124221 0.9873438619565821 0.007785910387969684 0.02003048176442344 0.15870785734614515
0.07129673 -0.2602222487159749 -0.02066686675000598 0.005796188772943518 0.9653171296788161
