0 -0.7067529998956005 0.00035399999994770805 0.0003529999999478558 0.7074602089259648
0.0008119140000000001 -0.683444978266547 0.022165064740700097 0.0070812440591237385 0.7296310900515788
0.001107436 -0.6834448872134159 0.02216786780306655 0.00708423602739398 0.7296310611389949
0.001353952 -0.6834448107704597 0.022170220818969192 0.00708674761957764 0.7296310368590038
0.001538405 -0.6834447535929142 0.022171980656748053 0.007088626057845046 0.7296310186941682
0.001734436 -0.6834446937310823 0.02217382296319497 0.007090592522698282 0.7296309996729178
0.0019133770000000002 -0.6834446385357785 0.02217552151712418 0.007092405547240104 0.7296309821311705
0.00208733 -0.6834445846251419 0.022177180411804446 0.007094176239877821 0.7296309649946527
0.0022359890000000003 -0.6834445386904007 0.022178593780764932 0.007095684860148744 0.7296309503910448
0.002377506 -0.6834444948346416 0.022179943097405053 0.007097125111481918 0.7296309364463446
0.0025128050000000003 -0.6834444530312456 0.022181229192344252 0.007098497880465648 0.7296309231523704
0.002667276 -0.6834444053783977 0.022182695156599486 0.007100062640805295 0.7296309079959915
0.002811769 -0.6834443605908734 0.02218407288546411 0.007101533219355523 0.7296308937488045
0.002982081 -0.6834443080565692 0.022185688807491902 0.007103258043777397 0.7296308770346677
0.0031317750000000003 -0.6834442623957127 0.022187093211052698 0.007104757094870865 0.7296308625050393
0.003291618 -0.6834442129263464 0.02218861465370658 0.007106381072799838 0.7296308467610758
0.0034424480000000003 -0.6834441662026866 0.022190051555755184 0.007107914812716366 0.7296308318886222
0.0035821100000000003 -0.6834441229843758 0.022191380574302595 0.007109333398550163 0.7296308181299307
0.0037184590000000003 -0.6834440806828503 0.02219268132349709 0.007110721809920102 0.7296308046612269
0.003879477 -0.683444030883389 0.022194212532533526 0.007112356212728981 0.7296307888028227
0.004030257000000001 -0.6834439841566551 0.022195649166876684 0.007113889667186891 0.7296307739205783
0.004189202 -0.6834439350918393 0.02219715758652706 0.007115499744909656 0.7296307582912337
0.004343889 -0.6834438871473597 0.022198631464297517 0.00711707295292412 0.7296307430163576
0.004484364 -0.6834438436061185 0.022199969895839902 0.007118501586540155 0.7296307291422707
0.0046304530000000005 -0.6834437982805777 0.022201363090031772 0.007119988673540473 0.7296307146975455
0.0047888720000000004 -0.6834437496930225 0.022202856453338627 0.00712158268052174 0.729630699210894
0.00497091 -0.6834436931673946 0.02220459367106623 0.007123436976340652 0.7296306811910115
0.005137509 -0.6834436414103627 0.02220618421506185 0.007125134713589682 0.7296306646884188
0.005274089 -0.6834435991574053 0.022207482605179723 0.0071265206075856475 0.729630651214121
0.005422473000000001 -0.6834435530882239 0.022208898177498927 0.007128031581244834 0.7296306365207417
0.005572906000000001 -0.6834435063517499 0.022210334161625708 0.007129564342422147 0.7296306216122934
0.0057091730000000005 -0.6834434643280166 0.02221162526697683 0.007130942460892799 0.7296306082052328
0.0058913820000000006 -0.6834434077418732 0.0222133636582819 0.007132798009928024 0.7296305901493648
0.006052653000000001 -0.6834433576949853 0.022214901042840428 0.007134439005590528 0.7296305741773275
0.006193141 -0.6834433140923543 0.022216240380326376 0.007135868606986671 0.7296305602598117
0.006345535 -0.6834432668530542 0.02221769133394639 0.007137417346897197 0.7296305451792917
0.006501304 -0.6834432184660768 0.022219177440223607 0.00713900360863888 0.7296305297300036
0.006642671 -0.683443174890818 0.02222051567950905 0.0071404320380271296 0.729630515814961
0.006791040000000001 -0.6834431288195144 0.02222193048717189 0.007141942196157858 0.7296305011007166
0.006950607 -0.6834430792101006 0.022223453846280366 0.00714356822160123 0.7296304852540234
0.0071113850000000004 -0.6834430294666952 0.022224981215097122 0.007145198527069526 0.7296304693619798
0.007252740000000001 -0.6834429855237082 0.022226330395088773 0.007146638634789599 0.7296304553209331
0.007396482 -0.6834429408911 0.02222770066473008 0.007148101253559071 0.7296304410574935
0.007538896000000001 -0.683442896619925 0.02222905975452608 0.007149551939085684 0.7296304269075311
0.007670357000000001 -0.6834428559930575 0.022230306893930477 0.007150883129392678 0.7296304139205848
0.007837687000000001 -0.683442804147259 0.02223189832386068 0.007152581813750605 0.7296303973448794
0.008014323 -0.6834427492633316 0.02223358288645543 0.007154379907548423 0.7296303797948306
0.008162945000000001 -0.6834427030822284 0.022235000232785657 0.0071558927761034355 0.7296303650252516
0.00831027 -0.6834426575605255 0.02223639725306666 0.007157383948803233 0.729630350464411
0.008474474000000001 -0.6834426066183652 0.022237960518345 0.007159052570693119 0.72963033416722
0.008634332 -0.6834425569131702 0.02223948571889241 0.0071606805625555395 0.7296303182631789
0.008770539 -0.6834425146299319 0.022240783094943116 0.007162065375691616 0.7296303047319193
0.00893477 -0.6834424638062593 0.022242342416908038 0.007163729788752775 0.72963028846516
0.00910297 -0.6834424114998552 0.022243947116502478 0.007165442637777054 0.7296302717210585
0.009277073 -0.6834423575544721 0.022245601976852648 0.0071672090282598735 0.7296302544493463
0.00944785 -0.68344230447753 0.022247230076331025 0.007168946854404498 0.7296302374527613
0.009610214 -0.6834422544254325 0.022248765281644482 0.007170585525817603 0.7296302214221544
0.009769603 -0.6834422052212844 0.022250274375316285 0.00717219632586138 0.7296302056606171
0.009921175 -0.683442158170614 0.022251717326041972 0.007173736525287585 0.7296301905865745
0.01009428 -0.6834421043409157 0.022253368061397234 0.007175498513229291 0.7296301733378844
0.010248041000000001 -0.6834420565056237 0.022254834870299337 0.007177064178934212 0.7296301580074873
0.010411100000000001 -0.6834420058111874 0.022256389245779957 0.007178723312924054 0.7296301417582183
0.010554597 -0.6834419611830838 0.0222577575276395 0.007180183811420484 0.729630127451228
0.010711724 -0.6834419123172167 0.02225925564141326 0.007181782892051535 0.729630111783339
0.010874328 -0.6834418616893412 0.022260807667960677 0.007183439519045785 0.7296300955479109
0.01104269 -0.683441809438316 0.02226240933968413 0.007185149137195005 0.7296300787892099
0.011215826 -0.683441755532644 0.02226406161128926 0.0071869127655569505 0.72963006149687
0.011369738 -0.6834417079578756 0.022265519731516012 0.007188469157565036 0.7296300462329371
0.011517237000000001 -0.6834416620712935 0.02226692602005874 0.007189970224702105 0.729630031508444
0.011661505 -0.6834416173345499 0.022268296983982642 0.007191433586541244 0.7296300171508424
0.011833910000000001 -0.6834415636623429 0.02226994166512353 0.007193189113217902 0.7296299999228272
0.0120081 -0.6834415094231268 0.02227160359786606 0.0071949630542900034 0.7296299825098095
0.012167805 -0.6834414597880664 0.022273124346978607 0.00719658629654666 0.7296299665722734
0.012318448000000001 -0.6834414131952519 0.02227455179152883 0.007198109945916947 0.729629951609287
0.012488810000000001 -0.683441360313944 0.0222761717832082 0.007199839119514694 0.729629934624097
0.012638566 -0.6834413139201602 0.02227759293596869 0.007201356053205592 0.7296299197203057
0.012787986000000001 -0.6834412674585871 0.022279016074442524 0.007202875106512816 0.7296299047925289
0.012956619 -0.6834412153855889 0.02228061098537809 0.007204577509264757 0.7296298880592134
0.013114013 -0.6834411666233159 0.02228210439076152 0.007206171565402762 0.7296298723872606
0.013281586000000001 -0.6834411145692989 0.022283698499499564 0.007207873112068192 0.7296298556546724
0.013441452000000001 -0.6834410652852108 0.02228520767657202 0.007209484003024268 0.7296298398099126
0.013612141000000001 -0.6834410123087997 0.02228682980598833 0.007211215459055144 0.7296298227753064
0.013774621 -0.683440961735243 0.022288378250301513 0.007212868263917906 0.7296298065106614
0.013984332 -0.6834408964586154 0.022290376709372766 0.007215001413324538 0.7296297855135875
0.014146009000000001 -0.6834408463797719 0.022291909763404213 0.0072166377908408465 0.7296297694021243
0.014298044000000001 -0.6834407993013935 0.022293350868651758 0.007218176022563443 0.7296297542536395
0.014453051000000001 -0.6834407510119138 0.0222948289499372 0.007219753722483115 0.7296297387131029
0.014593866 -0.6834407074735023 0.022296161522914415 0.0072211761072999234 0.7296297246995148
0.014738074 -0.6834406625187036 0.022297537363514554 0.0072226446759280005 0.7296297102280057
0.014898843 -0.683440612667452 0.02229906296069201 0.007224273094411184 0.7296296941778546
0.015076491000000001 -0.6834405572516867 0.02230075872622894 0.00722608315025928 0.7296296763331683
0.015232200000000001 -0.6834405088478979 0.022302239814342734 0.0072276640600528715 0.7296296607438768
0.015373739 -0.6834404648388315 0.02230358634478352 0.007229101343387047 0.7296296465679072
0.015527601 -0.6834404170324448 0.02230504896850474 0.007230662544481468 0.7296296311665241
0.015677059 -0.6834403704409855 0.0223064743295921 0.007232183971602625 0.7296296161543009
0.015846579 -0.6834403177767651 0.022308085363565842 0.007233903585620091 0.7296295991827084
0.016018749000000002 -0.6834402643349835 0.02230972006479933 0.0072356484621122 0.7296295819576469
0.016202093 -0.6834402071422289 0.022311469369880987 0.0072375156666053065 0.7296295635203661
0.016336692 -0.683440165579563 0.022312740524989487 0.007238872494911224 0.7296295501196797
0.016483077000000002 -0.6834401201146755 0.02231413094299031 0.007240356624245473 0.7296295354588177
0.016629701 -0.683440074394383 0.0223155290845404 0.00724184899775035 0.7296295207134719
0.016773820000000002 -0.6834400294124608 0.022316904561071015 0.007243317178727009 0.7296295062041798
0.016945331 -0.6834399762321711 0.02231853062144599 0.00724505283249989 0.729629489047779
0.017112046000000002 -0.6834399244242009 0.0223201146074262 0.007246743576234381 0.7296294723313292
0.017259267000000002 -0.6834398785520728 0.02232151701614837 0.007248240504811309 0.7296294575278673
0.017392473000000002 -0.6834398369647858 0.022322788352039803 0.007249597526542659 0.7296294441053214
0.017549033000000002 -0.6834397883780179 0.022324273572501316 0.007251182848367588 0.7296294284214212
0.017692808 -0.6834397436764774 0.022325639940480806 0.007252641307322767 0.7296294139895579
0.017864902000000002 -0.683439690160846 0.022327275614145804 0.007254387222815958 0.7296293967093966
0.018051845 -0.6834396319063029 0.022329055993697444 0.0072562875972536365 0.7296293778957325
0.018208385 -0.6834395830478573 0.022330549099649946 0.007257881336374209 0.7296293621139341
0.018361055 -0.6834395355546325 0.022332000389024238 0.00725943044061669 0.7296293467707908
0.018512973000000002 -0.6834394881011329 0.02233345037033937 0.007260978148714104 0.7296293314381905
0.018659755 -0.6834394422803848 0.022334850372284953 0.007262472508971497 0.729629316630973
0.018822792 -0.6834393913524056 0.02233640631708133 0.007264133322507666 0.7296293001708227
0.018996141 -0.6834393372487768 0.022338059165199847 0.007265897570624207 0.7296292826814025
0.019171068000000003 -0.683439282595758 0.022339728672939527 0.007267679601300029 0.7296292650113675
0.019340124 -0.6834392300928895 0.022341332381689134 0.007269391398302312 0.7296292480336485
0.019496746000000002 -0.6834391813245333 0.022342821916133074 0.007270981325855564 0.7296292322610403
0.019643515 -0.6834391355996284 0.02234421840410321 0.007272471935769437 0.7296292174705494
0.019804754 -0.6834390852721443 0.022345755358951485 0.0072741124799744995 0.729629201188824
0.019980788000000003 -0.6834390305815649 0.022347425438901846 0.007275895121888393 0.729629183492655
0.020147154 -0.6834389787235109 0.02234900890713924 0.0072775853146260835 0.7296291667102
0.020294878000000002 -0.6834389327952206 0.022350411218444236 0.007279082140673289 0.7296291518444737
0.020434605 -0.6834388892441259 0.022351740866444685 0.007280501406028222 0.7296291377462056
0.020576913000000002 -0.6834388447588122 0.022353098955260074 0.007281951029154795 0.7296291233435283
0.020722581 -0.6834387992093168 0.022354489446943463 0.007283435239150297 0.7296291085942298
0.020902142000000002 -0.6834387430992835 0.0223562022018571 0.007285263432821362 0.7296290904224524
0.021065292000000003 -0.6834386923713689 0.022357750555090792 0.007286916144318462 0.7296290739909803
0.021227428000000003 -0.6834386417350445 0.02235929600588265 0.007288565757836277 0.7296290575865745
0.021376911000000002 -0.6834385952707107 0.022360714031064332 0.007290079357387352 0.7296290425314644
0.021526103 -0.6834385487080131 0.02236213496802268 0.007291596065040119 0.7296290274422892
0.021703738 -0.6834384932114704 0.02236382841802019 0.007293403653117882 0.7296290094551318
0.02187725 -0.6834384391191248 0.022365478896273897 0.007295165373266683 0.7296289919200929
0.022038845 -0.6834383885560732 0.02236702157782569 0.007296812031326328 0.7296289755264619
0.022195476000000002 -0.6834383397830508 0.022368509544702347 0.0072984002870307525 0.7296289597107461
0.022344431 -0.6834382932104053 0.022369930290185622 0.007299916790700288 0.729628944606304
0.02251736 -0.6834382391161575 0.022371580376523047 0.007301678092878836 0.7296289270597013
0.022662632000000002 -0.6834381937049724 0.02237296550148901 0.007303156575361303 0.7296289123273483
0.022795724 -0.683438152125594 0.022374233674140934 0.007304510222996253 0.7296288988362853
0.022969917000000003 -0.6834380980841928 0.022375881831618677 0.007306269466564244 0.7296288812991168
0.023118759000000003 -0.6834380515729236 0.022377300237554024 0.007307783473375412 0.7296288662032158
0.023287702 -0.6834379987013619 0.02237891249762488 0.007309504400221572 0.7296288490403349
0.023452348 -0.6834379472409698 0.022380481614147647 0.007311179275722056 0.7296288323328284
0.023595925 -0.6834379033304504 0.022381820435004578 0.007312608333621739 0.7296288180744043
0.023742033000000003 -0.6834378576808711 0.022383212194533805 0.0073140938983488075 0.7296288032492153
0.023926529000000002 -0.6834377999267005 0.022384972873599952 0.0073159732480496615 0.7296287844899165
0.024072153000000002 -0.6834377543449297 0.022386362370251878 0.0073174563975375645 0.7296287696819922
0.024241205000000002 -0.6834377014463519 0.0223879748014677 0.007319177507587969 0.7296287524944647
0.024389498000000003 -0.6834376554985642 0.02238937526755192 0.007320672366004964 0.7296287375630598
0.024540758000000003 -0.6834376085078838 0.022390807429955435 0.00732220105716674 0.7296287222905483
0.024678138000000002 -0.6834375654822001 0.02239211866854061 0.007323600674223827 0.7296287083047531
0.024841357 -0.6834375146566238 0.022393667515548846 0.007325253914770786 0.7296286917811446
0.024998217000000003 -0.6834374655949849 0.02239516250719105 0.007326849670138164 0.7296286758285284
0.025152347000000002 -0.6834374173381847 0.022396632876729293 0.007328419143928731 0.7296286601352419
0.025311473 -0.6834373675383575 0.022398150160657996 0.007330038694263876 0.7296286439376963
0.025466062 -0.6834373193926477 0.022399616949819 0.007331604346513582 0.7296286282757825
0.025610839000000003 -0.6834372741318018 0.022400995762277557 0.0073330760924115454 0.7296286135501912
0.02575681 -0.6834372285146331 0.022402385343781507 0.007334559333269096 0.7296285987065835
0.025939543000000002 -0.6834371713711876 0.022404125915016254 0.0073364172210570655 0.7296285801094229
0.026114605000000003 -0.6834371167398477 0.02240578984194093 0.0073381932987197016 0.7296285623267456
0.026272861 -0.6834370672961938 0.022407295659127403 0.007339800609937313 0.7296285462300863
0.026434337000000002 -0.6834370168694971 0.02240883131090546 0.0073414397667204406 0.7296285298108581
0.026564745 -0.6834369761403281 0.022410071565636545 0.007342763616358185 0.7296285165473335
0.026715333 -0.683436929200029 0.022411500872028766 0.0073442892600723095 0.7296285012590739
0.026897746 -0.6834368724529302 0.02241322866847636 0.007346133512601875 0.7296284827738209
0.027078968000000002 -0.6834368161288961 0.02241494345208079 0.007347963875308935 0.7296284644231782
0.027234919000000003 -0.6834367677326304 0.02241641677027205 0.007349536497539786 0.7296284486528932
0.027380643000000003 -0.6834367222280681 0.022417801968624654 0.007351015060582623 0.7296284338227436
0.027510992 -0.6834366813634302 0.02241904585071741 0.007352342782471594 0.7296284205029938
0.027665715 -0.6834366331590732 0.02242051305847409 0.007353908882630333 0.7296284047887192
0.027822051 -0.6834365842435557 0.022422001813927717 0.0073554979829178095 0.7296283888402242
0.027999605 -0.6834365289318429 0.022423685120026807 0.007357294747015057 0.7296283708034095
0.028165612000000003 -0.6834364771273904 0.022425261574883275 0.007358977457987018 0.7296283539075037
0.028308157 -0.6834364325963852 0.022426616603821642 0.007360423818575687 0.7296283393816629
0.028444601000000003 -0.6834363900313439 0.022427911734194488 0.007361806243377723 0.7296283254952508
0.028587088 -0.683436345409731 0.022429269359769487 0.007363255375750636 0.7296283109359516
0.028727548000000002 -0.6834363014827213 0.022430605771612235 0.007364681864605978 0.7296282966013385
0.028898661000000003 -0.6834362487471523 0.0224322100652673 0.0073663942911645595 0.7296282793896877
0.029081631 -0.6834361914031457 0.02243395442419575 0.007368256223807281 0.729628260670786
0.029246766 -0.6834361397843671 0.022435524510361207 0.007369932137404162 0.7296282438179589
0.029408052 -0.6834360892700702 0.022437060895175498 0.007371572078186698 0.729628227323145
0.029553313 -0.6834360437337123 0.022438445786642336 0.007373050314684538 0.7296282124516217
0.029700007 -0.6834359977672679 0.02243984367160611 0.007374542420542188 0.7296281974375309
0.029855498 -0.6834359497644116 0.022441303392973233 0.007376100530804049 0.7296281817560237
0.030011006000000003 -0.6834359009869735 0.022442786571434337 0.007377683679305375 0.7296281658191118
0.030176635 -0.6834358491996917 0.022444361163156224 0.007379364402642545 0.7296281488961945
0.030334225000000003 -0.6834357999307562 0.02244585908210117 0.007380963285338871 0.7296281327937233
0.030481386000000003 -0.683435753806571 0.022447261300942236 0.007382460017560724 0.7296281177168414
0.030621836000000003 -0.6834357098157997 0.022448598580409807 0.0073838874333836315 0.729628103335337
0.030784713000000002 -0.6834356590010546 0.022450143203389516 0.007385536168327845 0.7296280867205214
0.030954541000000002 -0.6834356058037382 0.022451760135872165 0.007387262086732054 0.7296280693239127
0.03112213 -0.6834355532057353 0.02245335873782782 0.007388968439170956 0.7296280521205072
0.031274397 -0.6834355059854736 0.022454793798127197 0.007390500226841992 0.7296280366736603
0.031427898 -0.6834354577813465 0.022456258664318517 0.007392063829487746 0.7296280209026675
0.031573757 -0.6834354120087727 0.02245764955006959 0.007393548465256887 0.7296280059250586
0.031715318 -0.6834353675989383 0.022458998944112532 0.007394988812714293 0.7296279913913609
0.031892311 -0.6834353120744946 0.022460685941927013 0.00739678951959404 0.7296279732174881
0.032054867 -0.6834352610844151 0.02246223506067985 0.007398443054010962 0.7296279565250587
0.032215607 -0.683435210874952 0.02246376035935478 0.007400071162882985 0.7296279400856381
0.032387286 -0.6834351569850718 0.02246539734918574 0.007401818491358736 0.7296279224383855
0.032526643 -0.6834351132388738 0.022466726121036177 0.007403236826991557 0.7296279081107394
0.032681417000000004 -0.6834350648812338 0.022468194872043695 0.0074048045769306535 0.7296278922705416
0.032840965 -0.683435014936995 0.02246971171157002 0.007406423656803352 0.7296278759081813
0.033017888 -0.6834349593606415 0.0224713994818247 0.007408225188836766 0.7296278576977431
0.033173541 -0.6834349105559333 0.022472881502934566 0.0074098071035780455 0.7296278417035952
0.03333398 -0.683434860245674 0.0224744091398582 0.007411437708887888 0.7296278252135655
0.033483428 -0.6834348133739582 0.022475832274403914 0.00741295676804778 0.729627809848303
0.033630006000000004 -0.6834347674404789 0.02247722683446295 0.007414445326763765 0.7296277947884845
0.033771858 -0.6834347228448122 0.02247858069525956 0.007415890442998823 0.7296277801652695
0.033946741 -0.6834346679409942 0.022480247384857384 0.007417669473992888 0.7296277621592212
0.034106865 -0.6834346176765481 0.02248177313091725 0.007419298061390782 0.729627745672049
0.034267338 -0.6834345672026644 0.022483305130195433 0.007420933323582665 0.7296277291136459
0.034425679 -0.6834345177077601 0.02248480731386287 0.007422536760553472 0.7296277128739408
0.034577372 -0.6834344700172111 0.022486254639965172 0.007424081642412162 0.7296276972239519
0.034726316 -0.6834344231601551 0.02248767658031258 0.007425599427484385 0.7296276818452735
0.034900279 -0.683434368635317 0.02248933109666693 0.0074273654652501474 0.7296276639472459
0.035064421000000005 -0.6834343172536946 0.02249089012313048 0.007429029576791808 0.7296276470782839
0.035227309000000005 -0.6834342661548737 0.02249244046164668 0.007430684414867593 0.7296276302995625
0.035375128 -0.683434219658496 0.022493851069202517 0.007432190103583389 0.7296276150298338
0.035528497 -0.6834341717467449 0.022495304523887278 0.007433741527587894 0.729627599293036
0.03567853 -0.6834341251985041 0.022496716525119056 0.0074352487040645785 0.7296275840019021
0.035839259000000005 -0.6834340746640531 0.022498249344337685 0.007436884842285773 0.7296275673988557
0.036006296 -0.6834340221669557 0.022499841584358662 0.007438584406631464 0.7296275501482938
0.03618345 -0.683433966590805 0.02250152708950141 0.007440383522697564 0.7296275318829694
0.036328522 -0.6834339209647433 0.022502910735537302 0.0074418604330185375 0.7296275168854864
0.036478764000000004 -0.6834338739326111 0.022504336932728096 0.007443382762715307 0.7296275014236575
0.03664042 -0.6834338235939199 0.022505863297569432 0.0074450120119217205 0.7296274848723612
0.036791225000000004 -0.6834337761809113 0.022507300855556606 0.007446546468339308 0.7296274692807231
0.036959918 -0.6834337231355654 0.022508909076655575 0.007448263091483965 0.7296274518342611
0.03712987 -0.6834336696559246 0.022510530348456875 0.0074499936451066315 0.7296274342421313
0.037292625 -0.6834336186744371 0.022512075778312907 0.007451643244745669 0.7296274174691272
0.037446323000000004 -0.6834335703437534 0.02251354075501267 0.007453206968358176 0.7296274015658599
0.037594583 -0.6834335236998771 0.022514954511656724 0.007454716019494566 0.7296273862154407
0.03774901 -0.6834334750782487 0.022516428118689754 0.007456288955321269 0.7296273702118492
0.037915765000000004 -0.6834334228015404 0.022518012395067073 0.007457980020269674 0.7296273530025882
0.038086025 -0.683433369276043 0.022519634401277022 0.007459711358333444 0.7296273353794238
0.038232765 -0.6834333231558277 0.022521031908420665 0.0074612030649742105 0.7296273201921546
0.038387719 -0.6834332743575582 0.022522510469940003 0.00746278128956785 0.7296273041207145
0.038540181 -0.6834332264828606 0.022523960953476047 0.007464329543645819 0.7296272883511533
0.038691764000000003 -0.6834331788036225 0.02252540542226836 0.007465871377628353 0.7296272726437182
0.038863203000000006 -0.6834331247900404 0.02252704168164297 0.007467617930030191 0.729627254846778
0.039041192 -0.683433068791908 0.022528737934543682 0.007469428519958503 0.729627236392897
0.039202092 -0.6834330186767352 0.0225302558770854 0.007471048780489812 0.7296272198750797
0.039350485000000004 -0.6834329722302896 0.022531662605958135 0.007472550330989986 0.7296272045642445
0.039515488 -0.683432920221536 0.022533237696907498 0.007474231592224613 0.7296271874172886
0.039660581 -0.6834328744902901 0.022534622581935233 0.0074757098266264 0.7296271723377745
0.039829627 -0.6834328213169646 0.022536232729409862 0.007477428507571782 0.729627154801693
0.040004513000000005 -0.683432766384174 0.022537896034704002 0.007479203929586016 0.7296271366824176
0.040179123000000004 -0.6834327116289693 0.02253955384076675 0.007480973481786516 0.7296271186187484
0.040335879000000005 -0.6834326622819558 0.02254104780034033 0.007482568143339686 0.729627102336694
0.040489265 -0.6834326139651764 0.022542510474147223 0.007484129410352358 0.7296270863922324
0.040627125 -0.6834325705307946 0.022543825264170512 0.00748553282537088 0.7296270720569851
0.040772806 -0.6834325246131301 0.02254521514159034 0.007487016389209181 0.7296270569001191
0.040950864000000003 -0.6834324684885099 0.022546913856133926 0.007488829607816223 0.7296270383712292
0.041116061 -0.6834324164206328 0.022548489671494223 0.007490511643153266 0.7296270211788439
0.041274623 -0.6834323665073518 0.02255000017543954 0.007492123964754221 0.7296270046953751
0.04142796 -0.6834323183058167 0.02255145878157329 0.007493680890375825 0.7296269887748619
0.04157269 -0.6834322727440009 0.022552837421615273 0.007495152459743998 0.7296269737241138
0.041719729000000004 -0.683432226540744 0.022554235384768355 0.007496644654796537 0.7296269584593821
0.04189918 -0.6834321700099732 0.02255594570776525 0.007498470264893495 0.7296269397797573
0.042079281 -0.6834321134326325 0.022557657309923058 0.007500297240480336 0.7296269210815878
0.042244891 -0.6834320614141535 0.02255923088090929 0.007501976880764491 0.7296269038872835
0.042410552000000004 -0.6834320092212922 0.022560809616720884 0.007503662034107307 0.7296268866326565
0.042563209000000005 -0.6834319611532527 0.02256226348676143 0.007505213904955936 0.7296268707392934
0.042698230000000004 -0.6834319186461996 0.022563549080699012 0.007506586156801732 0.7296268566827343
0.042883684000000005 -0.6834318604223959 0.02256530989717581 0.007508465664563442 0.7296268374259479
0.043059449 -0.6834318050011403 0.022566985830847413 0.0075102545679314224 0.729626819092965
0.043230912 -0.6834317509502097 0.022568620206158956 0.007511999111711139 0.7296268012103626
0.043380943000000005 -0.6834317036919113 0.02257004909107152 0.00751352431366249 0.7296267855727245
0.043525374000000006 -0.6834316580913309 0.022571427768058473 0.007514995923385166 0.7296267704815367
0.043680133 -0.6834316097600613 0.022572888912185795 0.007516555559200518 0.729626754484411
0.043842178 -0.683431558787898 0.02257442979298598 0.007518200306600454 0.7296267376106873
0.044019796 -0.6834315029061954 0.022576118967642354 0.007520003344041498 0.7296267191087804
0.044192737 -0.6834314483586695 0.02257776769141003 0.007521763204005333 0.7296267010456422
0.044374355000000004 -0.6834313910598209 0.022579499445526372 0.007523611691283466 0.7296266820682655
0.044522572 -0.6834313444478863 0.022580908109085897 0.007525115309367436 0.7296266666280121
0.044681194 -0.6834312944348374 0.02258241946034074 0.0075267285371492625 0.7296266500587596
0.044854002000000004 -0.683431240245892 0.02258405688947547 0.0075284763415079375 0.7296266321032628
0.045025132 -0.6834311862290259 0.02258568900078844 0.0075302184696787395 0.7296266142019114
0.045188574 -0.6834311346004196 0.02258724884101658 0.007531883455226946 0.7296265970893563
0.045339895000000005 -0.6834310868294521 0.02258869203562183 0.0075334239324109644 0.7296265812531012
0.045485564000000006 -0.6834310408742718 0.022590080287022644 0.00753490576286032 0.7296265660166713
0.045619081000000006 -0.6834309986910078 0.022591354518270646 0.007536265887363848 0.7296265520289927
0.045783135 -0.6834309470178619 0.022592915312771522 0.007537931891827337 0.7296265348921542
0.045972095000000004 -0.6834308874599715 0.02259471413341857 0.007539851967400656 0.7296265151371725
0.046159468 -0.6834308283816631 0.02259649832787748 0.007541756430978218 0.7296264955378251
0.046328474 -0.6834307749851029 0.022598110809537584 0.007543477607025519 0.7296264778204624
0.046466943000000004 -0.6834307313621845 0.02259942805914369 0.007544883650044807 0.7296264633439884
0.04661523 -0.6834306845102873 0.022600842726412586 0.0075463936775446525 0.7296264477938824
0.046793737 -0.6834306283204478 0.02260253923100963 0.007548204540625555 0.7296264291416816
0.046975222000000004 -0.6834305709790707 0.02260427037203357 0.007550052375022284 0.7296264101040366
0.047148772000000005 -0.6834305163512973 0.02260591946588044 0.007551812631676463 0.7296263919643239
0.04731283 -0.6834304644930712 0.02260748484184279 0.007553483527246227 0.7296263747415619
0.047469041000000003 -0.6834304153375952 0.022608968533453254 0.007555067232327567 0.729626358413983
0.047610673000000006 -0.6834303705986277 0.02261031883411699 0.0075565085548431775 0.729626343551343
0.047758046000000005 -0.6834303240380032 0.02261172403000269 0.007558008473059156 0.7296263280814517
0.047937067 -0.6834302679571918 0.02261341642848832 0.007559814953903038 0.7296263094456337
0.048129092000000005 -0.6834302072177075 0.022615249272882856 0.007561771348045913 0.7296262892582517
0.048292408 -0.6834301557437601 0.022616802408870783 0.007563429179082592 0.7296262721475365
0.048458783000000005 -0.6834301031090632 0.02261839045814758 0.007565124276960874 0.7296262546482901
0.048608877 -0.6834300556131615 0.02261982336844246 0.007566653778191969 0.7296262388551906
0.048754006 -0.6834300097013987 0.02262120840040184 0.00756813217373064 0.7296262235867432
0.048942557000000005 -0.6834299501636746 0.022623004364020573 0.007570049201511417 0.7296262037837657
0.049124433 -0.683429892715384 0.02262473716450087 0.007571898808497653 0.7296261846724732
0.049280153 -0.6834298435674032 0.02262621949919209 0.007573481066109062 0.7296261683198801
0.049444468000000005 -0.6834297926652592 0.02262775463825054 0.007575119687668207 0.7296261513811497
0.049608305000000005 -0.6834297409894002 0.022629313005051128 0.007576783102819495 0.7296261341823584
0.049773119000000005 -0.6834296888233519 0.02263088604547504 0.0075784621808205515 0.7296261168177758
0.049958299000000005 -0.6834296304637404 0.02263264572009821 0.007580340474009496 0.7296260973883826
0.050125417000000005 -0.6834295775528341 0.022634240985683205 0.007582043275545813 0.7296260797701268
0.050299566000000004 -0.6834295224366208 0.022635902621883586 0.007583816921800238 0.7296260614146408
0.050458515 -0.6834294721059161 0.022637419878690408 0.007585436456205885 0.7296260446502941
0.050610805 -0.683429423931282 0.022638872043953543 0.007586986511353455 0.7296260286017827
0.050775282000000005 -0.6834293718366716 0.022640442267281537 0.007588662582898353 0.7296260112448544
0.050953737000000006 -0.683429315764254 0.02264213226710669 0.007590466505131886 0.7296259925596371
0.051138732000000006 -0.6834292572559381 0.02264389554953108 0.007592348650032995 0.7296259730594263
0.051313548 -0.6834292020570056 0.022645558970238615 0.007594124201663365 0.7296259546591384
0.051463486 -0.683429154615669 0.022646988518097273 0.007595650115192941 0.7296259388424319
0.051632483 -0.6834291012324321 0.02264859700515442 0.007597367030281183 0.7296259210421016
0.051797302 -0.6834290491303722 0.022650166779030343 0.007599042622624139 0.7296259036662943
0.051982234 -0.6834289909163324 0.02265192057105499 0.007600914637884894 0.7296258842490398
0.052152176 -0.6834289372270591 0.022653537926880553 0.007602641019871163 0.7296258663380913
0.052320507 -0.6834288841846624 0.0226551356826075 0.007604346480605806 0.7296258486401863
0.052480154 -0.6834288336638668 0.022656657377343736 0.007605970753149491 0.7296258317810808
0.052632899000000004 -0.6834287857602788 0.022658100147009495 0.007607510780341419 0.7296258157930581
0.052785582000000004 -0.683428737359736 0.022659557790781593 0.007609066684383412 0.7296257996369064
0.052946847000000005 -0.6834286869508359 0.02266107581914681 0.007610687043645782 0.729625782807939
0.053134193 -0.6834286278958599 0.02266285408871365 0.0076125851871780064 0.7296257630893412
0.053298990000000004 -0.6834285757061973 0.022664425513127993 0.007614262542125771 0.7296257456602647
0.053477345 -0.6834285191790425 0.022666127416069763 0.00761607917132594 0.7296257267796653
0.053646302 -0.6834284661233879 0.022667724683920556 0.007617784112017813 0.7296257090557525
0.053815076 -0.6834284126916641 0.02266933315980591 0.007619501016377476 0.7296256912034437
0.053987378 -0.6834283581672972 0.022670974410357814 0.007621252904862314 0.7296256729832065
0.05415198500000001 -0.6834283060373122 0.02267254347604572 0.007622927742537555 0.7296256555603899
0.054314743000000006 -0.6834282544601237 0.022674095796207994 0.007624584705944639 0.7296256383197305
0.054485413 -0.6834282003519596 0.0226757241770488 0.007626322857439252 0.7296256202302669
0.054641775000000004 -0.6834281510407261 0.02267720809285817 0.007627906805464315 0.7296256037420386
0.054798947 -0.683428101809716 0.02267868949770463 0.007629488073338753 0.729625587278279
0.054981307 -0.6834280440000291 0.022680428919088957 0.007631344751012386 0.7296255679426479
0.055174895 -0.6834279826245069 0.02268227548605708 0.007633315797188998 0.729625547410801
0.055337908000000005 -0.6834279310483812 0.02268382710855348 0.007634972016441528 0.7296255301543021
0.055489781 -0.6834278828662258 0.022685276530551086 0.007636519145813573 0.7296255140310375
0.055650716 -0.6834278320485266 0.022686805135062185 0.007638150795574355 0.7296254970233964
0.055826484 -0.6834277767616619 0.02268846805584882 0.00763992581614347 0.7296254785171734
0.056000397 -0.683427721777717 0.022690121744576644 0.007641690982406302 0.7296254601094075
0.05616846700000001 -0.6834276684262988 0.02269172621852361 0.007643403616342896 0.7296254422453851
0.056339903000000004 -0.6834276140396005 0.022693361710458895 0.007645149359331827 0.7296254240318729
0.056515304 -0.6834275584427676 0.022695033471209502 0.007646933816172469 0.7296254054101382
0.056677347 -0.6834275070434374 0.022696578906303017 0.007648583431628758 0.7296253881916606
0.056869457000000005 -0.6834274461279264 0.022698410330321665 0.007650538315112551 0.7296253677820045
0.057037109 -0.6834273930676418 0.02270000546668361 0.007652240982477476 0.7296253500013037
0.057211044 -0.6834273378941208 0.02270166401388757 0.007654011335419778 0.7296253315095582
0.057350120000000004 -0.6834272937317601 0.022702991472107 0.007655428280127068 0.7296253167061482
0.057508036000000005 -0.6834272436437685 0.022704496952541876 0.007657035247943024 0.7296252999141576
0.057670391 -0.6834271924072828 0.022706036849680936 0.007658678952644628 0.7296252827346235
0.05783908200000001 -0.6834271389212893 0.022707644243753346 0.007660394704474284 0.7296252647981228
0.058023332000000004 -0.6834270806010563 0.022709396789757398 0.007662265393332968 0.7296252452373094
0.058187967 -0.6834270284838987 0.022710962816569615 0.007663936989437475 0.7296252277542455
0.058356519 -0.6834269749389735 0.02271257163275301 0.007665654259529848 0.7296252097894943
0.058520999000000004 -0.6834269227725931 0.022714138919521523 0.007667327200705588 0.7296251922845907
0.058691035 -0.6834268687565217 0.022715761664473148 0.007669059338720977 0.7296251741562358
0.058868584 -0.6834268123786702 0.022717455238202438 0.007670867080349693 0.7296251552322364
0.059048179000000006 -0.6834267555182626 0.022719163179967288 0.0076726901587021385 0.7296251361431505
0.059230409000000005 -0.6834266976821719 0.0227209002970986 0.0076745443793121496 0.7296251167233074
0.05938954900000001 -0.6834266471923328 0.022722416659750222 0.007676162963910678 0.7296250997675028
0.059566585000000005 -0.6834265911670905 0.022724099148910472 0.007677958874134009 0.7296250809498858
0.059721654000000006 -0.6834265420681231 0.022725573533352833 0.007679532650831144 0.7296250644561576
0.059897818000000005 -0.6834264861098303 0.022727253778718766 0.0076813261661901906 0.729625045655353
0.060070069000000004 -0.6834264322006237 0.022728872379251842 0.007683053881163295 0.7296250275401417
0.060235697000000005 -0.6834263796448308 0.02273045023325189 0.00768473810285471 0.7296250098770214
0.060400655000000004 -0.6834263272097427 0.022732024354271015 0.007686418340003193 0.7296249922518147
0.060562743 -0.6834262757468011 0.022733569185114717 0.007688067312525772 0.7296249749508031
0.060707356000000004 -0.6834262297530623 0.022734949750966165 0.0076895409465328485 0.7296249594862877
0.060896585 -0.6834261696307954 0.02273675427778803 0.007691467122115835 0.7296249392682519
0.061090636000000004 -0.6834261080254671 0.022738603169134248 0.007693440653094765 0.7296249185478771
0.061266204000000005 -0.6834260523071515 0.022740275250787353 0.007695225455183669 0.7296248998043959
0.061445002000000006 -0.6834259954479392 0.02274198144355575 0.007697046668031943 0.729624880674038
0.06161838 -0.6834259402905993 0.022743636445440713 0.007698813239150277 0.7296248621133029
0.061771857000000006 -0.6834258921690263 0.02274508024005233 0.0077003543648841155 0.7296248459177489
0.061968955000000006 -0.683425829698487 0.0227469544109631 0.007702354880163778 0.7296248248896552
0.062153636000000005 -0.6834257709512338 0.02274871673922123 0.00770423601320416 0.7296248051114238
0.062331791000000004 -0.6834257142600075 0.02275041726039941 0.007706051172636321 0.7296247860222408
0.062498183000000006 -0.6834256621217457 0.02275198109782187 0.007707720434060273 0.7296247684634124
0.062672644 -0.6834256066027609 0.022753646218658576 0.007709497806880357 0.7296247497631707
0.062846236 -0.6834255514289529 0.02275530086636244 0.007711264000633346 0.729624731176257
0.06301896 -0.6834254965634645 0.022756946148381405 0.0077130201974225845 0.729624712690309
0.063187907 -0.6834254428975581 0.02275855534282658 0.007714737873930223 0.729624694605741
0.06337408500000001 -0.6834253841238918 0.022760317565068217 0.007716618894540432 0.7296246747967645
0.06354148600000001 -0.6834253308751707 0.022761914014082264 0.007718322966590496 0.729624656847041
0.06370031500000001 -0.6834252803182168 0.022763429657672616 0.0077199407858834996 0.7296246398021718
0.063869707 -0.6834252267195324 0.02276503637895003 0.007721655822871072 0.7296246217291281
0.06405590600000001 -0.6834251676616058 0.022766806620060944 0.007723545403345978 0.7296246018120778
0.064241105 -0.683425108868894 0.022768568774762445 0.0077254263523843765 0.7296245819811465
0.064401336 -0.6834250579604654 0.022770094508971283 0.007727054942909969 0.7296245648069257
0.06456753400000001 -0.6834250056172503 0.02277166313744981 0.007728729319479827 0.7296245471460795
0.064734374 -0.6834249527103313 0.02277324854932011 0.007730421610972838 0.7296245292923672
0.064916502 -0.6834248946816469 0.02277498731347644 0.007732277593011009 0.7296245097072025
0.065094126 -0.6834248383083902 0.022776676347507185 0.0077340804924969 0.7296244906776682
0.06527279200000001 -0.6834247814204443 0.02277838067558477 0.007735899717174472 0.7296244714713054
0.065438232 -0.6834247288545625 0.022779955403916495 0.007737580605283441 0.7296244537213917
0.065606565 -0.6834246753821237 0.022781557178583482 0.007739290363138456 0.7296244356626445
0.065760438 -0.6834246267230506 0.022783014670361305 0.007740846111393918 0.7296244192270902
0.065963187 -0.6834245624826141 0.022784938730047773 0.00774289988124448 0.7296243975251542
0.066144282 -0.6834245047799578 0.022786666838835838 0.0077447444903125315 0.7296243780284656
0.066322438 -0.6834244480344741 0.022788366153942103 0.0077465583646800775 0.7296243588520813
0.066503404 -0.6834243903961635 0.022790092076193577 0.007748400640018545 0.7296243393708244
0.066674042 -0.6834243361066423 0.02279171760281871 0.007750135751654951 0.7296243210185219
0.06685287200000001 -0.6834242794273651 0.022793414559413756 0.007751947108819691 0.7296243018553668
0.067029746 -0.6834242231064724 0.022795100661013878 0.007753746879300768 0.7296242828103381
0.067211912 -0.6834241650158132 0.02279683961424745 0.007755603064525695 0.729624263163682
0.067368259 -0.683424115217382 0.02279833023275869 0.007757194173563756 0.7296242463189461
0.067532192 -0.683424062950027 0.022799894648874632 0.007758864055381474 0.7296242286365274
0.067710175 -0.6834240064271709 0.02280158631579479 0.007760669766763144 0.729624209511505
0.067909652 -0.6834239429887996 0.022803484807075426 0.0077626962457817625 0.7296241880429202
0.068085029 -0.6834238870434683 0.02280515892645825 0.007764483226866247 0.7296241691069141
0.068259631 -0.6834238313620578 0.022806825026291208 0.0077662616478582115 0.7296241502572697
0.068441785 -0.683423773540559 0.02280855503306241 0.007768108284219877 0.7296241306800172
0.06860153100000001 -0.6834237226871036 0.0228100764490752 0.0077697322676231 0.729624113459374
0.068781308 -0.6834236654353399 0.02281178916610346 0.007771560448841141 0.7296240940691007
0.06897101700000001 -0.6834236049952858 0.022813597123026132 0.0077734902907415524 0.729624073595612
0.069154674 -0.683423546591997 0.022815344017716507 0.007775354953957825 0.7296240538087471
0.06934053600000001 -0.6834234873718389 0.02281711520915522 0.0077772455520220786 0.7296240337418092
0.069523209 -0.6834234291999453 0.022818854914717916 0.007779102541668285 0.7296240140268234
0.069695245 -0.6834233744017479 0.022820493604243968 0.007780851705274583 0.729623995452265
0.069875583 -0.6834233170354354 0.022822208964891757 0.0077826827089749065 0.7296239760041444
0.070065732 -0.6834232566003877 0.022824015947105366 0.007784611511130632 0.7296239555122811
0.070238991 -0.6834232015468019 0.02282566190141554 0.007786368429589494 0.7296239368420965
0.070427749 -0.6834231414296492 0.022827459107287226 0.00778828679654137 0.7296239164514204
0.070596042 -0.6834230878117001 0.022829061899742976 0.007789997643530007 0.7296238982622569
0.070770287 -0.6834230329446322 0.02283070191546855 0.007791748223343469 0.7296238796465141
0.070954641 -0.6834229743248098 0.02283245397356975 0.0077936183991417825 0.7296238597543413
0.071124221 -0.68342292033225 0.022834067610918746 0.0077953408224369315 0.7296238414295005
0.07129673 -0.6834228654020541 0.022835709153746317 0.007797093032599027 0.7296238227835851
