0 -0.7067529998956005 0.00035399999994770805 0.0003529999999478558 0.7074602089259648
0.0008119140000000001 -0.7067473191149958 0.00014894440551042597 0.0005621210085594225 0.7074658216191807
0.001107436 -0.7067471993403246 -1.7825775848322443e-05 0.0007395211510464605 0.7074657935302008
0.001353952 -0.7067569250496497 -0.0002154248258009802 0.0009103498152702889 0.7074558457951438
0.001538405 -0.7067672844432218 -0.00047463352034509033 0.0011714874869968126 0.7074449858334169
0.001734436 -0.7067645088518673 -0.000676410184933487 0.0013918729878223265 0.7074471953342005
0.0019133770000000002 -0.7067606758118314 -0.0008712112530844928 0.0015854621814817664 0.7074504042168801
0.00208733 -0.7067698346368614 -0.0010993909238657441 0.001818075752795976 0.7074403768428386
0.0022359890000000003 -0.7067847035683539 -0.0012860187726389473 0.0019757763158717487 0.7074247841752933
0.002377506 -0.7067803008232904 -0.001495984731884226 0.0021811068394058056 0.7074281667920613
0.0025128050000000003 -0.7067637522549063 -0.00166408486713667 0.00232062616351744 0.7074438804699139
0.002667276 -0.7067660273751267 -0.0018336271745505398 0.002517845768082742 0.7074405139744647
0.002811769 -0.7067606228453917 -0.002062100995632059 0.0027335474647139147 0.7074444836543262
0.002982081 -0.7067518722458316 -0.0022486077577852453 0.0028902508230460974 0.7074520346216719
0.0031317750000000003 -0.7067572111624166 -0.0024879350508662705 0.003123701965004114 0.7074449074911346
0.003291618 -0.706753228912582 -0.002698370417930954 0.0033602944251977657 0.707447030271598
0.0034424480000000003 -0.7067436581377881 -0.0029106702827543895 0.0035906535751969366 0.7074546182529488
0.0035821100000000003 -0.7067371968136738 -0.0031315379251893485 0.0037819141720952473 0.707459133261681
0.0037184590000000003 -0.7067625273514042 -0.003311938416151115 0.003982710031287794 0.7074319041551561
0.003879477 -0.7067517708479287 -0.0035472502645257933 0.004159412405380174 0.7074404926969616
0.004030257000000001 -0.7067333227157856 -0.0037729792502569567 0.004372049153790889 0.707456472425604
0.004189202 -0.7067230790910368 -0.0040323779321621974 0.004629262975126513 0.7074636381699089
0.004343889 -0.7067288184761585 -0.004197240062607559 0.00481683841298841 0.7074556935800667
0.004484364 -0.7067370676349078 -0.004392750307996256 0.005067502530514609 0.7074445147102681
0.0046304530000000005 -0.706738673822113 -0.004573356487156606 0.00523766129668527 0.7074405262908988
0.0047888720000000004 -0.7067177879198923 -0.004847311950322202 0.005473402036461273 0.7074577822560283
0.00497091 -0.7066949208591113 -0.005023540750749102 0.005629577700662892 0.7074781697870065
0.005137509 -0.7066995782351562 -0.005297081398245525 0.005876133481577833 0.7074695174395995
0.005274089 -0.7066966059742239 -0.005553386407952174 0.0061124093839057285 0.7074685190561063
0.005422473000000001 -0.7067228737807949 -0.005824360994640486 0.0063786009897397605 0.7074377498716282
0.005572906000000001 -0.7067052094257555 -0.006087261361628871 0.0066271909579396805 0.7074508976315045
0.0057091730000000005 -0.7067526862932878 -0.00632607349867308 0.006883534925866909 0.7073989243405983
0.0058913820000000006 -0.7067300930194154 -0.006559347239705287 0.007103350647430302 0.7074171986841551
0.006052653000000001 -0.7067121459698887 -0.0068563974010860266 0.0073710669477957385 0.7074295724136533
0.006193141 -0.7067333539830741 -0.007100816881864425 0.007601295905452346 0.7074035376417077
0.006345535 -0.7067094285057118 -0.007191338461457741 0.0077623467755156385 0.7074247764142841
0.006501304 -0.7066899116608544 -0.007425337007724897 0.00799408363617648 0.7074392749585745
0.006642671 -0.706719576833508 -0.007662947545167886 0.008239221020349421 0.7074042933091129
0.006791040000000001 -0.7067195149984006 -0.007918000900367287 0.008504711541082382 0.7073984041993383
0.006950607 -0.706697109904005 -0.008120775956849837 0.00872600495465165 0.7074157933554472
0.0071113850000000004 -0.7066760678625426 -0.00834998487158061 0.008970473861708177 0.7074310874294939
0.007252740000000001 -0.7067131826193559 -0.008663862901381927 0.00922616940127698 0.7073869470027181
0.007396482 -0.7066670474388067 -0.008880030757050532 0.009457237691683771 0.7074273035253279
0.007538896000000001 -0.7066573053409086 -0.009167980242934913 0.009802923071632866 0.7074286562232568
0.007670357000000001 -0.7066327346282314 -0.009468499633362626 0.00993765048927695 0.7074473612709808
0.007837687000000001 -0.7066714884700207 -0.00976683403926993 0.010112324521744084 0.7074021184794275
0.008014323 -0.7066496788164035 -0.010036230404610753 0.010368438329126272 0.7074164268622511
0.008162945000000001 -0.7066335846213638 -0.010203116173199779 0.010667312361136034 0.7074256723872184
0.00831027 -0.7066283956253504 -0.01044325603508663 0.01088322955051439 0.7074240625069803
0.008474474000000001 -0.7066422295303505 -0.010575504068962792 0.011008194049384743 0.707406345618863
0.008634332 -0.706642671705254 -0.010768424464738543 0.011167975808135127 0.7074004890273664
0.008770539 -0.7066308501431131 -0.011096924513873114 0.011362750406109177 0.7074041191536584
0.00893477 -0.7066326512356286 -0.011379781768314091 0.011614151916161644 0.707393743434221
0.00910297 -0.7066323175538581 -0.011510327377008942 0.011818508233318988 0.7073885799299254
0.009277073 -0.7066431440304413 -0.01172641803623631 0.01210506205711451 0.707369369981063
0.00944785 -0.706674565008977 -0.011979756118580412 0.01235732768937374 0.7073293724037552
0.009610214 -0.7066869165535131 -0.012307412956024503 0.012520875449326297 0.7073085304422676
0.009769603 -0.7066971075642133 -0.01248922964505472 0.012764915232052886 0.70729079892387
0.009921175 -0.706688599902553 -0.012739537101539541 0.012965614443194105 0.7072911845939538
0.01009428 -0.7066843006136164 -0.012880115787547225 0.013094203435753442 0.707290565269979
0.010248041000000001 -0.7066531418739209 -0.01303692694728114 0.013353947889945155 0.7073139668430422
0.010411100000000001 -0.7066849137717603 -0.013104363409055417 0.013385408630393404 0.7072803822691821
0.010554597 -0.7066609774359969 -0.013305239192072557 0.013531040280851002 0.7072977764196359
0.010711724 -0.7066469154115831 -0.013596254890850595 0.013740904990133923 0.707302245381909
0.010874328 -0.7066745247449993 -0.01384713635163933 0.013926250264274243 0.7072661680335527
0.01104269 -0.706749341784464 -0.013995720680264598 0.014000405491385245 0.70718701652105
0.011215826 -0.7067396699607845 -0.014378283031151089 0.014412052708923779 0.7071807382964505
0.011369738 -0.7067490239047052 -0.014535761755938202 0.014716143953134829 0.7071619078733468
0.011517237000000001 -0.7067011273633322 -0.014628390679428062 0.01484214990711716 0.7072052300115294
0.011661505 -0.7066942364933182 -0.014791557222841246 0.014935063142299311 0.7072067659680477
0.011833910000000001 -0.7066908547308849 -0.015140800835958883 0.015328477249638534 0.7071943366395016
0.0120081 -0.706672989523266 -0.01534094358435849 0.015505325099580957 0.7072040202245374
0.012167805 -0.706680287931732 -0.015507067750749717 0.015620258110005716 0.7071905747640272
0.012318448000000001 -0.706673703332046 -0.01575097722831004 0.015850155299461866 0.7071866488504345
0.012488810000000001 -0.706668126140865 -0.015944557482083444 0.016005187656583476 0.7071843921858971
0.012638566 -0.7066837102666603 -0.01618393640488774 0.016215236830243937 0.7071585960311371
0.012787986000000001 -0.7066715313599107 -0.01638825923640782 0.01639603939727508 0.7071618920846359
0.012956619 -0.7066756160465218 -0.01665872522226054 0.016700529359769168 0.7071443649484465
0.013114013 -0.7066848073225097 -0.016880001713303595 0.016884927019577625 0.7071255531242311
0.013281586000000001 -0.7066340281583036 -0.01691568904963905 0.017049700721178056 0.7071714908125639
0.013441452000000001 -0.7066770072174379 -0.017098750919830954 0.017190111450091642 0.7071207395173191
0.013612141000000001 -0.7066520595149127 -0.017400191502754014 0.017526295048899628 0.7071300651937086
0.013774621 -0.7066295702349518 -0.01752216358569545 0.01767893163966656 0.7071457272931256
0.013984332 -0.7066724291968066 -0.017643659350763376 0.017792620328744835 0.7070970242899031
0.014146009000000001 -0.7066718608858442 -0.017893657136444127 0.017993888575430543 0.7070862168366434
0.014298044000000001 -0.7066694491450469 -0.018207381967260912 0.018240164814880038 0.707074308170266
0.014453051000000001 -0.7067013746231189 -0.018386688643035894 0.01852785530903111 0.7070302789585365
0.014593866 -0.7066884344575308 -0.01852575907688244 0.018684586774848713 0.7070354581431137
0.014738074 -0.7066479539783073 -0.018716216964260842 0.018925154454807646 0.7070645026372634
0.014898843 -0.7066516423848349 -0.018919877568218144 0.01910894630207042 0.7070504527392962
0.015076491000000001 -0.7066794263384231 -0.019015902750946355 0.019213915680294374 0.7070172623612484
0.015232200000000001 -0.7066804188030965 -0.01918746018494281 0.01935483163954071 0.7070077917138795
0.015373739 -0.7066514157693902 -0.019500060727204765 0.019687861471219738 0.7070190325114606
0.015527601 -0.7066033240313722 -0.019791757920058287 0.019918051360901662 0.7070525440278354
0.015677059 -0.7066158672185768 -0.020090959018104884 0.020230800078210164 0.7070226900806416
0.015846579 -0.7065691894077855 -0.020529469797649066 0.020595899972331133 0.7070462010037124
0.016018749000000002 -0.7065861523049324 -0.020720493517169442 0.020772418289112107 0.7070185125990253
0.016202093 -0.7066323011502302 -0.020806728795696908 0.02090345969983192 0.7069659937935701
0.016336692 -0.7066154570160629 -0.02092806822287649 0.02110926205851048 0.7069731330975629
0.016483077000000002 -0.7065504577159442 -0.021156119845498658 0.0213636408204621 0.7070236659019039
0.016629701 -0.7065559026285214 -0.021283856584148452 0.021505390897964653 0.7070100933310829
0.016773820000000002 -0.7065764647439764 -0.021534932303986024 0.021815757206749258 0.7069724314979073
0.016945331 -0.7065965006133086 -0.021759430344990505 0.022044130260547364 0.7069384476976367
0.017112046000000002 -0.7065593466637139 -0.02201358294307775 0.022208480064500984 0.706962569887104
0.017259267000000002 -0.706539371395671 -0.02219794481884118 0.02238802850451269 0.7069711055575828
0.017392473000000002 -0.7065056079966469 -0.02232867938467573 0.022462065625189754 0.7069983815781153
0.017549033000000002 -0.7064146900074241 -0.022798422307706484 0.022881333067211337 0.7070607910774446
0.017692808 -0.7063741605276421 -0.02293692450384061 0.023164180035132376 0.707087592591239
0.017864902000000002 -0.7064240963576475 -0.0230799454895911 0.023326036791753397 0.7070277280341051
0.018051845 -0.7063498391094651 -0.023432639169360014 0.023670935271885716 0.7070788520631524
0.018208385 -0.7063152173203767 -0.023711034884955365 0.023947094191143988 0.7070948573467026
0.018361055 -0.7063405705157239 -0.023921222059959203 0.02408281032015021 0.7070578419236743
0.018512973000000002 -0.706286899204416 -0.024209524162199864 0.024378977048942027 0.707091493676807
0.018659755 -0.7062568338478441 -0.024470443406478366 0.024701880184091776 0.7071013358480379
0.018822792 -0.7061993456671313 -0.02494739823279493 0.025154712264722507 0.7071261216725125
0.018996141 -0.7062157506677121 -0.02509933926298806 0.02515433337468426 0.7071043743252312
0.019171068000000003 -0.7061639013672353 -0.025322215858944824 0.02543194579813438 0.7071382792090379
0.019340124 -0.7061326901406949 -0.025483187578272226 0.025680607160978718 0.7071546771968347
0.019496746000000002 -0.7061049502027359 -0.025795070035606632 0.025949564902314162 0.7071612501703064
0.019643515 -0.7061077524921887 -0.025973343522791324 0.02603940713995378 0.7071486241042096
0.019804754 -0.706147215703527 -0.026102151279945824 0.02616618395069863 0.7070997937138531
0.019980788000000003 -0.7061228268765359 -0.026538499411917823 0.026379985560793393 0.707099963070757
0.020147154 -0.7060788373818709 -0.026799863682161303 0.02677648434109405 0.7071191289976634
0.020294878000000002 -0.7060953512426089 -0.027026790085978258 0.027039250260511537 0.7070840024470747
0.020434605 -0.7061057273282259 -0.02723702878775073 0.027249818301461344 0.7070574895294086
0.020576913000000002 -0.7060662903203893 -0.027409316760589487 0.027374719347886694 0.7070853893049593
0.020722581 -0.7060728787032885 -0.027590343242586888 0.02755374640146364 0.7070648159671441
0.020902142000000002 -0.7060041470830632 -0.02776967428448342 0.02773400229161659 0.7071193779048477
0.021065292000000003 -0.7059193275134413 -0.028076691311881258 0.028039985942584767 0.7071798651236387
0.021227428000000003 -0.705883144039477 -0.02820445830293197 0.028159361158529114 0.7072061551428444
0.021376911000000002 -0.7059330545788859 -0.028450812389042263 0.028448459032172965 0.7071348944197438
0.021526103 -0.7058647040652123 -0.028793636876177853 0.028773085817511906 0.7071761135409703
0.021703738 -0.705878877243034 -0.028901788255833925 0.02890134824739593 0.7071523240202294
0.02187725 -0.7058855054996073 -0.029145143325794317 0.02907864416358202 0.707128450990123
0.022038845 -0.7058971683449023 -0.02932126043563402 0.029343414181037416 0.7070985896275812
0.022195476000000002 -0.7059288997135017 -0.02955447251583823 0.029509611195545665 0.7070502843155381
0.022344431 -0.7058724809005299 -0.02978537197496769 0.029724012068889256 0.7070879403795348
0.02251736 -0.70588344344294 -0.030015501225352192 0.029913323136527947 0.7070592811485176
0.022662632000000002 -0.7058570988470797 -0.03022006310613723 0.03013170289697584 0.7070675952648188
0.022795724 -0.7058210670803576 -0.030458995878589537 0.030420012517593947 0.7070809668447051
0.022969917000000003 -0.7058046705594189 -0.03074755492870671 0.030762673859836706 0.707070019714745
0.023118759000000003 -0.7058100752841859 -0.030967983134983175 0.031003669567599323 0.7070444781774529
0.023287702 -0.7058455481675042 -0.031133850293785254 0.031016117572476208 0.7070012347575712
0.023452348 -0.7057600212088727 -0.03136850615792442 0.03126020493160539 0.7070654912186748
0.023595925 -0.7057797473380761 -0.03148476598148474 0.031511053841457644 0.7070294981429655
0.023742033000000003 -0.7057265770617833 -0.03177486342632411 0.03174393834765624 0.7070591763502385
0.023926529000000002 -0.7057157773275168 -0.03195792003514017 0.031900140829822746 0.707054675391574
0.024072153000000002 -0.7056488200367314 -0.03232131793169317 0.03215436595666774 0.7070934676107904
0.024241205000000002 -0.7056873222836144 -0.03248150479577329 0.03219464971332272 0.7070458680624765
0.024389498000000003 -0.705712599767436 -0.03263174248015483 0.03249774305617717 0.7069998533298648
0.024540758000000003 -0.7056924791910125 -0.0328414618739121 0.03263499400650205 0.7070039040637771
0.024678138000000002 -0.7057361248681857 -0.032971245618696306 0.032668651528896066 0.706952741154366
0.024841357 -0.7056524805338263 -0.03325730095414808 0.032941145810740695 0.707010190564732
0.024998217000000003 -0.7057360419767372 -0.03326230228091593 0.03317524691491739 0.7069155970086642
0.025152347000000002 -0.705729876469058 -0.03350331797078292 0.03349057808598963 0.7068955016997794
0.025311473 -0.7056855102383031 -0.033793041159595034 0.03382606208406233 0.7069100285982488
0.025466062 -0.7057328056181918 -0.03396487019427388 0.03394423683807049 0.7068489113328552
0.025610839000000003 -0.7055771291176117 -0.03434335717554203 0.0344160969330487 0.7069632104685202
0.02575681 -0.705522305676031 -0.03464452579255365 0.034802702607277525 0.7069843031619695
0.025939543000000002 -0.7055283548593727 -0.03486435116874918 0.03499213384920862 0.7069581091377964
0.026114605000000003 -0.7055469705236753 -0.03497606555753561 0.03502488779895765 0.7069323903016821
0.026272861 -0.7055418392170262 -0.03526537300920272 0.03524607627706435 0.7069121449571009
0.026434337000000002 -0.7055801814600557 -0.03553065074469134 0.03543464599572431 0.7068511627291926
0.026564745 -0.7056005428363903 -0.035764776939225425 0.03547418356785367 0.7068170463278832
0.026715333 -0.7055535720179441 -0.036036571731485154 0.035790883359489 0.7068341638453174
0.026897746 -0.7055435520772423 -0.03604409972848656 0.035867572049877845 0.7068398943694658
0.027078968000000002 -0.7054853416644284 -0.03630872956310175 0.0360321934670964 0.7068760781693549
0.027234919000000003 -0.7055298650092179 -0.036356992916819035 0.03623902616476656 0.7068185846656485
0.027380643000000003 -0.7054747709658652 -0.03664911567645245 0.03647952738921748 0.7068461175759924
0.027510992 -0.7054010716386597 -0.03694270767959771 0.036806019628477446 0.7068874602080861
0.027665715 -0.7053377591548269 -0.037183434195901935 0.03710385827594354 0.7069224437184642
0.027822051 -0.7052906406321338 -0.037395518004536214 0.03739905478177538 0.7069427120858638
0.027999605 -0.7052656057059017 -0.0376379624537356 0.03758244783415899 0.7069450960332151
0.028165612000000003 -0.7053265447281475 -0.037746217927539474 0.03785685039627977 0.7068638816717778
0.028308157 -0.7054095121628109 -0.03787194532382598 0.03788954464410968 0.7067726072183871
0.028444601000000003 -0.7054468769924599 -0.03809477487027209 0.03798275857861621 0.7067183328030532
0.028587088 -0.7055072187483875 -0.03827272826964078 0.037971965114743385 0.70664905888994
0.028727548000000002 -0.7055033551726807 -0.03840237878933024 0.03821294184169759 0.7066328921152865
0.028898661000000003 -0.7053651159555956 -0.03868924230227105 0.03856514453290506 0.706736107291952
0.029081631 -0.7053573057409704 -0.03902385189202906 0.03882746292552785 0.7067111420828985
0.029246766 -0.7053668683496872 -0.03926187167876631 0.03889333564750866 0.706684791762951
0.029408052 -0.7053598171533145 -0.039643836130388084 0.03916820420510368 0.7066553236066766
0.029553313 -0.7054107340212137 -0.039802057439333856 0.03931684907884219 0.7065873462847747
0.029700007 -0.7053111522531809 -0.04009524389786904 0.039605800088034326 0.7066540387795482
0.029855498 -0.7053206652304082 -0.040281229406193934 0.039776843804843934 0.7066243588027412
0.030011006000000003 -0.7053748363944705 -0.040289614193650555 0.03976424858641701 0.7065705143182515
0.030176635 -0.7053608243252022 -0.040475629796861624 0.039961230399843214 0.7065627579803151
0.030334225000000003 -0.7053610119946876 -0.04066465587119835 0.04023313052832088 0.7065362862080038
0.030481386000000003 -0.7054664485362389 -0.040736099710549686 0.04013930482907287 0.7064322305627604
0.030621836000000003 -0.7054306663483868 -0.0410128077626204 0.04043168766509115 0.706435278852387
0.030784713000000002 -0.7054946688005821 -0.041149601043670644 0.04059551292872114 0.7063540096566012
0.030954541000000002 -0.7055349393528305 -0.04122311675985061 0.04075128759002255 0.7063005284981435
0.03112213 -0.7055102108677602 -0.04149265037482193 0.04083355886314997 0.7063046954372956
0.031274397 -0.7055040959979072 -0.04180254419504248 0.04108987273297624 0.7062776650778255
0.031427898 -0.7054794108049669 -0.04191068485828901 0.041307035336275555 0.7062832464788569
0.031573757 -0.7055369820586049 -0.04213966428906554 0.041150773110109805 0.7062212326981403
0.031715318 -0.7055000331934199 -0.04236953358128694 0.04138345891105538 0.7062307945117832
0.031892311 -0.7055426096118931 -0.042427148772252864 0.04150333290849658 0.7061777654575251
0.032054867 -0.7054836430355322 -0.04284170479305374 0.04186597385854962 0.7061902420542313
0.032215607 -0.7054516463006391 -0.04300293558417359 0.04207260970538841 0.7062001258676179
0.032387286 -0.7054059470724402 -0.04321275631705734 0.04224703877699854 0.7062225536195308
0.032526643 -0.7053973601723784 -0.043517553317183044 0.04242334821184015 0.706201845325841
0.032681417000000004 -0.7054099361535432 -0.04357821567691463 0.04240828554160824 0.706186447343541
0.032840965 -0.7053385716198487 -0.04372067299952844 0.04272197877052958 0.7062300154111764
0.033017888 -0.7052891362386174 -0.04388938484120862 0.04284924565947078 0.7062612111311646
0.033173541 -0.7052386525220048 -0.044062639776203186 0.04300542626494143 0.706291342207074
0.03333398 -0.7051992896364621 -0.04440191754383773 0.04354714437232499 0.7062762050583862
0.033483428 -0.7050776071572937 -0.044761110145203044 0.04404645086558693 0.7063440529020255
0.033630006000000004 -0.7049867106044096 -0.04500962863300509 0.044305689090081035 0.7064027725849796
0.033771858 -0.7050204498164303 -0.045088797208573735 0.04440769061438039 0.7063576450504516
0.033946741 -0.7049862771870541 -0.045370166408084694 0.04451059610866421 0.7063672584513613
0.034106865 -0.7049521509782036 -0.045619998029786314 0.044769098504724054 0.7063688897665586
0.034267338 -0.704925141418397 -0.04585580740437921 0.045034459070253136 0.706363707603806
0.034425679 -0.7049401213063863 -0.0460567009672112 0.04501410377219117 0.7063369848239158
0.034577372 -0.7049880871340904 -0.0462241504491266 0.04508159647294758 0.7062738665515828
0.034726316 -0.7049407869952584 -0.04658219056168362 0.045500066053971305 0.7062707202922014
0.034900279 -0.7050466797630033 -0.046668395962792826 0.045616399849347636 0.7061518138744738
0.035064421000000005 -0.7049223169185891 -0.047057231471991486 0.04597256174855839 0.7062270652152851
0.035227309000000005 -0.704962886827992 -0.047213982840974285 0.046141408555814965 0.7061650929038629
0.035375128 -0.7049218482258137 -0.047496046915953626 0.04623514702537249 0.7061810140472503
0.035528497 -0.7048253559249059 -0.047833221469195414 0.046534721465688655 0.7062348902931087
0.03567853 -0.7048124469617016 -0.04789099187855224 0.04664562960396497 0.7062365416371463
0.035839259000000005 -0.7048167430870337 -0.04790773688113128 0.0467390228750097 0.7062249437337965
0.036006296 -0.7047089158194438 -0.04817388630151833 0.0470634152616401 0.7062928964580508
0.03618345 -0.7047676266296525 -0.04829320524587295 0.0471785244006397 0.7062184829196027
0.036328522 -0.70470041508596 -0.04862916100602471 0.04740960217964893 0.7062470242759917
0.036478764000000004 -0.7047067945685127 -0.048916929759072816 0.04755598501314165 0.7062109429634661
0.03664042 -0.7046568466681479 -0.049223114338084635 0.047849911996921374 0.7062196537766766
0.036791225000000004 -0.7046873547142772 -0.049307207319371306 0.04790439796465773 0.7061796514115957
0.036959918 -0.7045682108008822 -0.04966599991871703 0.04842822997277866 0.7062376592356298
0.03712987 -0.7045683246843661 -0.04999924604284745 0.04870543760426031 0.7061949671262109
0.037292625 -0.7044804590486357 -0.05018594018217495 0.04901474966380051 0.706247979495906
0.037446323000000004 -0.7044342814688199 -0.050473570518535175 0.04934766556296913 0.7062503590612208
0.037594583 -0.7043904602756009 -0.05075172817712795 0.04961721680083917 0.7062552466047248
0.03774901 -0.7043545263201939 -0.0509479326381661 0.04975552883525568 0.7062672275863268
0.037915765000000004 -0.7043252836719593 -0.05101337890094432 0.049972981164072026 0.706276313567925
0.038086025 -0.7042996413714925 -0.05116953115474477 0.05011817371517827 0.7062803005244066
0.038232765 -0.7042127168540381 -0.051509184549299314 0.05046934591800814 0.7063172788844466
0.038387719 -0.7041345323944406 -0.051943116412600146 0.0508641851531279 0.7063351241554664
0.038540181 -0.7040387689445722 -0.052356556316296134 0.05129927328612952 0.7063685917380707
0.038691764000000003 -0.7041364821725408 -0.0523635941150934 0.0512861973190143 0.7062716152087554
0.038863203000000006 -0.7041782780475965 -0.05243229759334939 0.05135716021114978 0.7062196889000267
0.039041192 -0.7041007176767338 -0.052709273002640944 0.05163584853054561 0.7062560803654523
0.039202092 -0.7039632245035979 -0.05301622533186533 0.052089882146555626 0.706336819496206
0.039350485000000004 -0.7039545198768042 -0.05315774831868294 0.05227525321183417 0.7063211632397434
0.039515488 -0.7039057500002222 -0.0533267438321732 0.052508245466286935 0.7063397466283028
0.039660581 -0.7038649472104722 -0.05360913358039068 0.05276063138050449 0.7063402244396744
0.039829627 -0.7038620915779302 -0.053752006342726776 0.0529558824701515 0.7063176002093394
0.040004513000000005 -0.7039258548445959 -0.05381334724871601 0.05306104075977393 0.7062414887930926
0.040179123000000004 -0.7038462426905963 -0.0540991849011647 0.05335084586737504 0.7062771637881233
0.040335879000000005 -0.7037485320175416 -0.054491693939174066 0.053715075043405947 0.7063167488371461
0.040489265 -0.703658957490647 -0.05483242681051541 0.05406084278927113 0.7063532415089205
0.040627125 -0.7037412500789146 -0.05494432016552756 0.05405272499229154 0.7062631786662975
0.040772806 -0.7036669417509626 -0.0551345330355336 0.05429795926059486 0.7063035820197546
0.040950864000000003 -0.703579177920118 -0.05537981894547011 0.05462219123088653 0.7063468215232193
0.041116061 -0.7034886802083319 -0.05562280940517907 0.054986560552839805 0.7063895936741875
0.041274623 -0.7034907107145488 -0.05584953229002443 0.05512895055640128 0.7063585835054846
0.04142796 -0.7034278010617956 -0.05603497413154538 0.055406478518625034 0.7063848331508892
0.04157269 -0.7034316951193074 -0.056099920125498276 0.055416196847439037 0.7063750380573033
0.041719729000000004 -0.7033397967390838 -0.05643566114200787 0.05576047203086082 0.7064127095638814
0.04189918 -0.7034066925533126 -0.05652544622610792 0.05568166249180892 0.7063451360788843
0.042079281 -0.7033200189876542 -0.056723699761367145 0.05599103843763549 0.7063910930860209
0.042244891 -0.7032672853347669 -0.05691732445371307 0.056275133763473324 0.7064054451055723
0.042410552000000004 -0.7033027861239145 -0.05694728837397007 0.05627090971651625 0.7063680217116763
0.042563209000000005 -0.7032442039757617 -0.0572314808562626 0.05659052232563271 0.7063778450350837
0.042698230000000004 -0.70321477245325 -0.05745677927344899 0.05689220219601083 0.7063646223080078
0.042883684000000005 -0.7031094944063488 -0.0577826395076759 0.057280172692441414 0.7064114857952826
0.043059449 -0.7030828618222702 -0.05779193810067036 0.057273529891204905 0.7064377708448044
0.043230912 -0.703090321917561 -0.057966447382253095 0.05750049981679678 0.7063976095122064
0.043380943000000005 -0.7029431153253025 -0.05823231078904192 0.05791754700412293 0.7064881685817197
0.043525374000000006 -0.7029720457275082 -0.05834466772921961 0.05800456854559574 0.7064429720091273
0.043680133 -0.7028903210203321 -0.05846317505376299 0.05825693052980586 0.7064937252543813
0.043842178 -0.70300779353684 -0.058494393941170994 0.05817579487081873 0.7063809347618802
0.044019796 -0.7029789036762832 -0.058687899772981084 0.058348760957879886 0.706379369390845
0.044192737 -0.7030176630382948 -0.058815623181313496 0.05845568756398249 0.706321329507605
0.044374355000000004 -0.7030449674367004 -0.058925063995088546 0.05861818671993654 0.7062715616395513
0.044522572 -0.7030016906073419 -0.0591005993940709 0.058785760201416494 0.7062860444267766
0.044681194 -0.7028943602375104 -0.05933192868163042 0.059087296286931074 0.7063483078501142
0.044854002000000004 -0.7028188120993676 -0.05955397799159837 0.05947116353603201 0.706372579997469
0.045025132 -0.7028390099101589 -0.05971610242270224 0.05950509868688696 0.7063359374194499
0.045188574 -0.7027269080089013 -0.060024070564172555 0.059943564496488994 0.706384295400607
0.045339895000000005 -0.7026681608821748 -0.06035869547228582 0.060272040172956884 0.7063862716224997
0.045485564000000006 -0.7027231589741358 -0.06046708520528852 0.06047756178237607 0.7063047203360933
0.045619081000000006 -0.7026664770617896 -0.06082399200676271 0.06088660863242508 0.7062953241379819
0.045783135 -0.7027700309543073 -0.06091733952027158 0.060875255395305514 0.7061852197680228
0.045972095000000004 -0.7026828597248326 -0.061186607213382586 0.06126269220469229 0.7062151798782578
0.046159468 -0.7026874255812756 -0.06129528876975221 0.061264712822331334 0.7062010368637174
0.046328474 -0.7025938901232144 -0.06168199437748713 0.061715599794165424 0.7062211706492456
0.046466943000000004 -0.702559346895669 -0.06188678802402003 0.061992053710988176 0.7062134060142835
0.04661523 -0.7025490232472758 -0.06212337609710933 0.062170817456061074 0.7061871887349992
0.046793737 -0.7024596981098639 -0.062429796981543745 0.06250485602479808 0.7062195380712443
0.046975222000000004 -0.7025770492780835 -0.06259820485640498 0.06257902338531914 0.7060813128872601
0.047148772000000005 -0.7026355351954348 -0.06267550503064946 0.06263370716811416 0.7060114053442459
0.04731283 -0.7026472404823638 -0.06279547325664754 0.06288119779400388 0.7059670948032807
0.047469041000000003 -0.7026142472347093 -0.06295073314741316 0.06311063888237481 0.7059656309190021
0.047610673000000006 -0.702483040234651 -0.06325178237422922 0.06355015050703405 0.7060298638015947
0.047758046000000005 -0.7025179664553578 -0.06352398734090961 0.06377192856398797 0.7059506717660736
0.047937067 -0.7024760484143066 -0.06375481072641888 0.06404997937527686 0.7059464042372383
0.048129092000000005 -0.7024207645480883 -0.06394481656377779 0.06428387469620682 0.7059629688732593
0.048292408 -0.7023424758175173 -0.06414851546786582 0.06456751263375708 0.7059964949899391
0.048458783000000005 -0.7024095226859446 -0.06427163911728086 0.06465982963351354 0.7059101396615909
0.048608877 -0.7024573368832453 -0.06427597220833756 0.06471625355993918 0.7058569938597604
0.048754006 -0.7025027147598348 -0.06448931337341647 0.0647942454857866 0.7057852151806634
0.048942557000000005 -0.7025124888839637 -0.06469072251899981 0.06502135039388258 0.7057361669738805
0.049124433 -0.7025216252534994 -0.06499801643221635 0.06528913149307618 0.7056741126185226
0.049280153 -0.7024314193359288 -0.06518700724574812 0.06551311022639844 0.7057257169782887
0.049444468000000005 -0.7025786434879929 -0.06526318789920334 0.06549484213584669 0.7055738031371387
0.049608305000000005 -0.702519184199193 -0.06550846265787008 0.06589667661742842 0.7055728631141374
0.049773119000000005 -0.7025030387679211 -0.06567308292179747 0.06598984584520849 0.7055649275202881
0.049958299000000005 -0.7024188203304467 -0.06595552476013701 0.06625573037000593 0.7055975111863249
0.050125417000000005 -0.702501223618056 -0.06604959742475891 0.06626205038041884 0.7055060752215706
0.050299566000000004 -0.7026405333402173 -0.06607424992966071 0.06624262563003856 0.7053668470755105
0.050458515 -0.7025612690326756 -0.06628521945368268 0.06648383249236588 0.7054033122649063
0.050610805 -0.7025172315415098 -0.06653411108749788 0.06663578102008684 0.7054094017922448
0.050775282000000005 -0.7025461124131362 -0.06658967197979632 0.06671917083595645 0.7053675125505673
0.050953737000000006 -0.702542410541581 -0.06674710017192882 0.06686482671636522 0.7053425273987484
0.051138732000000006 -0.7024131135191432 -0.06699870528564815 0.06721142785410605 0.7054144990090597
0.051313548 -0.7023414840089899 -0.06724614327778086 0.06734687023811335 0.7054493568807367
0.051463486 -0.7025860247286269 -0.06728535985801526 0.06714291728746233 0.7052215161656173
0.051632483 -0.7027590722286664 -0.06752203219981877 0.06712285924557991 0.7050283564046264
0.051797302 -0.7027675041643179 -0.06770181702039323 0.06729621467682854 0.7049861832355035
0.051982234 -0.7028401380445062 -0.06779826930212876 0.0673106440491514 0.704903122585582
0.052152176 -0.7029688087905308 -0.0678530945264796 0.06717139409275846 0.7047828142388535
0.052320507 -0.702971861820547 -0.06814514311123081 0.06735033597645662 0.7047345125667978
0.052480154 -0.7030406703477239 -0.06831948368168907 0.06735694401577552 0.7046483563305502
0.052632899000000004 -0.703090280583639 -0.06847093474704097 0.06750488768263196 0.7045699955168694
0.052785582000000004 -0.7030359274981944 -0.06869806551078032 0.0677444854106495 0.7045791262436578
0.052946847000000005 -0.7029702309646768 -0.06900222514889871 0.06806021276016062 0.7045845263281129
0.053134193 -0.7030719488485921 -0.06908531033816148 0.06799347244017329 0.704481328598033
0.053298990000000004 -0.7031766261732431 -0.06913359364352165 0.06803873550442156 0.7043677371263585
0.053477345 -0.7031809680582505 -0.06937234572177335 0.06817625805420072 0.7043266299434144
0.053646302 -0.7032011950017476 -0.06944840525162986 0.06822738502963951 0.7042939885361345
0.053815076 -0.7033026375681527 -0.06946770808160915 0.06805302822723469 0.7042076560735981
0.053987378 -0.7033894345128543 -0.06959749991813023 0.0681287289673845 0.7041008221200435
0.05415198500000001 -0.7036966165158743 -0.06938581320150736 0.06776518478734042 0.7038498139242585
0.054314743000000006 -0.7036759806466582 -0.06963155124494634 0.06804899883505704 0.7038187942146277
0.054485413 -0.7035903710550792 -0.06983819184773873 0.06831311892956037 0.7038583199054551
0.054641775000000004 -0.7035774076874635 -0.07012587936550872 0.06862223269702077 0.7038126040464738
0.054798947 -0.7036036038683039 -0.07031377309674527 0.06875623903890596 0.7037545889936767
0.054981307 -0.7036299106402782 -0.07038621856307685 0.06884415900118966 0.703712448987627
0.055174895 -0.7037971442130129 -0.07038159845764543 0.06873005464622722 0.7035568136152763
0.055337908000000005 -0.7037249695802277 -0.07057663317395138 0.06898188126864178 0.7035848250891827
0.055489781 -0.7037409973395922 -0.07078235567342604 0.06908666449102836 0.7035378451642104
0.055650716 -0.7036059874948063 -0.07100905242047578 0.06930294420719668 0.7036287591905398
0.055826484 -0.7036549883283975 -0.07115659136272282 0.06939224301250381 0.703556048595913
0.056000397 -0.7036142607299062 -0.0712053722998498 0.06946772872327041 0.7035843955910173
0.05616846700000001 -0.7038301061313261 -0.07120821455888847 0.06945416133316414 0.7033695268889661
0.056339903000000004 -0.7040962877278945 -0.07113504391427121 0.0693453488224374 0.7031212169546635
0.056515304 -0.7039822413636097 -0.07150084355656992 0.06968773409814386 0.703164456533202
0.056677347 -0.7040346660878147 -0.07156263783634119 0.06962892593211001 0.7031115064383915
0.056869457000000005 -0.7040551217866708 -0.07170050044605125 0.06977338876981817 0.7030626557720993
0.057037109 -0.7039005607549453 -0.072015656912758 0.07008084507038402 0.7031546208925302
0.057211044 -0.7038627700732307 -0.07223759434406278 0.07035658431478507 0.7031421491503529
0.057350120000000004 -0.7037085900083635 -0.07245474002435577 0.07064668479210987 0.7032450333449415
0.057508036000000005 -0.7035746614755021 -0.07281990057784392 0.07101689070876169 0.7033040303051911
0.057670391 -0.7034669883407405 -0.0730985246614021 0.07127954438737438 0.7033562600553598
0.05783908200000001 -0.7034354148181958 -0.07340088787734254 0.07160979748442697 0.7033228019498654
0.058023332000000004 -0.7036405857499611 -0.07345311893249912 0.07172243027552903 0.7031006033277963
0.058187967 -0.7037612071600877 -0.07352153012561324 0.07167214264389517 0.7029778459335667
0.058356519 -0.7037587900300285 -0.07366063095475267 0.07179063130249008 0.7029536130926475
0.058520999000000004 -0.7035622343577653 -0.07417591993445735 0.07237912522603764 0.7030358294702334
0.058691035 -0.7036220149973518 -0.07436130641545034 0.07255633359027296 0.7029381442027388
0.058868584 -0.7035859957970481 -0.07458651208475069 0.07272082279431878 0.7029333401293641
0.059048179000000006 -0.7034603332389635 -0.0749169836569124 0.07314880117710813 0.7029795573168738
0.059230409000000005 -0.703452517605396 -0.07520111055242175 0.07333344725511556 0.7029378023409989
0.05938954900000001 -0.7035444483085463 -0.0752724432029618 0.07335079740422239 0.7028363458648423
0.059566585000000005 -0.7036240729272205 -0.07526986348272807 0.07337801738945272 0.7027540666638605
0.059721654000000006 -0.7035371682623023 -0.07551573769043783 0.07369244767667181 0.7027817935817281
0.059897818000000005 -0.7035967133024845 -0.0755690684246986 0.07367304917221229 0.7027184804408041
0.060070069000000004 -0.7034781570178754 -0.07582650284538488 0.07391004220599524 0.7027845542739821
0.060235697000000005 -0.7034841072698433 -0.07613920196761591 0.07418775377921405 0.7027155256088202
0.060400655000000004 -0.703404187816977 -0.07662398996501556 0.07472011977189355 0.7026864282342826
0.060562743 -0.7035039496757638 -0.0767499785702123 0.07469550347828716 0.702575416122851
0.060707356000000004 -0.7034873165431004 -0.07681645644142218 0.07477989432479516 0.7025758285676664
0.060896585 -0.7035324736284099 -0.07699013457709879 0.0749691883141702 0.7024914223900568
0.061090636000000004 -0.703585568024387 -0.07724612346435929 0.07521481493436352 0.702383881144719
0.061266204000000005 -0.7035172664526487 -0.07739595028861136 0.07540678962186752 0.7024152182013419
0.061445002000000006 -0.7034179073259541 -0.07774308120549718 0.0757320003724544 0.7024414033194777
0.06161838 -0.703255007210984 -0.07832636925220968 0.07637522234046218 0.7024700706257099
0.061771857000000006 -0.7032079292883718 -0.07847768710401376 0.07655250864540333 0.702481013432292
0.061968955000000006 -0.7032164489482485 -0.07842175455261444 0.07648329129403296 0.7024862706803149
0.062153636000000005 -0.7032571039286315 -0.07859885265144866 0.07663740137545462 0.702408979759091
0.062331791000000004 -0.7034198104190033 -0.07877570622262946 0.07676828398235934 0.7022119259836185
0.062498183000000006 -0.7035800562462532 -0.07868992806956143 0.07656214322235096 0.7020834978107136
0.062672644 -0.7036065588372638 -0.07901290996675127 0.07692027272945448 0.7019815111974077
0.062846236 -0.7036778480657894 -0.07901248965872086 0.07686391536905018 0.7019162707428639
0.06301896 -0.7038228440439909 -0.07885387461000042 0.07662848862411444 0.7018144665023669
0.063187907 -0.7037588305177842 -0.07917558630835227 0.07693077437853736 0.7018093693835153
0.06337408500000001 -0.7035924186752259 -0.0796328700822164 0.07753510875260063 0.7018579780097511
0.06354148600000001 -0.7034669352552173 -0.07994064609953967 0.07791367104617099 0.7019068484976683
0.06370031500000001 -0.7033381989416996 -0.08028531751730153 0.07832635152438945 0.7019505882592233
0.063869707 -0.7033191956434954 -0.08037092709436497 0.07843671421355781 0.7019475087075664
0.06405590600000001 -0.703256126558983 -0.08053833780460341 0.07872387444886515 0.7019593636334557
0.064241105 -0.7032213973791405 -0.08084885698454398 0.07903527193861246 0.7019234676102594
0.064401336 -0.7032360274347742 -0.08104483352752082 0.07925047334008455 0.7018619430854092
0.06456753400000001 -0.7033276702697171 -0.08108093136331533 0.07928218497378264 0.7017623571751422
0.064734374 -0.703146541975548 -0.08146308128593421 0.07990310561879851 0.7018291819294071
0.064916502 -0.7032344410296064 -0.08139385295516025 0.07976894495581587 0.7017644028244283
0.065094126 -0.7031571186741141 -0.0815192534456276 0.08012825347784272 0.7017863925513058
0.06527279200000001 -0.7031778302434135 -0.08155878224299665 0.0802039868923909 0.7017523954927188
0.065438232 -0.7032393830085472 -0.08161662828080948 0.08021209255730144 0.7016830597794197
0.065606565 -0.7031979339216098 -0.08192018799950584 0.08054485175862679 0.7016511065919339
0.065760438 -0.7028798525338046 -0.08267195202993155 0.08150234859069547 0.7017710655362034
0.065963187 -0.7027876801441046 -0.08298707579471053 0.08188691803078801 0.7017814150746151
0.066144282 -0.7026536694182286 -0.08343631470048925 0.08248026596479005 0.7017928526058647
0.066322438 -0.7025257775697157 -0.08391961997770035 0.08303440947302695 0.7017979168366989
0.066503404 -0.7025312129056255 -0.08409498930401144 0.08321090736252976 0.7017505771734094
0.066674042 -0.702487464896145 -0.08452097108937685 0.08354857645328931 0.7017030728752189
0.06685287200000001 -0.7025912848811152 -0.08461452880045028 0.08355897647472388 0.7015866057554675
0.067029746 -0.7025417694156186 -0.08492087872921397 0.08395468892316238 0.7015519344924114
0.067211912 -0.7027094271883585 -0.08477564097740017 0.08372025022424154 0.7014295911492971
0.067368259 -0.7025524762599972 -0.08506036929892827 0.08424462248213745 0.7014895546325105
0.067532192 -0.7025701977983524 -0.08512975374029412 0.08434424554661277 0.7014514170182232
0.067710175 -0.7026598741807655 -0.08515998075630773 0.08430990179658603 0.7013620458457287
0.067909652 -0.7026248915065656 -0.08526174837987824 0.08445067502020553 0.7013677919517154
0.068085029 -0.7025706581582666 -0.08551541071781224 0.08472137398624743 0.7013585913173846
0.068259631 -0.7026712253638363 -0.08537358881454399 0.08460349200410204 0.7012893472164835
0.068441785 -0.7025819131828437 -0.0857422683515564 0.0849269920011953 0.7012947488152849
0.06860153100000001 -0.7026503361543008 -0.08586161426861744 0.08491358956539805 0.7012132133699093
0.068781308 -0.7029099309716959 -0.0853516157246031 0.0842822416170919 0.7010914593564547
0.06897101700000001 -0.7026884251476361 -0.08597735344199599 0.0849553014834339 0.7011558090813366
0.069154674 -0.7027471698081171 -0.0859227518370428 0.08493190706537224 0.701106459252566
0.06934053600000001 -0.7028928697990867 -0.08571628198240971 0.08471267545917854 0.7010121933356536
0.069523209 -0.7029549114754682 -0.08574266072114549 0.08465178792032285 0.7009541093159148
0.069695245 -0.7029842732202343 -0.08574474419291 0.08473737916837482 0.7009140653603594
0.069875583 -0.7029114500907024 -0.0859037777518956 0.08500325246842298 0.700935433095751
0.070065732 -0.7029569554532783 -0.0858425925293117 0.08499972182547187 0.7008977210530052
0.070238991 -0.7029812286625747 -0.08595474930797743 0.08508543682530097 0.7008492289071216
0.070427749 -0.7025373456582114 -0.08709332539981379 0.08646715239364758 0.7009846376228587
0.070596042 -0.7022299629967159 -0.08785774636003181 0.08734825231062844 0.7010879961120758
0.070770287 -0.7018389294944086 -0.0887004049936457 0.08845031644725825 0.7012352648865325
0.070954641 -0.7019245613595205 -0.08877596150573518 0.08844282164756848 0.701140931709163
0.071124221 -0.7020626436687463 -0.08859077680841833 0.08816674071461107 0.7010608707245715
0.07129673 -0.7021394906634381 -0.08860105449694841 0.0881324789256139 0.7009869149644254
0.071469742 -0.7019887817061476 -0.08914064619883005 0.08870867145834062 0.700996766869912
0.07164820200000001 -0.7020135894608486 -0.08940481024638598 0.08886195255320951 0.700918863710725
0.071841604 -0.7017532770809692 -0.09008829792812104 0.08960590418078304 0.7009973028610587
0.072023584 -0.7016774760058558 -0.09044147891334442 0.0899085779425972 0.7009889486791917
0.072196887 -0.7015994205202488 -0.09063178690989655 0.0902605610215153 0.7009972635119565
0.072380753 -0.7016618911785243 -0.09075272097039203 0.09030650659944797 0.7009131679245658
0.07255602300000001 -0.7013991134712874 -0.09143246544028989 0.09105424772699693 0.7009910925654282
0.072757219 -0.7013336569005224 -0.0916728443526653 0.09125427212368539 0.7009991791193543
0.072959577 -0.7017078533786165 -0.0910396688206734 0.0904889291907831 0.7008064075775144
0.073136693 -0.701731455508226 -0.09115122819469038 0.09055467225957557 0.7007597800108585
0.073315816 -0.701988215806494 -0.0908510884856204 0.09014479993353615 0.7005944187864586
0.073486303 -0.7017161198717788 -0.09158494557783592 0.09096378980820392 0.700665593417665
0.073666148 -0.7017652890021654 -0.09165339869242031 0.09101829783955712 0.7006003162418819
0.07383703 -0.7020094305529457 -0.09114122745722648 0.09048510842801276 0.70049159968203
0.074021284 -0.7023109820605498 -0.09058816771792118 0.08991902915497829 0.7003339464444671
0.07421673200000001 -0.7021690651316684 -0.09110389813601628 0.09044905101325043 0.7003410975284423
0.074391751 -0.7021090116078872 -0.0913824014261906 0.09075858388300515 0.7003249759791017
0.074573229 -0.701868662567639 -0.09178304339038729 0.09130503084733613 0.7004424635853246
0.074733321 -0.7018393636134276 -0.0919988719052035 0.09150179094673827 0.7004178306585349
0.074931327 -0.7021056349706395 -0.09149146043277966 0.0908551918117642 0.7003015951225582
0.07512196 -0.702040481314421 -0.09184862021799005 0.09114112414865785 0.700283006397261
0.07532303 -0.7015856971371258 -0.09302343826236313 0.0923778820410245 0.7004216418815712
0.07550908 -0.7016202453662967 -0.09316752253173094 0.09249670312704429 0.7003521999309091
0.075671396 -0.7016836554451228 -0.09316902433384096 0.09246579682366762 0.7002925510125139
0.075845376 -0.7012812277163912 -0.09427743949172737 0.09365667620416254 0.700389056923267
0.07601780400000001 -0.7013838515938737 -0.09420659714445996 0.09362020990823301 0.7003006968970847
0.076198429 -0.7016846086814368 -0.09356661669727691 0.0929366625069917 0.700176245627817
0.076377339 -0.7014383798668377 -0.09428355630747184 0.09371502473556309 0.7002230390372873
0.076554761 -0.7014049977487044 -0.09445936631855273 0.09395295227245781 0.7002008997474414
0.076722097 -0.7016149351421914 -0.0941664010390474 0.09358543411670467 0.7000792371024581
0.076923005 -0.7016148890328275 -0.09428600735078851 0.09367384701174057 0.7000513600381911
0.077104607 -0.7016161447632053 -0.09452103689546534 0.09388940361422725 0.699989527693656
0.077282218 -0.7015185824200396 -0.09491665324588183 0.09425908202237157 0.6999840947566442
0.077448898 -0.7016204738617361 -0.09478488657759575 0.09412616436345962 0.6999177102465174
0.077614869 -0.7014302234840556 -0.09535705529141753 0.09473087436684088 0.699949094599708
0.07777834700000001 -0.7012425939539132 -0.09594116357675807 0.0952608681787413 0.6999853459538686
0.07798956900000001 -0.7012770413589118 -0.09598294785831352 0.09542661559336059 0.6999225285842114
0.07817378800000001 -0.7013339026445372 -0.09593324415357721 0.09535823251900401 0.6998816879719059
0.078352879 -0.7012210789985586 -0.0963524601226194 0.09581126851615578 0.6998752764755597
0.078530548 -0.700871894933889 -0.09741767554516567 0.09692016122821262 0.6999249000647523
0.078685902 -0.7009177912281531 -0.09740918974191773 0.09695929036382138 0.6998747000040895
0.07887645600000001 -0.7008073926854163 -0.09778324100736126 0.09729455560592623 0.6998865662269925
0.07906305300000001 -0.7007180752384854 -0.0981679563036553 0.09762668728376014 0.6998758899399484
0.079236625 -0.7009248513441508 -0.09782246417000255 0.09721274572312805 0.6997748211681091
0.07939552100000001 -0.7006397954752281 -0.09876327111340626 0.09815243187873295 0.6997969658348777
0.079562165 -0.7001974327534097 -0.10014171455663017 0.09952763860816134 0.6998495847853852
0.07971207100000001 -0.7002563891442286 -0.10022255323947639 0.0995779731065183 0.6997718603636793
0.079892187 -0.7000793697002001 -0.10085556127765026 0.10034191670872587 0.6997489061304488
0.080091255 -0.7003436839892967 -0.10052190290202434 0.0998358817241564 0.6996047941899887
0.080264665 -0.6999523281930626 -0.1016364052945669 0.10104040807684549 0.6996625010042874
0.08044378 -0.6998521256609791 -0.10200167759753985 0.10140367465146073 0.6996570265081867
0.080599851 -0.6999948329308852 -0.10174345155116923 0.1011315818467125 0.6995912428623581
0.080758095 -0.6998307009076207 -0.10230768757573978 0.10167298078622732 0.6995946913092587
0.08095605 -0.700228123750545 -0.10143658960673671 0.10074475884743801 0.6994581378199254
0.081141506 -0.6999782237335055 -0.10220733527473781 0.1015564508066088 0.6994786874626622
0.081339037 -0.6999149179163668 -0.10270215792117848 0.1019133151741292 0.6994176510688571
0.081504481 -0.7002805652224601 -0.10194439639694049 0.1010178964184817 0.6992923956530345
0.081677804 -0.7004786563252432 -0.10148427474530035 0.10051840637082164 0.6992328968182722
0.081840018 -0.7006216779143255 -0.10102232341474714 0.10013342100774068 0.6992117366046482
0.08202345800000001 -0.7009863410810712 -0.10007074817688251 0.09909210309318583 0.6991314254713917
0.082189782 -0.7007356249505823 -0.10088495601797275 0.09986191930324383 0.6991562104762002
0.08236062400000001 -0.7010457690479923 -0.10017901730368226 0.09913508848641359 0.6990502331183136
