0 -0.7067529998956005 0.00035399999994770805 0.0003529999999478558 0.7074602089259648
0.0008119140000000001 -0.32051488433214087 0.6351312924329444 0.6091285063863949 0.3504866794201704
0.001107436 -0.4028603773274098 -0.5867180389128736 -0.5996678237578074 0.36587423977818784
0.001353952 -0.7079683572400708 0.07113972375550057 0.03216334143486569 0.7019155675053641
0.001538405 -0.2779302223932981 0.6548823895338108 0.6309111763977945 0.30957217580574514
0.001734436 -0.44066479577965567 -0.5588652579601003 -0.574262655982002 0.4046066745429531
0.0019133770000000002 -0.7017268380900219 0.11766999722780828 0.07836340419318762 0.6982781627023312
0.00208733 -0.2341359792227525 0.671782772183939 0.649949003334762 0.26730981402097104
0.0022359890000000003 -0.4765499981280092 -0.5285809770788884 -0.5463583247670566 0.4415821872962099
0.002377506 -0.6924307746041523 0.16368693764352288 0.12422388741114215 0.6916029448671359
0.0025128050000000003 -0.1893226994891539 0.6857589586882873 0.6661589798216154 0.22388337624100427
0.002667276 -0.5103598416910197 -0.49599700358804216 -0.5160760507838159 0.4766396027952042
0.002811769 -0.6801206963921883 0.2089902689036293 0.16954521842245268 0.681918853681357
0.002982081 -0.14368534541557473 0.6967501881969339 0.6794703727585573 0.17948170392371787
0.0031317750000000003 -0.5419472153071431 -0.461255163776617 -0.483547430201701 0.5096261068750206
0.003291618 -0.6648502498399169 0.2533828273254025 0.21413016610668725 0.6692679267685316
0.0034424480000000003 -0.09742244812172796 0.7047086801459025 0.6898250235714555 0.13429787677376875
0.0035821100000000003 -0.5711746811478099 -0.4245066835149635 -0.4489138591482857 0.5403979111659258
0.0037184590000000003 -0.6466859638065836 0.29667141999284163 0.2577846993164978 0.653705116029093
0.003879477 -0.05073524481584431 0.7095998275673198 0.6971775837108601 0.08852837439723368
0.004030257000000001 -0.5979150740164584 -0.3859115281635205 -0.41232591576662614 0.5688208783955933
0.004189202 -0.6257069591919904 0.3386676657499714 0.3003188312339223 0.6352980477534382
0.004343889 -0.0038268141653742065 0.7114022088026236 0.7014955651017885 0.04237222735370448
0.004484364 -0.6220520556033007 -0.3456377046399642 -0.37394270255520073 0.5947711055999613
0.0046304530000000005 -0.6020046036362074 0.3791888151701478 0.34154744596833464 0.6141267275546621
0.0047888720000000004 -0.007203009490070598 0.029246773033639293 -0.022824911722275406 0.9992856263266936
0.00497091 -0.6434806213467742 -0.3038605286674708 -0.333931151842243 0.6181354627369896
0.005137509 -0.5756821128539232 0.4180585459235264 0.38129110378215203 0.590283191403495
0.005274089 -0.08972973706265064 -0.7061498486689565 -0.7004886067844269 0.05114646360694539
0.005422473000000001 -0.6621075577464505 -0.2607618603772416 -0.29246529740330807 0.6388120843821046
0.005572906000000001 -0.5468541003385335 0.4551077300691566 0.41937682141925586 0.5638711042838305
0.0057091730000000005 -0.13609415514798895 -0.6986774506442355 -0.695616953792222 0.09718556227226299
0.0058913820000000006 -0.6778518481774748 -0.21652931157618632 -0.24972551537682117 0.6567108123811379
0.006052653000000001 -0.5156460773971486 0.4901751699172064 0.45563882411476403 0.5350053082170884
0.006193141 -0.18186431872467257 -0.6881654245788175 -0.6877205273255494 0.14280784939309418
0.006345535 -0.6906450254721997 -0.17135542811474028 -0.20589773776580902 0.6717535875446532
0.006501304 -0.4821939056961707 0.523108299240103 0.48991926598287894 0.5038113216265899
0.006642671 -0.2268411844296124 -0.6746594916821107 -0.6768332967404844 0.18781444286558932
0.006791040000000001 -0.7004314697593618 -0.12543685089940776 -0.1611726419341294 0.6838747886853227
0.006950607 -0.4466432047070391 0.553763846758116 0.5220689156113203 0.47042479222859784
0.0071113850000000004 -0.27082912259415004 -0.658218332158467 -0.6630022021368887 0.23200914494313815
0.007252740000000001 -0.7071686502837292 -0.0789734591891031 -0.11574481961136528 0.6930215175262086
0.007396482 -0.40914871664267793 0.5820084589842599 0.5519478038356408 0.4349909058440465
0.007538896000000001 -0.3136367802282534 -0.6389134153129578 -0.6462870304080384 0.2751992982982332
0.007670357000000001 -0.7108273101682967 -0.03216749989313849 -0.06981192901150395 0.6991538282411898
0.007837687000000001 -0.3698736316666553 0.6077192796841774 0.5794258308233768 0.3976637537239357
0.008014323 -0.3550779210282966 -0.6168286952310922 -0.6267601611081937 0.3171966271625102
0.008162945000000001 -0.7113915933256862 0.014777293348618397 -0.023573833746030576 0.7022449006281352
0.00831027 -0.32898887633885965 0.630784483386548 0.6043833297644914 0.3586056611717858
0.008474474000000001 -0.3949722416303567 -0.5920602445067746 -0.6045062499922942 0.357818058602149
0.008634332 -0.7088591129741276 0.06165658747666036 0.022768267728270723 0.702281156159569
0.008770539 -0.2866723684338973 0.6511037605633443 0.6267115846358234 0.31798648042885896
0.00893477 -0.43314616089426067 -0.5647158338474221 -0.5796218576664812 0.3968865204264021
0.00910297 -0.7032409614651017 0.10826633985748459 0.06901271834301508 0.6992623164033585
0.009277073 -0.24310824143292842 0.6685887522714561 0.6463132996682602 0.2759828509633592
0.00944785 -0.4694335789789914 -0.5349144605078087 -0.5522150261119969 0.4342317124235288
0.009610214 -0.6945616613831505 0.15440368679481317 0.1149582805224763 0.6932014035562221
0.009769603 -0.1984860421520526 0.683163432154003 0.6631030182424571 0.23277743047722343
0.009921175 -0.5036766030694256 -0.5027858279086762 -0.5224048052647119 0.4696908477140458
0.01009428 -0.682859058132412 0.19986782684124516 0.1604050123367907 0.6841246830844364
0.010248041000000001 -0.15299990515362594 0.6947644335137264 0.6770074887442635 0.1885581001257253
0.010411100000000001 -0.5357262367362042 -0.4684697788088705 -0.49032073184261815 0.5031093611096981
0.010554597 -0.6681841544778627 0.24446089506597382 0.20515513788830186 0.6720715487179679
0.010711724 -0.10684770790628291 0.7033413174741685 0.6879659731958561 0.1435171476875933
0.010874328 -0.5654430300471133 -0.4321156845349956 -0.4561022627463532 0.5343415814823215
0.01104269 -0.6506008877610459 0.287988824471628 0.24901390813748422 0.6570943502951568
0.011215826 -0.06023021191827325 0.7088567656704191 0.6959304817300108 0.09785043303621511
0.011369738 -0.5926976876992206 -0.39388179293571585 -0.4198981655208176 0.5632513652812073
0.011517237000000001 -0.6301858507589625 0.33026219080716507 0.29179044841339263 0.6392581652040915
0.011661505 -0.013350207568630914 0.7112865169885458 0.7008657467626015 0.051756544527469764
0.011833910000000001 -0.6173716326061708 -0.3539345378940246 -0.38186586853451226 0.5897126884893796
0.0120081 -0.6070279573999311 0.3710970370937572 0.333298588908177 0.6186405144127594
0.012167805 -0.0078998322773375 0.02268566824293549 -0.02964677651736718 0.9992717408817243
0.012318448000000001 -0.6393575225535845 -0.31244781339142436 -0.3421707736983551 0.6136101944769956
0.012488810000000001 -0.5812280547904061 0.4103156742664518 0.3733576745255194 0.5953310243220276
0.012638566 -0.08027028010722564 -0.7072909207206823 -0.7011050211587281 0.04177462053845172
0.012787986000000001 -0.6585597177270199 -0.26960221526924977 -0.3009855347033874 0.6348396953919759
0.012956619 -0.5528984832411138 0.4477474544355491 0.4117933505385799 0.5694310359124866
0.013114013 -0.1267307289535586 -0.7004400746057696 -0.6968504420861106 0.08787380663047366
0.013281586000000001 -0.6748946971199767 -0.22558425397196827 -0.25848930390425395 0.6533086249226865
0.013441452000000001 -0.5221625862084943 0.48322951338768627 0.4484383206136636 0.541053162887322
0.013612141000000001 -0.17263762232990607 -0.6905414413369689 -0.6895653422782433 0.13359678845670694
0.013774621 -0.6882914220430709 -0.18058554168384744 -0.21486695111107748 0.6689364404734714
0.013984332 -0.489154172287502 0.5166074790768895 0.4831330738708762 0.5103208007378016
0.014146009000000001 -0.21779134614460993 -0.6776385230047741 -0.679281446189104 0.17874423375644036
0.014298044000000001 -0.6986916451784698 -0.13480195738280504 -0.17030825767505112 0.6816549730097681
0.014453051000000001 -0.45401693160360573 0.5477361429995699 0.5157265777817488 0.4773675888750615
0.014593866 -0.26199550796422977 -0.6617874167412837 -0.6660431036775454 0.2231193287682922
0.014738074 -0.7060501638547275 -0.0884327934327425 -0.12500708936176172 0.6914087230541445
0.014898843 -0.4169038091547554 0.5764800915037676 0.54607693384545 0.44233682818094733
0.015076491000000001 -0.3050578185422113 -0.6430570294427294 -0.6499075231684328 0.26652862878241845
0.015232200000000001 -0.7103350164551283 -0.04167988741761764 -0.07916055160024554 0.6981551015466123
0.015373739 -0.3779763378476664 0.6027142942500961 0.5740519931381755 0.40538085653151756
0.015527601 -0.3467909367583547 -0.6215288136542847 -0.6309445566508634 0.3087829018733111
0.015677059 -0.7115276211161811 0.005253257013564801 -0.03296813077440505 0.7018646145208344
0.015846579 -0.3374039341570173 0.6263246472172154 0.5995299289920765 0.3666603850391517
0.016018749000000002 -0.3870132909618525 -0.5972964173442494 -0.6092363992364428 0.34969795426931843
0.016202093 -0.7096228561209088 0.05216235647208309 0.013369174713683627 0.7025209907911162
0.016336692 -0.29536315951134157 0.6472084678207971 0.6223997642235397 0.3263437979437669
0.016483077000000002 -0.42554987398021493 -0.5704652753934849 -0.5848772298295835 0.38909543319661005
0.016629701 -0.704629081642794 0.09884323747342821 0.05964972983226189 0.7001212520921969
0.016773820000000002 -0.25203695067785725 0.6652749398718295 0.64256185047594 0.284606419261673
0.016945331 -0.4622330085718178 -0.5411521486116333 -0.5579727984300606 0.42680360375836424
0.017112046000000002 -0.6965681027493653 0.1450927255318985 0.10567214095339668 0.694675725363735
0.017259267000000002 -0.2076138225875199 0.6804455061680833 0.6599282972997929 0.2416297494769169
0.017392473000000002 -0.4969030801605418 -0.5094846132249253 -0.5286399628205672 0.4626580965913052
0.017549033000000002 -0.6854750738284734 0.1907095298385248 0.15123613271070313 0.6862079971227788
0.017692808 -0.16228704724019855 0.6926542062112319 0.6744233482821064 0.197600675749437
0.017864902000000002 -0.5294092338072417 -0.4756005033407742 -0.4970061769640436 0.4965026231571307
0.018051845 -0.6713983448539393 0.23549511967237458 0.19614341986295028 0.6747548101193888
0.018208385 -0.11625381269412505 0.7018479544534747 0.6859836994270506 0.152710659378213
0.018361055 -0.5596100325067123 -0.4396473089137103 -0.46320893345522357 0.528189655644342
0.018512973000000002 -0.6543992501594645 0.27925458872934217 0.24019857036412662 0.6603659027217811
0.018659755 -0.06971436754456838 0.707986740642747 0.6945587409818382 0.10715490493905756
0.018822792 -0.5873740740471438 -0.40178153186555415 -0.4273951624995257 0.5575810685888009
0.018996141 -0.6345518406392697 0.32179750360307613 0.2832098558757704 0.64310379172683
0.019171068000000003 -0.02287116821524584 0.7110435840573336 0.7001105502597388 0.06113151976053613
0.019340124 -0.6125805638315361 -0.3621680031679192 -0.3897205900497556 0.5845487394705925
0.019496746000000002 -0.6119425605399325 0.3629387327194515 0.3249900860086894 0.6230434995384184
0.019643515 -0.008422872558194485 0.016109082378540918 -0.03646846825432333 0.9991694490758585
0.019804754 -0.6351198412366145 -0.3209791638527968 -0.3503490578930455 0.6089751057097911
0.019980788000000003 -0.586669870249134 0.4024992521086167 0.3653574226483452 0.6002722268989963
0.020147154 -0.0707963070493743 -0.7083043504121609 -0.7015950973646431 0.032395585811526406
0.020294878000000002 -0.6548938572737707 -0.2783943130684571 -0.30945180863795313 0.6307536756630667
0.020434605 -0.5588438167226825 0.4403069244967142 0.40413617080074826 0.5748889725977662
0.020576913000000002 -0.11734451833547846 -0.7020771917211487 -0.6979591356260018 0.07854656945330124
0.020722581 -0.6718166015173704 -0.23459882643911092 -0.26720673870048905 0.6497894914154173
0.020902142000000002 -0.5285855534202396 0.4761972483123527 0.4411575424933018 0.5470041018113203
0.021065292000000003 -0.16337992487403902 -0.6927937780808333 -0.6912867036084706 0.12436203900831555
0.021227428000000003 -0.6858144764774067 -0.18978334811567624 -0.2237976225256761 0.665999541365115
0.021376911000000002 -0.4960268118418879 0.5100140733302041 0.4762603903770335 0.5167388649584119
0.021526103 -0.2087024226703025 -0.6804961934422826 -0.6816079772910298 0.16964223412974852
0.021703738 -0.6968266178146315 -0.14414296002011837 -0.17941331140644087 0.6793131208140278
0.02187725 -0.4613093269712141 0.5416102798149026 0.5092919078024175 0.4842248691692062
0.022038845 -0.2531148929549441 -0.6652379803717622 -0.6689647451682728 0.21418975914582006
0.022195476000000002 -0.7048051590258425 -0.09787633188628876 -0.134246910373136 0.6896721389984313
0.022344431 -0.4245842191354552 0.5708484181817027 0.5401082922795117 0.44960350468015436
0.02251736 -0.29642414501110254 -0.6470854769468473 -0.6534116326603441 0.2578104164533741
0.022662632000000002 -0.7097154394636317 -0.051184855785275714 -0.08849493672394008 0.6970313712260464
0.022795724 -0.38601133498893664 0.597601306354393 0.5685753693828666 0.41302532866825836
0.022969917000000003 -0.33844176669482695 -0.6261176209895578 -0.6350159530196087 0.3003140518606317
0.023118759000000003 -0.7115361547974715 -0.004271768892450648 -0.04235646384814716 0.7013586550221323
0.023287702 -0.34575855051249255 0.6217525821723809 0.5945691743193585 0.3746494092328184
0.023452348 -0.3789849507810562 -0.6024256194544818 -0.6138574263380554 0.3415153837700429
0.023595925 -0.7102594492701428 0.042658731693713856 0.003967745939563216 0.7026350294298253
0.023742033000000003 -0.3040010390993743 0.6431972083697274 0.6179764885350438 0.33464263241924436
0.023926529000000002 -0.4178772955652264 -0.5761125525947622 -0.590027832999761 0.3812348107859255
0.024072153000000002 -0.7058909493542193 0.08940237823463758 0.050276115785705566 0.7008548168563487
0.024241205000000002 -0.26092050796971933 0.6618419277964064 0.6386953288727958 0.2931789753598476
0.024389498000000003 -0.4549495765612955 -0.5472929238409426 -0.5636306120296164 0.4192991940926054
0.024540758000000003 -0.698449738666143 0.13575572187041243 0.09636713210347228 0.6960256471061356
0.024678138000000002 -0.21670440632912089 0.6776056666011555 0.6566353868309602 0.2504387487856074
0.024841357 -0.4900404861178832 -0.5160921593155495 -0.534780408037473 0.4555426112808136
0.024998217000000003 -0.6879682742493878 0.1815170185055349 0.14204022197781177 0.6881684234930876
0.025152347000000002 -0.1715451088928499 0.6904198827537205 0.6717184151213791 0.2066078123564798
0.025311473 -0.5229973378808778 -0.48264605971530594 -0.5036025693024466 0.4898070784452821
0.025466062 -0.6744922445920368 0.2264871072067402 0.18709662634991625 0.6773172311760579
0.025610839000000003 -0.1256390787722856 0.7002288551504295 0.6838785565704939 0.16187676652818808
0.02575681 -0.5536767331618828 -0.44710020713170023 -0.4702325993861922 0.521943237499649
0.025939543000000002 -0.6580803699966622 0.27047027728877837 0.23134026517651546 0.6635191881130913
0.026114605000000003 -0.07918601507440617 0.7069898955385592 0.6930625972511242 0.11644012534723999
0.026272861 -0.581945186417718 -0.40960932945692574 -0.4348155647415154 0.5518110057868747
0.026434337000000002 -0.6388041461706464 0.31327512031117516 0.27457859079129604 0.6468342392798326
0.026564745 -0.032388000572683415 0.7106733443957115 0.6992300020334858 0.07049547828866888
0.026715333 -0.6076797072060409 -0.37033662516085003 -0.39750546092348993 0.5792801852103351
0.026897746 -0.6167475321518309 0.3547153632725099 0.3166234257438284 0.6273348950448607
0.027078968000000002 0.014551220005317736 0.7112589116662296 0.7023484363689755 0.02424270409704257
0.027234919000000003 -0.6307683361556663 -0.3294530513774617 -0.3584645401670479 0.6042310282730947
0.027380643000000003 -0.5920065839267342 0.39461067936815225 0.3572917814553303 0.605105914838392
0.027510992 -0.06130896409129888 -0.7091875805630926 -0.7019589816574813 0.02301104067564772
0.027665715 -0.6511106326766797 -0.28713657839009704 -0.3178626032516329 0.6265547585896194
0.027822051 -0.5646890353354064 0.4327874727723257 0.39640665411002585 0.5802439374899421
0.027999605 -0.10793720200129464 -0.7035884580791355 -0.6989427908638747 0.06920552616405819
0.028165612000000003 -0.6686181123339717 -0.24357141374727112 -0.2758762587233625 0.6461540436240907
0.028308157 -0.5349138280875125 0.4690796340153243 0.43379779429538845 0.5528570598441337
0.028444601000000003 -0.1540928836299569 -0.6949220245590841 -0.6928842994534695 0.11510525855117501
0.028587088 -0.6832146320174096 -0.19894719937192815 -0.23268815268486112 0.6629434176111374
0.028727548000000002 -0.5028105929374692 0.5033292626509834 0.4693024470135365 0.5230643654911444
0.028898661000000003 -0.19957604136942847 -0.6832319897661897 -0.6838124748631738 0.1605100774048719
0.029081631 -0.69483672126116 -0.15345818514470969 -0.18848617249055027 0.6768496528269261
0.029246766 -0.4685190842818018 0.5353873540474502 0.5027660588088727 0.49099540566844674
0.029408052 -0.24418886781032498 -0.6685694047608516 -0.6717666057609508 0.20522203845533346
0.029553313 -0.7034338582926506 -0.10730238254519062 -0.14346262779940636 0.6878120775998123
0.029700007 -0.4321885706486106 0.5651144472846598 0.5340429488926037 0.4567896346029972
0.029855498 -0.2877373057846505 -0.6509980362721607 -0.6567987337759045 0.2490462257064536
0.030011006000000003 -0.7089686896269802 -0.06068070202321857 -0.0978134125370899 0.6957828396789192
0.030176635 -0.393977183746741 0.5923812313029747 0.5629969412914234 0.4205958017674403
0.030334225000000003 -0.3300319061229072 -0.630594295312193 -0.6389736233322375 0.2917915967315301
0.030481386000000003 -0.7114171922639662 -0.013796077844876568 -0.05173715140417597 0.7007271138149307
0.030621836000000003 -0.35405122893092456 0.6170691066156652 0.5895019552019907 0.382571303720032
0.030784713000000002 -0.37088865896755463 -0.6074469320423547 -0.6183685057364066 0.3332718153092836
0.030954541000000002 -0.7107687777914505 0.03314741578620109 -0.005434334636518283 0.702623252648723
0.03112213 -0.3125844601192771 0.6390707000647786 0.6134425508866165 0.3428814983864664
0.031274397 -0.4101297998385357 -0.5816566537647055 -0.59507274651801 0.3733060636073803
0.031427898 -0.7070263379484532 0.07994545349174206 0.040893555222915184 0.701462880249213
0.031573757 -0.2697573223737701 0.6582903302423456 0.6347144285758458 0.30169898482405005
0.031715318 -0.44758458744440316 -0.5533356860218218 -0.5691874551678391 0.4117198299103534
0.031892311 -0.7002062314543085 0.12639434850254833 0.08704492074428828 0.6972509278906774
0.032054867 -0.22575616553069083 0.6746444212415067 0.6532248778753423 0.25920285168985013
0.032215607 -0.4830900500523405 -0.5226072823165181 -0.5408250425073516 0.4483456684803271
0.032387286 -0.6903382121637612 0.1722919395933662 0.13281892740608767 0.690005611910721
0.032526643 -0.18077243247673824 0.6880618620638966 0.6688931748255347 0.2155778978297567
0.032681417000000004 -0.5164916973201543 -0.48960518554271654 -0.510108728582782 0.48302392833298685
0.032840965 -0.6774652988618851 0.2174384713098547 0.1780163779439012 0.6797583537419029
0.033017888 -0.13500182603427666 0.6984843070030717 0.6816509217366139 0.17101382867417572
0.033173541 -0.5476441946207705 -0.45447304378035536 -0.4771720035521016 0.5156034478442788
0.03333398 -0.6616435872656722 0.261637463655899 0.22244057944367104 0.6665536424616226
0.033483428 -0.08864345965183716 0.7058664008952484 0.6914423133745711 0.12570443275858406
0.033630006000000004 -0.5764119970330644 -0.4173637831067063 -0.44215804403548326 0.5459422122359607
0.033771858 -0.6429420050499062 0.3046965674533928 0.2658981993989286 0.6504488404551794
0.033946741 -0.041899005116306995 0.7101758193926534 0.6982242176191568 0.07984674579940108
0.034106865 -0.6026699403302281 -0.378438940191228 -0.4052190875169936 0.5739079711331085
0.034267338 -0.6214420109624733 0.34642840164679084 0.3082001069963039 0.6315139330348536
0.034425679 0.005028024253718987 0.7113910746186063 0.7019638820982562 0.03364024795865383
0.034577372 -0.6263037864677607 -0.33786795758631977 -0.36651576753429865 0.599378813546473
0.034726316 -0.5972372393376426 0.3866513689009486 0.3491621959543507 0.6098312231023618
0.034900279 -0.006399502365216752 0.03533071661048463 -0.016484492114231673 0.9992192051212688
0.035064421000000005 -0.6472107212572222 -0.2958274447756238 -0.32621641254795547 0.6222436978067508
0.035227309000000005 -0.5704330915538341 0.42519044593253325 0.3886061853169996 0.5854949721821948
0.035375128 -0.09851046061236304 -0.7049735057740507 -0.69980114323846 0.05985235577049724
0.035528497 -0.665299802108124 -0.2525004081848453 -0.2844963115322377 0.6424029341652773
0.03567853 -0.5411462762142732 0.46187794512216923 0.4263603946943961 0.5586109893881706
0.035839259000000005 -0.14477816099819446 -0.6969257889212 -0.6943578364832951 0.1058281086932813
0.036006296 -0.6804923539277593 -0.2080754534930018 -0.2415369494708643 0.6597686179750963
0.03618345 -0.5095043000537897 0.49655424407584176 0.4622604905498936 0.5292961701141369
0.036328522 -0.19041383626534258 -0.6858454198806062 -0.6858945449418631 0.15134940245484282
0.036478764000000004 -0.6927223114862769 -0.16274596370229014 -0.19752521607092838 0.6742650115764856
0.03664042 -0.4756449117919767 0.5290684799390677 0.49615020025181 0.49767798646150874
0.036791225000000004 -0.23521903087528478 -0.6717810927877379 -0.6744481859302984 0.1962177759414075
0.036959918 -0.7019365067805675 -0.1167092565309668 -0.15265259112518498 0.6858288732305526
0.03712987 -0.4397155013615298 0.5592792054149096 0.5278819907412253 0.4638939316304431
0.037292625 -0.2789988565120975 -0.6547940065831419 -0.6600682223602116 0.24023762919940084
0.037446323000000004 -0.7080949001644886 -0.0701657247848645 -0.10711431005565614 0.6944097316721933
0.037594583 -0.40187245714032455 0.5870550035951828 0.5573177088108887 0.42809092070756705
0.03774901 -0.32156286118274063 -0.6349580347829914 -0.6428168611097943 0.28321706572066085
0.037915765000000004 -0.7111707542532342 -0.023317963438759026 -0.06110851325939343 0.6999701050883352
0.038086025 -0.36228048400644886 0.6122750588794988 0.5843291801415795 0.3904246504812303
0.038232765 -0.36272586556272457 -0.6123594556513503 -0.622768831608763 0.3249687280437059
0.038387719 -0.7111507498551092 0.023630112781717196 -0.014835382949695278 0.7024856635677561
0.038540181 -0.32111188521784073 0.6348296814208896 0.6087987643931095 0.351058921105483
0.038691764000000003 -0.40230877440390483 -0.587096585714589 -0.6000110687026939 0.36531061430212813
0.038863203000000006 -0.7080350434333766 0.07047415748386726 0.031503728757357984 0.7019453343136898
0.039041192 -0.278545811294598 0.6546207826765703 0.6306198637746254 0.31016492261811257
0.039202092 -0.4401393603259542 -0.5592793525531076 -0.5746423342323722 0.4040668711468388
0.039350485000000004 -0.7018372658529238 0.11701028249728791 0.07770717672078825 0.6983513491588016
0.039515488 -0.2347674792604883 0.6715622996865315 0.6496973825517297 0.2679204895008157
0.039660581 -0.47605301681149015 -0.5290288149334538 -0.5467727850253344 0.4410685595029938
0.039829627 -0.692584462420189 0.16303594569903326 0.12357390080273174 0.6917192341726922
0.040004513000000005 -0.18996736580859455 0.6855805653912843 0.6659481346257271 0.2245093266653878
0.040179123000000004 -0.5098934772844389 -0.496476633927126 -0.5165234907305922 0.4761543898949418
0.040335879000000005 -0.6803169744787596 0.20835083291200351 0.16890430122472816 0.6820777414038385
0.040489265 -0.14434037830826524 0.6966146204979902 0.6793011945004886 0.18012021051257557
0.040627125 -0.5415134972737793 -0.46176449780155965 -0.484025904093192 0.5091714242220727
0.040772806 -0.6650882630763125 0.2527577300379033 0.2135011074393423 0.6694687230496125
0.040950864000000003 -0.09808500865981279 0.7046164527075729 0.6896981771633154 0.13494616928961647
0.041116061 -0.5707754968056015 -0.42504350335647506 -0.44942128615863414 0.53997574100337
0.041274623 -0.6469646754698644 0.29606338162663365 0.25717023672947664 0.6539469485986767
0.04142796 -0.05140248131596231 0.7095510777458756 0.6970933598985015 0.08918364952350852
0.04157269 -0.5975521603212243 -0.38647349645929685 -0.4128600889805078 0.568433061252057
0.041719729000000004 -0.6260251554846052 0.3380793321408761 0.2997216387892518 0.6355798657385521
0.04189918 -0.004495986632033849 0.7113952569538722 0.7014523905951294 0.04303170054150045
0.042079281 -0.6217269915875143 -0.34622237466769573 -0.37450129854276354 0.5944193322990671
0.042244891 -0.6023608989858719 0.3786227462475916 0.34097012259784626 0.6144473060664533
0.042410552000000004 -0.007257604262934675 0.028786594797909744 -0.023303945194838298 0.9992875212360706
0.042563209000000005 -0.6431948212470501 -0.3044653549736909 -0.33451174075962387 0.6178212670556843
0.042698230000000004 -0.5760749559629875 0.41751720455678015 0.38073616197080923 0.590641136882597
0.042883684000000005 -0.08906597355759707 -0.7062318841741402 -0.7005338541813528 0.05048874156961361
0.043059449 -0.6618622648496837 -0.2613842098473056 -0.2930653535665439 0.6385368363906871
0.043230912 -0.5472817809569194 0.4545934713316537 0.41884667626171673 0.5642648605811663
0.043380943000000005 -0.13543742413837392 -0.6988046953327834 -0.695707037616513 0.09653225492356857
0.043525374000000006 -0.6776481294123473 -0.21716647489243474 -0.2503424282584878 0.6564757124944867
0.043680133 -0.5161067337900372 0.4896902308127472 0.4551357827900461 0.5354331633840703
0.043842178 -0.18121744774252857 -0.6883360125956997 -0.6878538145504782 0.1421618533252069
0.044019796 -0.6904837667694753 -0.17200463155018902 -0.20652882336383893 0.6715596613108823
0.044192737 -0.4826855327749222 0.5226547889306175 0.48944551768806616 0.5042714153858529
0.044374355000000004 -0.22620698830700647 -0.6748724685389532 -0.6770090074978287 0.18717858742820798
0.044522572 -0.7003133722010755 -0.12609526839399593 -0.16181515446174208 0.6837228823347744
0.044681194 -0.4471636627895867 0.5533437373265491 0.5216265219893693 0.47091512409383385
0.044854002000000004 -0.27021036206187005 -0.6584727078679072 -0.6632195153008147 0.23138620757141298
0.045025132 -0.7070942270579198 -0.07963822465494312 -0.11639596345628966 0.6929122943003349
0.045188574 -0.40969574080810456 0.5816235767562543 0.5515386899226393 0.43550934385543144
0.045339895000000005 -0.31303614859825124 -0.639208057785393 -0.6465449803970331 0.2745919974165613
0.045485564000000006 -0.7107968843424826 -0.032835719694622977 -0.07046887091187848 0.6990877655174358
0.045619081000000006 -0.3704448416684169 0.6073712971143573 0.5790517765229476 0.39820804376439684
0.045783135 -0.3544980325088583 -0.6171623103224527 -0.6270576180128328 0.3166076118167985
0.045972095000000004 -0.7114052964487093 0.014108527794524655 -0.024233715129657354 0.7022222878534697
0.046159468 -0.32958178704351754 0.6304749114792759 0.6040459618212498 0.3591734368297746
0.046328474 -0.39441562003014274 -0.5924313739308237 -0.60484191701075 0.357249897484698
0.046466943000000004 -0.7089168845124558 0.06099018703497776 0.022108318295209924 0.7023020936017569
0.04661523 -0.28728440076072587 0.6508339417172875 0.626412368999369 0.31857527337720665
0.046793737 -0.4326152286815898 -0.5651228586003723 -0.5799942739196422 0.3963416909449372
0.046975222000000004 -0.7033425490760216 0.10760520499984236 0.06835557265205636 0.6993267147255331
0.047148772000000005 -0.24373673379362465 0.6683598532345787 0.6460535339362204 0.2765901018362182
0.04731283 -0.4689306467560659 -0.5353556066510724 -0.5526225717840276 0.4337125900461883
0.047469041000000003 -0.694706622023706 0.15375069496931915 0.11430679821823231 0.6933089842167071
0.047610673000000006 -0.19912826245794563 0.682976436193612 0.6628838232875726 0.23340050026269882
0.047758046000000005 -0.5032038595202964 -0.5032591736903217 -0.5228457080812041 0.4691996957038762
0.047937067 -0.6830467599993052 0.19922581994251656 0.15976202846596635 0.6842749795601984
0.048129092000000005 -0.15365306367583836 0.694620128937064 0.6768297966523316 0.18919428220063408
0.048292408 -0.5352857390997394 -0.4689732627248066 -0.49079307450024356 0.5026483207211202
0.048458783000000005 -0.6684137797699603 0.24383266705972875 0.20452345055646545 0.6722639085464885
0.048608877 -0.10750897212219905 0.7032402712942079 0.6878305002383567 0.14416368101189148
0.048754006 -0.565036695160338 -0.4326471141418824 -0.45660399111275696 0.5339126626747775
0.048942557000000005 -0.6508714362525762 0.287377109227476 0.248396266327141 0.6573279379259701
0.049124433 -0.060896729007823155 0.7087992213706368 0.6958376246068132 0.09850451888015314
0.049280153 -0.5923272836519169 -0.39443885430764997 -0.42042709750121005 0.562856437996506
0.049444468000000005 -0.6304961441679965 0.32966965019217076 0.29118954001607683 0.6395319656477289
0.049608305000000005 -0.014019183781184056 0.7112715878487609 0.7008147555759158 0.05241538383253492
0.049773119000000005 -0.6170387710438872 -0.35451480564785465 -0.38241970353321414 0.589353474533836
0.049958299000000005 -0.6073766445333428 0.3705262493780084 0.33271702902214023 0.6189533376713954
0.050125417000000005 -0.007942233597607063 0.02222430927851704 -0.030125891294764933 0.9992674267987619
0.050299566000000004 -0.6390636516629031 -0.31304876121948677 -0.34274710261696106 0.6132882600453828
0.050458515 -0.5816136174431968 0.40976912289012435 0.3727979940690923 0.5956815105827648
0.050610805 -0.07960540859126193 -0.7073628940945546 -0.7011403689946201 0.04111637311242731
0.050775282000000005 -0.6583061159336537 -0.27022122692414285 -0.30158185042273417 0.6345564442667848
0.050953737000000006 -0.5533192428248135 0.44722751718478715 0.41125798522731494 0.5698176614809772
0.051138732000000006 -0.12607234452819668 -0.7005583795951851 -0.6969316378566129 0.08721936643566915
0.051313548 -0.6746824675270787 -0.22621863465020578 -0.2591030121993682 0.6530652923788614
0.051463486 -0.5226167110803762 0.48273845202378274 0.4479296003467588 0.5414742468363077
0.051632483 -0.17198852224230185 -0.6907033172329274 -0.6896899313056782 0.1329490789576181
0.051797302 -0.6881214876338554 -0.18123252975574192 -0.21549538194859247 0.6687340879155202
0.051982234 -0.4896396857496228 0.5161474294593956 0.4826532125687446 0.5107745122422601
0.052152176 -0.2171543537845925 -0.6778429773171848 -0.6794486136264157 0.17810609503408648
0.052320507 -0.6985647448039087 -0.13545873641569692 -0.1709486768421508 0.681494483364837
0.052480154 -0.4545317205383123 0.5473091057383995 0.5152776637112318 0.47785195520301105
0.052632899000000004 -0.2613733962395576 -0.662033481034312 -0.6662520506074364 0.22249354916103817
0.052785582000000004 -0.7059668490237062 -0.08909650445415193 -0.12565671037500264 0.6912907969412821
0.052946847000000005 -0.41744563326159945 0.5760879231664413 0.5456609204604721 0.442849743306769
0.053134193 -0.3044532954040433 -0.6433436030571111 -0.6501573158773896 0.2659179394863367
0.053298990000000004 -0.7102956489409417 -0.04234764136428115 -0.07981654784178842 0.6980802542390522
0.053477345 -0.37854283944607736 0.602358699134613 0.5736706904481743 0.40592009033718984
0.053646302 -0.34620663338612473 -0.6218546357488937 -0.6312340990250204 0.30818996689210004
0.053815076 -0.7115323713897387 0.004584366715344619 -0.0336276478024704 0.7018331737146409
0.053987378 -0.337992648520754 0.6260071696701617 0.5991849954398272 0.3672235930687874
0.05415198500000001 -0.38645175039925383 -0.5976600627486583 -0.6095644281952142 0.34912535948609486
0.054314743000000006 -0.709671702617455 0.05149524124975252 0.012709006733927719 0.7025330951900143
0.054485413 -0.2959715257075484 0.6469304850127598 0.6220926989865722 0.3269285316797286
0.054641775000000004 -0.4250135401181683 -0.5708651572866176 -0.5852423174097784 0.3885456754093204
0.054798947 -0.7047218108653115 0.09818080093035794 0.0589917836315948 0.7001768508148646
0.054981307 -0.2526623229028523 0.6650376547761435 0.6422939859395875 0.28521013690056923
0.055174895 -0.4617242155336092 -0.5415865239395685 -0.5583733565646136 0.42627907995777525
0.055337908000000005 -0.6967043102082535 0.14443785080362642 0.10501927964965362 0.6947745781762399
0.055489781 -0.20825348204605956 0.6802499400260881 0.6597007909859682 0.2422498272123778
0.055650716 -0.49642404214937613 -0.5099515895927373 -0.5290742495859729 0.46216109360993385
0.055826484 -0.6856541658134477 0.19006506703805207 0.15059119734252202 0.6863496754952628
0.056000397 -0.16293821478438272 0.6925011882589664 0.6742371720034169 0.1982344196541478
0.05616846700000001 -0.5289620354689142 -0.4760980469017071 -0.49747230383496227 0.4960353077672219
0.056339903000000004 -0.6716195410305272 0.23486387347904425 0.19550921702033713 0.6749386991025155
0.056515304 -0.11691366306603265 0.7017381006272164 0.6858396173375798 0.15335531827295468
0.056677347 -0.5591966198538356 -0.4401732530396136 -0.46370487335775523 0.5277540651626661
0.056869457000000005 -0.6546615869788784 0.278639306175111 0.23957785996952033 0.660591203634914
0.057037109 -0.07038004916473162 0.7079203797643816 0.6944572345990024 0.107807685942353
0.057211044 -0.5869962459866432 -0.4023335864795642 -0.4279187585488482 0.5571791020362077
0.057350120000000004 -0.6348541755469801 0.32120086210899623 0.28260533916851394 0.6433695256463813
0.057508036000000005 -0.023539857849610237 0.7110202737462512 0.7000513246548526 0.06178961722349628
0.057670391 -0.6122399643333005 -0.362743764659573 -0.39026956489589 0.5841821493283683
0.05783908200000001 -0.612283576964801 0.36236332843389013 0.32440439378474717 0.62334851157136
0.058023332000000004 -0.008453050717303392 0.015646764420484356 -0.03694748174343397 0.9991589272598644
0.058187967 -0.6348179521777972 -0.32157612551237563 -0.35092102361448824 0.6086454903106068
0.058356519 -0.5870480833516588 0.4019475885971025 0.3647931038056817 0.6006151912231392
0.058520999000000004 -0.07013037096239322 -0.7083650164425044 -0.7016195078824263 0.03173695104081194
0.058691035 -0.6546319919899776 -0.279009875984366 -0.31004427712961224 0.6304624722507112
0.058868584 -0.5592575798776873 0.43978140183120373 0.4035956812389188 0.5752683982471647
0.059048179000000006 -0.11668459736056158 -0.7021864807026684 -0.6980313763331321 0.07789111603939874
0.059230409000000005 -0.6715958990887602 -0.23523031080485382 -0.2678171325048583 0.6495379699041559
0.05938954900000001 -0.5290330654063555 0.4757001526050578 0.44064323441335845 0.5474183391819797
0.059566585000000005 -0.16272871195063843 -0.6929469029569215 -0.6914025627621594 0.12371273292133633
0.059721654000000006 -0.6856358967744869 -0.1904280048937547 -0.22442328605675207 0.6657887988262232
0.059897818000000005 -0.4965061247073304 0.5095475667535003 0.47577450202446353 0.5171861130065771
0.060070069000000004 -0.20806274821679205 -0.6806920856076903 -0.6817665687738081 0.1690019268866376
0.060235697000000005 -0.696690937325191 -0.14479798291004636 -0.1800515225155596 0.6791440767137749
0.060400655000000004 -0.4618183545429614 0.5411763911437225 0.5088365536909045 0.48470318327177275
0.060562743 -0.25248954150416947 -0.6654756879937862 -0.6691652874796488 0.21356124972310828
0.060707356000000004 -0.7047129674810918 -0.09853886954341796 -0.13489489220523013 0.6895455312084248
0.060896585 -0.4251207461370369 0.5704490338867934 0.5396854539255186 0.45011080512445684
0.061090636000000004 -0.29581583867040484 -0.6473639298156731 -0.6536532229818928 0.2571964483988189
0.061266204000000005 -0.7096671372781503 -0.05185202423651706 -0.08914986981191345 0.6969477528234624
0.061445002000000006 -0.3865730267311466 0.5972381622609731 0.5681868865673684 0.4135594097368561
0.06161838 -0.3378531531473986 -0.6264355914265419 -0.635297528874268 0.2997173036845931
0.061771857000000006 -0.7115319513340573 -0.004940664094418214 -0.04301549839231842 0.7013183918938786
0.061968955000000006 -0.34634296312243457 0.6214272556721426 0.5942167368666601 0.3752079488484682
0.062153636000000005 -0.37841859185221416 -0.6027817155221749 -0.614177758458961 0.3409384580948113
0.062331791000000004 -0.7102993619370713 0.041991021209047616 0.0033074776606337565 0.7026382986911905
0.062498183000000006 -0.30460563025857695 0.6429111111171321 0.6176616285417467 0.3352232023173689
0.062672644 -0.41733565613158846 -0.5765052198796194 -0.590385526538103 0.3806802233582636
0.062846236 -0.7059748035388494 0.08873875868194187 0.04961748692714881 0.7009016060911237
0.06301896 -0.2615426481477394 0.6615962986835764 0.6384194131832857 0.29377905176377334
0.063187907 -0.45443501384935764 -0.5477204504578947 -0.5640241109247455 0.41876936299982453
0.06337408500000001 -0.6985771685051643 0.13509908155587624 0.09571300874320816 0.6961157544316282
0.06354148600000001 -0.217341390542923 0.677401564435129 0.6563996091845089 0.2510557235829127
0.06370031500000001 -0.4895552394533292 -0.5165526825515421 -0.5352080010155275 0.4550398465173191
0.063869707 -0.6881387242324112 0.1808702152496747 0.14139345063725797 0.6883014584498524
0.06405590600000001 -0.1721941691549051 0.6902581768944688 0.6715237862262268 0.2072390048424889
0.064241105 -0.5225435189428653 -0.4831375737378227 -0.5040623969475789 0.48933357191442745
0.064401336 -0.6747049719916026 0.22585295589977908 0.18646002160055652 0.6774926164385945
0.06456753400000001 -0.1262973978608746 0.7001102079122232 0.6837258858773746 0.1625194360078126
0.064734374 -0.5532563167898719 -0.4476205715119149 -0.47072266204259605 0.5215010535116553
0.064916502 -0.6583344481142044 0.2698515376325729 0.23071659738613365 0.6637361620141801
0.065094126 -0.07985074442171394 0.7069147075287642 0.692952437339924 0.11709148582206236
0.06527279200000001 -0.5815600020134333 -0.4101562783751224 -0.43533373111901114 0.5514020721023132
0.065438232 -0.6390984683843994 0.3126744848007341 0.27397057406295977 0.6470918591376749
0.065606565 -0.033056300547512726 0.7106414482572699 0.699162337121806 0.07115272219296272
0.065760438 -0.6073314307691744 -0.3709077772087342 -0.3980494773250224 0.5789062846722628
0.065963187 -0.6170808167492575 0.3541354454689258 0.3160337060997122 0.6276320412786934
0.066144282 0.013881881395704336 0.711264216174939 0.7023165107662764 0.02490312178128264
0.066322438 -0.6304584829885035 -0.3300459198918011 -0.35903204027558844 0.6038937910664087
0.066503404 -0.5923773797006678 0.3940540025131848 0.3567229253161041 0.6054412958548807
0.066674042 -0.060640074382148794 -0.7092322121334163 -0.7019780964147035 0.022352063561330595
0.06685287200000001 -0.6508405507895221 -0.28774858226050803 -0.3184511184219806 0.6262556551625361
0.067029746 -0.5650957279199106 0.4322564587929248 0.39586113711879706 0.5806160953193295
0.067211912 -0.10727586054983303 -0.7036886235216196 -0.6990059801428959 0.06854918024298795
0.067368259 -0.6683889765800634 -0.2441998886443487 -0.2764832287274691 0.6458943783032514
0.067532192 -0.535354647006348 0.46857659296380044 0.4332779905328432 0.5532643765019928
0.067710175 -0.1534396744723045 -0.695066357647724 -0.6929913953191651 0.11445447315770624
0.067909652 -0.6830274389827842 -0.19958940934298486 -0.23331093686015408 0.6627243229385705
0.068085029 -0.5032836193352733 0.5028563826232197 0.46881061864780305 0.5235050700385433
0.068259631 -0.19893379944746786 -0.6834192809834007 -0.6839624585869654 0.15986771683898146
0.068441785 -0.6946922849315454 -0.15411133452437858 -0.18912206124053887 0.6766720846438051
0.06860153100000001 -0.46902225930550207 0.534946691616759 0.5023043462190748 0.4914675819406194
0.068781308 -0.2435603886827311 -0.6687987117297578 -0.6719587063594755 0.20459091214487443
0.06897101700000001 -0.7033328065162107 -0.10796362812770836 -0.14410885439522572 0.6876768108985941
0.069154674 -0.4327197044446099 0.5647079184816518 0.5336133612980396 0.45729122957419427
0.06934053600000001 -0.28712532522645146 -0.6512683178771083 -0.657032077991241 0.2484290891463118
0.069523209 -0.7089114613881564 -0.0613471654425864 -0.09846716516783087 0.6956904652421056
0.069695245 -0.39453396503825605 0.5920106031595536 0.562601347906238 0.4211246345178155
0.069875583 -0.32943908785099896 -0.6309043567996532 -0.6392471820712311 0.29119114249032024
0.070065732 -0.7114040357802844 -0.014464858108539338 -0.052395585423108924 0.7006780356551832
0.070238991 -0.35463123514039807 0.6167359892681802 0.5891420769123342 0.3831250749697131
0.070427749 -0.3703175831324488 -0.6077954147904772 -0.6186810836045746 0.33269066229578814
0.070596042 -0.7107997494414887 0.03247922966500061 -0.006094584949629303 0.7026176862616151
0.070770287 -0.3131851680049604 0.6387765393631377 0.6131199523991773 0.34345780056332387
0.070954641 -0.4095829518620877 -0.5820420359758541 -0.5954229819631092 0.37274674607318437
0.071124221 -0.7071013020356492 0.07928076981806063 0.04023436168013394 0.7015008516863258
0.07129673 -0.2703761191622256 0.6580364006987393 0.6344305108735329 0.30229531263805687
