0 -0.7067529998956005 0.00035399999994770805 0.0003529999999478558 0.7074602089259648
0.000467482 -0.7078411074787945 -5.004930037864934e-05 0.004933487597935285 0.7063544611300918
0.0006543320000000001 -0.7088490690356828 0.00042225147479925916 0.005021055866145084 0.7053421921513892
0.0008119140000000001 -0.7101545778548779 0.0021208126327920455 0.004530263073627168 0.7040280210488933
0.0009188270000000001 -0.710671317777802 0.0038040063827667657 0.005898456204383791 0.7034891725092911
0.001010927 -0.7108389478563537 0.004351993553962755 0.0048056431733703164 0.7033249292867905
0.001107436 -0.7119756730555957 0.003653957797278071 0.005749433906975825 0.7021710856900878
0.0011888340000000002 -0.7113374561763911 0.002980869807638463 0.006173752598507768 0.7028172042818414
0.00127618 -0.7113084180869421 0.0022722224129233352 0.0050427224773174385 0.7028582661632252
0.001353952 -0.7106280482388696 0.0014469614377485935 0.00463480847853042 0.7035511366696666
0.0014276 -0.7108180555109658 0.0029685718888521092 0.001786987755720796 0.7033673906397079
0.001475442 -0.7101761360346514 0.0036008495792822 0.002538737131766038 0.7040102588052078
0.001538405 -0.7103174730570915 0.0039115795747696035 0.0010352398179667853 0.7038698141656153
0.0016073160000000001 -0.7107862497548102 0.003316993931228611 0.00021137102733973732 0.7034002132733838
0.0016695380000000001 -0.7114112993356773 0.00337175358980777 -0.00047030798024864354 0.7027676524041618
0.001734436 -0.7111920527105781 0.0030092800505839936 9.579102205406814e-05 0.7029913222927946
0.001785209 -0.7113628108677643 0.0016433717828797263 -0.00031276305651663005 0.7028229882571907
0.0018551560000000002 -0.7129760406622252 0.0032543562905190224 -0.0016067420687968998 0.7011790021005164
0.0019133770000000002 -0.7134888337284621 0.00535889817362132 -0.0022026339750670127 0.7006426441194797
0.0019675450000000002 -0.7138906798662317 0.004716382750446826 -0.0037733869458099335 0.7002311150504797
0.002027292 -0.7155889446945628 0.006817708553587866 -0.005173871570951741 0.6984691919719637
0.00208733 -0.7152406037219086 0.00613102969388438 -0.004754415497259935 0.6988352343690838
0.002134309 -0.7141333019010073 0.004650559191613324 -0.0031545342557345946 0.6999871772602693
0.002186041 -0.7154763300369721 0.0050857573277561345 -0.00437749153883753 0.6986047479061797
0.0022359890000000003 -0.7167663537185063 0.00555401580881376 -0.004846020626932255 0.6972744532603761
0.002285896 -0.7167878291070972 0.004092536431853869 -0.004767846258852605 0.6972630255732344
0.0023331370000000003 -0.7173066961884625 0.0025311657221452483 -0.005033004089121656 0.6967347886198298
0.002377506 -0.7173318295580451 0.0043148499455953615 -0.005812948994493327 0.696694077767884
0.002414803 -0.7172385310564825 0.004937433835751889 -0.006192148238290507 0.6967827269782539
0.002462119 -0.7185796034169307 0.005155177195756602 -0.007529221937823406 0.6953848492153523
0.0025128050000000003 -0.7191658365634561 0.006783094919544945 -0.00855186128431648 0.6947527292583101
0.00256866 -0.7193872532530503 0.005840784216573338 -0.008695674569348345 0.6945302371679374
0.0026185690000000003 -0.7173960226458136 0.006127096583326581 -0.007691398214935306 0.6965961870215236
0.002667276 -0.716417396987588 0.004765908916249297 -0.006332725971695344 0.6976269031420008
0.002720053 -0.7159924123775356 0.0044243116451509945 -0.006283073486968317 0.6980657661508842
0.002762179 -0.7170820356784521 0.008097741720073453 -0.007961792587522354 0.696896255223886
0.002811769 -0.7161317504953019 0.00715720467385321 -0.006753144572728655 0.6978957553905679
0.0028797690000000003 -0.7172148395400187 0.00791294383029008 -0.007727491564484567 0.6967643397431049
0.0029249500000000004 -0.7165750355673358 0.007225518956532751 -0.006864853687896216 0.6974388030940952
0.002982081 -0.7173618823831398 0.007511196973054069 -0.007880910289498224 0.6966156780296862
0.0030294140000000002 -0.7181370286339096 0.008125376271152274 -0.008777312349513722 0.6957989258063214
0.0030777480000000004 -0.717999112103821 0.007063703832566327 -0.008402271310660285 0.6959574562738104
0.0031317750000000003 -0.7181641812328141 0.00617934018685852 -0.008039637863635278 0.6957998194682711
0.0031880980000000003 -0.7183221422430143 0.006767748338820495 -0.008792028738938834 0.6956221659611509
0.0032362510000000003 -0.7184838975386696 0.00610373222833128 -0.008504195711729355 0.6954648172882825
0.003291618 -0.7184680484367667 0.006688738433284194 -0.008395407690009767 0.6954771321066953
0.003338057 -0.7188029093176934 0.005180178090022798 -0.008142746437973511 0.6951469189975761
0.003387011 -0.718971172858324 0.004407973864867989 -0.00804872371327089 0.6949793093407315
0.0034424480000000003 -0.7188269756704627 0.004118742310382204 -0.008166557009200456 0.6951288530602455
0.0034883830000000003 -0.7188653735375029 0.0012563311357176507 -0.007194542656521204 0.6951109515155314
0.0035355570000000004 -0.7180794895713617 0.0009688206214151772 -0.006178861275042488 0.695932992260663
0.0035821100000000003 -0.7168698308910629 -0.0019903652556780686 -0.004519147962209451 0.6971895447481005
0.0036223960000000004 -0.7176521813650634 -0.0025140413968387353 -0.0046449284174307996 0.6963816847231252
0.0036716950000000004 -0.7173312910275631 -0.002071195008400558 -0.0044585769535664494 0.6967148987609753
0.0037184590000000003 -0.7168830787012593 -0.00438154432266395 -0.003168740588260144 0.6971724410963454
0.003762693 -0.7155971532379004 -0.0022413022059360574 -0.0027011203130013887 0.6985043985482764
0.003816241 -0.7169958155582394 -0.0012270976060903562 -0.0040238506257853045 0.6970647769967878
0.003879477 -0.7166976348453438 -0.003135776309127907 -0.002884894145759345 0.6973710235590501
0.003935681 -0.7160859989527388 -0.004562569535290323 -0.0019569789179000405 0.6979944092158683
0.003981577 -0.7146716259177966 -0.00539805244253505 -0.0003091401759888242 0.6994392272171986
0.004030257000000001 -0.7119943573893017 -0.008178159588768058 0.0034298313713747907 0.7021291825642202
0.004082343 -0.7099318346900843 -0.008496257920593329 0.005275328826552583 0.7041993855441011
0.004137633 -0.7112341454447638 -0.011742116946252632 0.005177452504908239 0.702838037551068
0.004189202 -0.7105906629242617 -0.010708061303250258 0.005349075776624214 0.7035038269805788
0.004242816 -0.7097911858524284 -0.011405840120984691 0.006586870503442653 0.7042889978086474
0.004289184000000001 -0.7085109792388723 -0.010662181677851828 0.0073814341191493675 0.705580629418203
0.004343889 -0.7099356569783962 -0.009713153220064758 0.005919895996819907 0.7041746746628732
0.004392797 -0.7075429389156308 -0.009625371686143688 0.007892586578356783 0.7065607184719787
0.004444925000000001 -0.7060899296478267 -0.00888112725960692 0.009090343022657444 0.7080081231823941
0.004484364 -0.7060847824955385 -0.008808516390955564 0.009220178476427341 0.7080124845481761
0.0045331370000000005 -0.7059089498370772 -0.008700578112408998 0.009816875924633038 0.7081811091998326
0.004577587 -0.7054449545629228 -0.01065218866454242 0.010834660584498352 0.7086018325465929
0.0046304530000000005 -0.7051184487292985 -0.010799651007911111 0.011379179753324184 0.7089159717962605
0.004679113 -0.7043047603454222 -0.011019704248270598 0.012535960040182946 0.7097015008994478
0.0047303150000000006 -0.7056076699816659 -0.01275852665322078 0.011843327525941614 0.7083888562461983
0.0047888720000000004 -0.7061025329166013 -0.014013130301106212 0.011682265936406042 0.7078745438638936
0.004852306000000001 -0.7061025329166044 -0.014013130300888896 0.011682265936613444 0.7078745438638914
0.004916147 -0.7065875403693959 -0.014937160652039485 0.011640880323659036 0.7073721926480238
0.00497091 -0.7070743831073838 -0.015491099931467961 0.011319571071428019 0.7068788509263697
0.005027035 -0.7047988524628599 -0.014049550851706203 0.013440651882626449 0.7091407029390369
0.0050818 -0.7046404221065833 -0.014196131540225494 0.013583197051614898 0.7092924940675785
0.005137509 -0.7057764202709098 -0.014973390810299874 0.012657024327946409 0.7081632875914876
0.005181675 -0.70594622862175 -0.015193269932620908 0.012330017209971707 0.7079950971010209
0.005232749 -0.7030242530246247 -0.013229918007566526 0.014647683202146879 0.7108919146434928
0.005274089 -0.7023803120061107 -0.012893980818502184 0.01498281915577542 0.7115273414950377
0.005326204 -0.7020487757068433 -0.01259869695236546 0.015378006490245991 0.7118513231567466
0.005374764000000001 -0.7002376971612128 -0.01119158374210889 0.01716286924918702 0.7136156891820978
0.005422473000000001 -0.697938948646999 -0.009593202986930015 0.019088619371035433 0.715838542569818
0.005474978 -0.6969606420524203 -0.009032231650071788 0.01969156744045452 0.7167820619916738
0.005521266 -0.6971223956685235 -0.009107541501648041 0.019623615457689966 0.7166256567145382
0.005572906000000001 -0.6953239857501345 -0.008059900318288245 0.02076258159199806 0.7183512428144339
0.00561997 -0.6971335912623405 -0.00925325585749834 0.01936306982938204 0.7166199862664243
0.005665315000000001 -0.6979417320900417 -0.00962962015292269 0.01902350247221031 0.7158370732062938
0.0057091730000000005 -0.6984372418077057 -0.010000967544166291 0.0185594335642113 0.7153607113407897
0.005770441 -0.6992465480972944 -0.010413311417068088 0.018155165850642658 0.714574151416272
0.005826958 -0.6992355208721637 -0.010267716481165028 0.0184155079862173 0.7145803869506258
0.0058913820000000006 -0.6992327599065419 -0.010231317577153018 0.01848059360574346 0.7145819304139276
0.0059492830000000005 -0.6998883425721025 -0.010677500312502627 0.01794904423574619 0.7139468682820697
0.006000831000000001 -0.7012027438675743 -0.01164193271385544 0.016756619242480675 0.7126699047292748
0.006052653000000001 -0.7026717881068651 -0.012643962949874521 0.015562749668250319 0.7112315299692404
0.006099509 -0.7021985747181716 -0.01252821584639147 0.01557048160573596 0.7117006151283278
0.006141327 -0.7015483657278756 -0.012119263146268693 0.016035996167645603 0.7123383050435024
0.006193141 -0.7034916152192113 -0.013272823628654782 0.014770078012331505 0.710426086419057
0.0062397170000000005 -0.7026664481635723 -0.012571264821155385 0.015692753604186083 0.7112352377450829
0.006291120000000001 -0.7042918353233042 -0.013647005458247687 0.014432614724443063 0.7096326300073652
0.006345535 -0.7073725060399749 -0.015756031452875466 0.01191923929140893 0.7065648002174293
0.006394812000000001 -0.7051041469830437 -0.014202515118300127 0.013770640134113043 0.7088277646522642
0.006444474 -0.7068871889083581 -0.01542337298338181 0.012315703041247312 0.7070508787786453
0.006501304 -0.705104146983023 -0.014202515118707333 0.013770640133729377 0.7088277646522839
0.0065592390000000006 -0.7060774054254939 -0.014868653468508271 0.012976797626834076 0.7078596071361808
0.006602263000000001 -0.7075341861651576 -0.015866888678629638 0.011787116943271154 0.7064026338607704
0.006642671 -0.7097928550078431 -0.01741736494040235 0.009939103563462835 0.7041249552449499
0.006693265 -0.7104365216096974 -0.017859833153098054 0.009411685011444688 0.7034716734226779
0.006739684 -0.710275674562549 -0.01774923805677171 0.009543515166462149 0.7036350986067903
0.006791040000000001 -0.7109187841235285 -0.018191530484573885 0.009016292633244475 0.7029809791638068
0.006847536 -0.7109187841235322 -0.01819153048460976 0.009016292633206824 0.7029809791638025
0.0069058750000000006 -0.7094707434468047 -0.017196043103043023 0.010202910657292017 0.7044511770937399
0.006950607 -0.7088259644172974 -0.016753224351351858 0.0107307200248164 0.705102782074692
0.007004935 -0.7093096181548507 -0.017085360285571616 0.010334838618503966 0.7046141832007512
0.007045875 -0.7083418942093224 -0.016420957395480083 0.011126747476629567 0.705590751467702
0.0071113850000000004 -0.7096318224029478 -0.017306711323821864 0.010070998969077089 0.7042881011035115
0.007166469000000001 -0.7107580764055433 -0.01808097937548613 0.009148073734459637 0.7031446136863058
0.007214131 -0.7112400601235368 -0.01841258864170201 0.008752779570335252 0.7026535008841643
0.007252740000000001 -0.712843647427216 -0.019516995829878887 0.007436199891051352 0.701011928662858
0.007307181 -0.7118820539507528 -0.01885452846730273 0.008225950298439578 0.7019977078031102
0.007352474 -0.7125233027331208 -0.019296232460838135 0.00769938410622152 0.7013408001531691
0.007396482 -0.7149213334496263 -0.020950511644856853 0.005727116282947622 0.6988674861370421
0.007448448000000001 -0.7128436474272111 -0.01951699582986132 0.007436199891109517 0.7010119286628627
0.007499922000000001 -0.7133238145038684 -0.019848029883389375 0.007041547424712161 0.7005180996814174
0.007538896000000001 -0.7146022040117407 -0.02073013435051647 0.005989869617414971 0.6991981643377925
0.007582694 -0.7153996761581775 -0.021280965654949073 0.005333111241128396 0.6983709485495924
0.007627179 -0.7149213334497099 -0.020950511642386243 0.005727116285361673 0.6988674861370108
0.007670357000000001 -0.7141231587104615 -0.020399456673010078 0.006384124348358772 0.6996936610525665
0.007720323 -0.7136436924008855 -0.020068645140358318 0.006778528483973067 0.7001885327040515
0.007778091000000001 -0.7149213334497224 -0.020950511642033078 0.005727116285725201 0.6988674861370054
0.007837687000000001 -0.7153996761582083 -0.021280965654364603 0.0053331112416940985 0.6983709485495743
0.007897855 -0.7141231587104948 -0.02039945667230911 0.006384124349031083 0.6996936610525468
0.007966735 -0.7138035612574215 -0.020178930508358988 0.006647043856848056 0.7000236449633159
0.008014323 -0.7128436474273411 -0.01951699582636288 0.00743619989449133 0.7010119286627922
0.008066611000000001 -0.7134837768113289 -0.019958344928171015 0.006910029677668457 0.7003533509483792
0.008117938 -0.714123158710479 -0.02039945667239485 0.006384124348972045 0.6996936610525608
0.008162945000000001 -0.7142828872765548 -0.020509697450342583 0.006252689489813927 0.699528564912476
0.008214994 -0.7150808278942 -0.021060677912780906 0.005595764598845719 0.6987020429643482
0.00826237 -0.7136436924008852 -0.02006864514067946 0.0067785284836498535 0.7001885327040457
0.00831027 -0.7136436924008647 -0.02006864514137706 0.006778528482958089 0.7001885327040535
0.008363873 -0.7133238145039459 -0.019848029881576326 0.007041547426389421 0.7005180996813731
0.008418548000000001 -0.7144425690487594 -0.020619923345466282 0.006121271242836959 0.6993633993358587
0.008474474000000001 -0.7165141669263049 -0.02205150135659209 0.004414350845606392 0.6972099349467387
0.008529043 -0.7168321700291405 -0.02227151941735017 0.004151998633583841 0.696877593513741
0.008584348 -0.718260853922185 -0.023260855391533802 0.002972246188917212 0.6953786336105103
0.008634332 -0.7181022997576457 -0.023150989524918862 0.0031032623703638415 0.6955454611522227
0.008674869 -0.7179436984352721 -0.02304110854758978 0.003234295434313073 0.6957122196188772
0.008725567 -0.7181022997576773 -0.023150989524315612 0.0031032623709499074 0.6955454611522077
0.008770539 -0.7174676116721865 -0.022711375050273864 0.003627495804756585 0.696212080417254
0.008826034 -0.7168321700291073 -0.022271519418237806 0.004151998632699014 0.6968775935137519
0.008877630000000001 -0.7165141669262749 -0.02205150135709351 0.004414350845115367 0.6972099349467568
0.00893477 -0.7165141669262813 -0.02205150135679725 0.0044143508454295 0.6972099349467574
0.008999096 -0.7166731919884939 -0.02216151790080381 0.004283166347840392 0.6970437988357636
0.009049890000000001 -0.7160368097612967 -0.021721361673421057 0.004808004907702683 0.6977079278628879
0.00910297 -0.7173088218695621 -0.022601433728295706 0.0037585962830232744 0.6963785624324658
0.009156698000000001 -0.7158775967641233 -0.021611285124752595 0.004939256416141496 0.6978737869790895
0.00921425 -0.7157183368210683 -0.021501193600000527 0.0050705246478140575 0.6980395768089767
0.009277073 -0.7165141669262606 -0.022051501358072677 0.004414350844143454 0.6972099349467465
0.009335394 -0.7161959757974872 -0.021831423235613014 0.004676770134616705 0.6975419994753727
0.009396399 -0.7157183368210518 -0.021501193600472295 0.005070524647325153 0.6980395768089824
0.00944785 -0.7138035612574027 -0.020178930509168507 0.006647043855976111 0.70002364496332
0.00949836 -0.7138035612574183 -0.020178930509244773 0.0066470438558569 0.7000236449633029
0.009556471 -0.7136436924009143 -0.02006864514058167 0.006778528483577548 0.7001885327040197
0.009610214 -0.7141231587104775 -0.020399456673699048 0.006384124347500902 0.6996936610525379
0.009661188000000001 -0.715399676158232 -0.02128096565404045 0.005333111241865332 0.6983709485495586
0.009711635000000001 -0.7147617921505477 -0.020840330451083078 0.0058584846291852306 0.6990328599331197
0.009769603 -0.7169911010329308 -0.022381505901891783 0.0040208477090198 0.6967113189957876
0.009823756000000001 -0.7177850499700835 -0.022931212471537753 0.003365345367026235 0.695878908995373
0.009867628 -0.7166731919884703 -0.022161517901210327 0.004283166347355103 0.6970437988357778
0.009921175 -0.7158775967641009 -0.02161128512458893 0.004939256416225572 0.697873786979117
0.009982314 -0.7165141669262725 -0.022051501356585963 0.004414350845558107 0.6972099349467724
0.0100341 -0.7149213334497303 -0.020950511641838733 0.005727116285780151 0.698867486137003
0.01009428 -0.7120424360325449 -0.018964976596732092 0.008094284060271632 0.701833585344187
0.010153257 -0.7110794453680773 -0.01830206690665165 0.008884527910972776 0.7028172748913983
0.010203140000000001 -0.7104365216098226 -0.017859833149879725 0.009411685014376777 0.703471673422594
0.010248041000000001 -0.7109187841236635 -0.018191530480723635 0.009016292636814909 0.7029809791637242
0.010293492000000001 -0.7102756745626642 -0.017749238053297988 0.009543515169682677 0.7036350986067181
0.01034406 -0.7110794453680572 -0.018302066906679813 0.008884527911016467 0.7028172748914172
0.010411100000000001 -0.711721625303788 -0.0187440655939152 0.008357632983242073 0.7021617606014037
0.010457496 -0.7122027715336854 -0.01907540997867616 0.007962634274545318 0.7016693932396457
0.010508177 -0.7110794453680638 -0.018302066906336335 0.008884527911338995 0.7028172748914155
0.010554597 -0.7123630604389747 -0.019185828602935794 0.007831000952979363 0.7015051315043327
0.010607582 -0.7104365216098086 -0.017859833150467384 0.009411685013771792 0.7034716734226013
0.010662568 -0.7107580764056034 -0.01808097937319918 0.009148073736547647 0.7031446136862766
0.010711724 -0.7112400601236306 -0.018412588638424796 0.008752779573390688 0.7026535008841174
0.010760210000000001 -0.7130037497967165 -0.01962735531981362 0.007304632547344065 0.700847388553542
0.010819553 -0.7126834984010869 -0.019406621534431706 0.007567783753411296 0.7011763992009921
0.010874328 -0.7126834984010817 -0.019406621534535904 0.007567783753329049 0.7011763992009954
0.010931476 -0.7152402754687879 -0.021170829250842682 0.005464429582812433 0.6985365304302265
0.010984905000000001 -0.7146022040117892 -0.020730134347849125 0.005989869619935561 0.6991981643378001
0.01104269 -0.7141231587104879 -0.020399456671090107 0.006384124350139249 0.6996936610525791
0.011116013000000001 -0.7160368097612859 -0.021721361672151118 0.0048080049089310375 0.6977079278629299
0.011168413 -0.7144425690487318 -0.0206199233447334 0.006121271243572901 0.6993633993359019
0.011215826 -0.714123158710418 -0.02039945667298072 0.006384124348344912 0.6996936610526118
0.011270450000000001 -0.7157183368209875 -0.02150119360038623 0.005070524647468439 0.69803957680905
0.011313413000000001 -0.7160368097612347 -0.021721361673584495 0.0048080049075339935 0.6977079278629473
0.011369738 -0.7155590299473259 -0.021391087106534604 0.005201809593545679 0.6982052973375348
0.011418641 -0.7169911010328668 -0.0223815059020531 0.004020847708892119 0.6967113189958489
0.011462037000000001 -0.7176263543772758 -0.022821301303337174 0.003496412160219824 0.696045529266591
0.011517237000000001 -0.7185778207171298 -0.023480541757709028 0.0027102645155378594 0.6950447713625653
0.011567329000000001 -0.7185778207171397 -0.023480541757515197 0.002710264515740691 0.6950447713625609
0.011619322000000001 -0.7184193609136211 -0.02337070614098825 0.0028412468982799044 0.6952117370089481
0.011661505 -0.7176263543772229 -0.022821301305012802 0.0034964121586805817 0.6960455292665982
0.011718031 -0.7161959757974113 -0.021831423235886063 0.004676770134447998 0.6975419994754429
0.011765931 -0.715877596763993 -0.021611285127047613 0.004939256413922313 0.6978737869791679
0.011833910000000001 -0.7149213334495993 -0.0209505116448643 0.0057271162829384895 0.6988674861370694
0.011894804 -0.716832170028914 -0.022271519422522014 0.00415199862857481 0.6968775935138386
0.011953178 -0.7182608539219785 -0.023260855395853965 0.0029722461847270657 0.6953786336105969
0.0120081 -0.7196857168068553 -0.024248966662628928 0.0017938621057301642 0.693874079857969
0.012069098 -0.7203177598244698 -0.02468773230535519 0.0012705772167303344 0.6932035966356588
0.012118743000000001 -0.720949044936476 -0.025126254061085547 0.0007475649574533055 0.6925320116129471
0.012167805 -0.720791294764808 -0.02501664652048105 0.0008782924232057057 0.6927000111091094
0.01221752 -0.7214220108152956 -0.02545498496333922 0.0003554851075730946 0.6920276003759316
0.01226782 -0.7215795711794557 -0.025564531323645705 0.0002248260463912913 0.6918593257649446
0.012318448000000001 -0.7215795711794052 -0.025564531325074594 0.0002248260450243921 0.691859325764945
0.012370743 -0.7212644029768297 -0.0253454232904435 0.00048616128985362237 0.6921958062310878
0.012424908 -0.7203177598245991 -0.024687732302337395 0.0012705772195899898 0.6932035966356265
0.012488810000000001 -0.7209490449366123 -0.025126254057611475 0.0007475649607387132 0.6925320116129277
0.012540075000000001 -0.7214220108153784 -0.025454984961012367 0.00035548510979200166 0.6920276003759297
0.012588373 -0.7212644029769053 -0.025345423288328065 0.00048616129188423036 0.6921958062310851
0.012638566 -0.7211067476789662 -0.02523584631772817 0.0006168545789447445 0.6923639433151613
0.012686245 -0.7215795711795265 -0.025564531321824728 0.00022482604814225124 0.6918593257649376
0.012735322 -0.7215795711794982 -0.025564531322812195 0.00022482604720845898 0.6918593257649309
0.012787986000000001 -0.7215795711795366 -0.025564531321800563 0.00022482604818284315 0.6918593257649278
0.012841929 -0.7217370840541908 -0.02567406236419827 9.418411541346271e-05 0.6916909824134079
0.012900997 -0.7218945494242971 -0.02578357807944175 -3.644067794126524e-05 0.691522570336637
0.012956619 -0.721737084054196 -0.025674062363951256 9.418411564002752e-05 0.6916909824134116
0.013008732 -0.7217370840541715 -0.025674062364384406 9.418411521358263e-05 0.6916909824134213
0.013061501000000001 -0.7212644029769283 -0.025345423287982147 0.0004861612922069562 0.6921958062310735
0.013114013 -0.7204756521939799 -0.024797385627654274 0.0011397985692910572 0.6930358036356521
0.013175541 -0.7198437985623598 -0.024358680900855564 0.0016630153672748127 0.6937065623993846
0.013234773 -0.7195275877428788 -0.024139237211514106 0.001924725846091054 0.6940415283930619
0.013281586000000001 -0.7192111877483895 -0.023919732740731347 0.0021865042569288494 0.6943762186324479
0.013330591000000001 -0.7190529168482352 -0.023809957735486983 0.0023174189092701144 0.694543460306321
0.013379395 -0.7184193609137914 -0.02337070613682086 0.0028412469022439466 0.6952117370088958
0.013441452000000001 -0.7188945986996369 -0.02370016756208564 0.002448350512057437 0.6947106329960605
0.013502034000000001 -0.7181022997576317 -0.023150989524738954 0.0031032623704925935 0.6955454611522425
0.013557274000000001 -0.7182608539222245 -0.0232608553896152 0.002972246190677693 0.6953786336105261
0.013612141000000001 -0.7171499849848467 -0.02249147733894135 0.0038897135914356252 0.6965449752970172
0.013666298 -0.7158775967642191 -0.021611285120866082 0.0049392564198213655 0.6978737869790854
0.013717794 -0.7171499849848864 -0.022491477337611594 0.003889713592679254 0.6965449752970125
0.013774621 -0.7174676116722698 -0.02271137504661896 0.0036274958082031608 0.6962120804172692
0.013847756000000001 -0.7158775967642423 -0.021611285120012712 0.004939256420670986 0.6978737869790819
0.013927229000000001 -0.7133238145041081 -0.019848029875679067 0.007041547432112752 0.7005180996813175
0.013984332 -0.7136436924010552 -0.020068645134570566 0.006778528489491658 0.7001885327039911
0.014040618000000001 -0.7107580764057696 -0.018080979368282433 0.009148073741417356 0.7031446136861716
0.014093684 -0.7083418942095423 -0.016420957388412833 0.011126747483496485 0.7055907514675375
0.014146009000000001 -0.7089872286249823 -0.01686395089333996 0.01059874332021701 0.7049399857058516
0.014195697 -0.708180444996163 -0.01631017266552709 0.011258789035442352 0.7057532679783445
0.014249334 -0.7039665896476708 -0.013424701496061963 0.014697516008146738 0.709954083777789
0.014298044000000001 -0.7031526740101138 -0.01286869204322496 0.015360047014463174 0.7107564862547768
0.014346151000000001 -0.7026637756819357 -0.01253491562951016 0.01575775565996187 0.7112370823931556
0.014400551000000001 -0.7005404700073703 -0.011087078412160473 0.017482798515297264 0.7133123287384068
0.014453051000000001 -0.6990659838908522 -0.010083335568435946 0.01867860947108982 0.714742041619741
0.014497723 -0.6977522456131158 -0.009190168774499938 0.019742609768102756 0.716008082286293
0.014552203000000001 -0.6979166213399025 -0.009301863387689038 0.019609555529455924 0.715850075313923
0.014593866 -0.6975878246639717 -0.009078460255406848 0.01987567946093646 0.716166018326718
0.014645623000000002 -0.6987378210922797 -0.009860127560579217 0.018944516515356922 0.715058976975817
0.014693808000000001 -0.6970942906382747 -0.008743251375003069 0.02027498113396517 0.7166394007134492
0.014738074 -0.6977522456131523 -0.00919016877154896 0.01974260977112239 0.716008082286212
0.014789293 -0.6964356131043304 -0.00829611213708077 0.0208075989954343 0.7172695833140074
0.014847246000000001 -0.6944552551517528 -0.006953369574068208 0.022406924227032467 0.7191533070148287
0.014898843 -0.6939591541399905 -0.006617374801753496 0.022807098817058398 0.719622636511381
0.014961832000000001 -0.6926342453064762 -0.005720787494292238 0.023874898483763594 0.7208710453621809
0.01502265 -0.6926342453064864 -0.0057207874936343805 0.023874898484437454 0.7208710453621539
0.015076491000000001 -0.6928000156549785 -0.005832908620521925 0.02374137056934743 0.7207152439132775
0.015128996 -0.6921366659021562 -0.005384342531992927 0.024275572759671314 0.721338021413356
0.015180646 -0.6906415161398946 -0.004374275697359907 0.025478407656283463 0.7227350916064694
0.015232200000000001 -0.6908078222936614 -0.0044865594227899855 0.02534469934869626 0.722580147566593
0.015280529000000001 -0.6909740838835818 -0.004598829650988337 0.025211006011332186 0.7224251319984534
0.015329507000000001 -0.6916386842896781 -0.0050477754049940765 0.02467638258612702 0.7218043547249954
0.015373739 -0.6906415161398823 -0.004374275698139292 0.025478407655484328 0.7227350916065045
0.015429172000000001 -0.6903087702038022 -0.004149667800309888 0.025745869129156624 0.7230447650454609
0.015471834 -0.6903087702038012 -0.0041496678005685135 0.025745869128888495 0.72304476504547
0.015527601 -0.6908078222936485 -0.004486559423753657 0.025344699347705665 0.7225801475666342
0.015576781000000001 -0.6906415161398769 -0.004374275698629756 0.025478407654983153 0.7227350916065245
0.015617766000000002 -0.6911403008938836 -0.004711086373096592 0.02507732765483461 0.7222700449161584
0.015677059 -0.6908078222936535 -0.004486559422846601 0.025344699348662993 0.7225801475666016
0.015727415 -0.6909740838835692 -0.004598829651139381 0.02521100601119871 0.7224251319984692
0.015784942 -0.691306473308838 -0.0048233295782244695 0.024943664291883758 0.7221148863337264
0.015846579 -0.6918047228240571 -0.0051599780053351125 0.024542764268369086 0.7216489817268376
0.015911795 -0.691804722824059 -0.00515997800504291 0.02454276426867762 0.7216489817268273
0.015958643 -0.691638684289674 -0.0050477754032614485 0.024676382587959636 0.721804354724949
0.016018749000000002 -0.6918047228240524 -0.005159978005551239 0.024542764268115157 0.7216489817268491
0.016084208000000003 -0.6914726011126759 -0.004935559259130672 0.02481001593140843 0.7219596562653299
0.0161436 -0.6918047228240558 -0.0051599780051118085 0.02454276426855874 0.7216489817268339
0.016202093 -0.6914726011126797 -0.004935559258709505 0.024810015931831714 0.7219596562653146
0.016242128 -0.691638684289668 -0.00504777540436974 0.024676382586775198 0.7218043547249873
0.016289476 -0.6918047228240584 -0.0051599780046167635 0.024542764269095785 0.7216489817268167
0.016336692 -0.6929657412507683 -0.00594501613434192 0.023607857761910715 0.7205593711054138
0.01638633 -0.6929657412507664 -0.005945016134793838 0.0236078577614374 0.7205593711054274
0.016436497 -0.6942899330365028 -0.00684138501523512 0.022540300548439692 0.7193098214166327
0.016483077000000002 -0.6947857646376123 -0.007177297555716295 0.022140217259462962 0.718840064573775
0.016534633 -0.695446244192614 -0.00762498868433042 0.021606986365442348 0.718212725538997
0.016581508000000002 -0.6954462441926176 -0.007624988683770172 0.021606986366044724 0.7182127255389814
0.016629701 -0.6957762140111431 -0.00784875167811368 0.02134046262086418 0.7178986291730491
0.016675105000000003 -0.6951160943596939 -0.007401170616496422 0.02187357127686287 0.7185265373771709
0.016714889 -0.69495095197697 -0.0072892409542859495 0.022006886641157193 0.718683336562757
0.016773820000000002 -0.6982452370638478 -0.009525210865413752 0.01934349345300764 0.7155338486309744
0.01683378 -0.7007040745699908 -0.011198535184597269 0.01735000871111455 0.7131531181229291
0.016885888 -0.7020112716745831 -0.012089681753373998 0.0162882549287478 0.7118768901912136
0.016945331 -0.705915310627959 -0.014757666341432584 0.013109064692808951 0.7080211422888918
0.0170049 -0.7093096181547918 -0.0170853602861913 0.010334838618150904 0.7046141832008007
0.017059373000000003 -0.7114006283747297 -0.01852309567645019 0.008621047626009027 0.7024896571569087
0.017112046000000002 -0.713963383365419 -0.020289201029123575 0.006515575801495693 0.6998586877413031
0.017157613000000002 -0.7147617921502342 -0.02084033045868355 0.005858484622036037 0.6990328599332737
0.017211275 -0.7173088218691933 -0.022601433737771515 0.0037585962738595413 0.6963785624325876
0.017259267000000002 -0.7185778207168448 -0.02348054176604612 0.0027102645074910717 0.6950447713626097
0.017298214000000003 -0.7196857168065883 -0.02424896667093686 0.001793862097660614 0.6938740798579766
0.017341231000000002 -0.7201598200857914 -0.02457806374370545 0.001401372899932472 0.6933713207730807
0.017392473000000002 -0.7212644029764139 -0.025345423302226697 0.0004861612784079973 0.6921958062310979
0.017436608000000003 -0.7211067476784676 -0.02523584633150002 0.0006168545656068813 0.6923639433151908
0.017494152000000002 -0.7215795711790371 -0.02556453133522181 0.00022482603515861952 0.6918593257649573
0.017549033000000002 -0.7217370840536544 -0.025674062378563837 9.41841014978634e-05 0.6916909824134364
0.01759913 -0.7218945494237604 -0.025783578094086053 -3.6440692103315525e-05 0.6915225703366508
0.017637515 -0.7220519672743462 -0.02589307847203853 -0.00016704833417272583 0.6913540895498785
0.017692808 -0.7220519672743373 -0.025893078472391647 -0.00016704833450825022 0.6913540895498745
0.017745469 -0.7220519672743453 -0.025893078472205386 -0.00016704833432395217 0.6913540895498732
0.017801387000000002 -0.7220519672743227 -0.025893078472783968 -0.0001670483348788919 0.6913540895498749
0.017864902000000002 -0.722051967274318 -0.025893078472947192 -0.00016704833503526848 0.6913540895498739
0.017928114000000002 -0.7220519672743236 -0.02589307847285161 -0.00016704833494493148 0.6913540895498715
0.017997313 -0.7220519672743089 -0.025893078473414224 -0.00016704833548292358 0.6913540895498657
0.018051845 -0.722051967274323 -0.025893078473049082 -0.00016704833513128654 0.6913540895498647
0.018106044 -0.7220519672743305 -0.025893078472788454 -0.00016704833487678368 0.6913540895498665
0.018160563 -0.7220519672743155 -0.025893078473284682 -0.00016704833535412348 0.6913540895498635
0.018208385 -0.7220519672743332 -0.025893078472834865 -0.0001670483349235983 0.691354089549862
0.018257871000000002 -0.7220519672743212 -0.02589307847310457 -0.00016704833518460136 0.6913540895498644
0.018305694 -0.7220519672743656 -0.02589307847187599 -0.0001670483340070464 0.6913540895498643
0.018361055 -0.7220519672743662 -0.025893078471726356 -0.00016704833386151096 0.6913540895498693
0.018408437 -0.7220519672743485 -0.02589307847211577 -0.00016704833423375012 0.6913540895498731
0.018462441 -0.7220519672743341 -0.025893078472564397 -0.00016704833466758817 0.6913540895498713
0.018512973000000002 -0.7220519672743646 -0.025893078471688057 -0.0001670483338312446 0.6913540895498725
0.01856029 -0.7220519672743821 -0.025893078471171657 -0.00016704833333195255 0.6913540895498735
0.018612863 -0.7220519672743514 -0.025893078471984392 -0.00016704833411856126 0.6913540895498751
0.018659755 -0.7220519672743241 -0.025893078472752146 -0.0001670483348525833 0.6913540895498748
0.018719184 -0.7220519672743625 -0.02589307847164698 -0.00016704833378732828 0.6913540895498761
0.018763999 -0.7220519672743668 -0.02589307847153429 -0.00016704833367186392 0.691354089549876
0.018822792 -0.7220519672743896 -0.025893078470942455 -0.00016704833310276997 0.6913540895498744
0.018884318 -0.7220519672744292 -0.025893078470019128 -0.00016704833221016518 0.6913540895498679
0.018942894000000002 -0.7220519672744203 -0.02589307847016571 -0.0001670483323527101 0.6913540895498717
0.018996141 -0.7220519672744138 -0.025893078470424873 -0.00016704833260244829 0.6913540895498688
0.019053464000000003 -0.7220519672744183 -0.02589307847020851 -0.0001670483323995085 0.6913540895498721
0.019113047 -0.7220519672744289 -0.025893078469791844 -0.0001670483319923171 0.6913540895498768
0.019171068000000003 -0.7220519672744208 -0.025893078469953163 -0.00016704833214053306 0.6913540895498792
0.01922733 -0.7220519672744037 -0.025893078470448947 -0.00016704833261820356 0.6913540895498783
0.01927804 -0.7220519672743871 -0.02589307847090999 -0.00016704833306637606 0.6913540895498783
0.019340124 -0.7220519672743607 -0.02589307847165236 -0.00016704833377444826 0.691354089549878
0.019395399 -0.7220519672743958 -0.025893078470627096 -0.00016704833279690108 0.6913540895498799
0.019448698 -0.7220519672743735 -0.025893078471206962 -0.00016704833335593077 0.6913540895498814
0.019496746000000002 -0.7220519672743672 -0.025893078471329847 -0.00016704833347624737 0.6913540895498835
0.019544983000000002 -0.7220519672743886 -0.025893078470752243 -0.00016704833292785381 0.691354089549883
0.019596053000000002 -0.7220519672744228 -0.025893078469829856 -0.00016704833203308732 0.6913540895498819
0.019643515 -0.7220519672744237 -0.02589307846974509 -0.0001670483319504348 0.6913540895498841
0.019702385000000003 -0.7220519672744353 -0.02589307846953901 -0.00016704833176070763 0.6913540895498798
0.019751526000000002 -0.7220519672744349 -0.02589307846952524 -0.00016704833175611058 0.6913540895498808
0.019804754 -0.7220519672744596 -0.02589307846882434 -0.00016704833108683258 0.6913540895498813
0.019870999 -0.7220519672744231 -0.02589307846981424 -0.00016704833204281278 0.6913540895498822
0.019933115 -0.7220519672744344 -0.025893078469434047 -0.00016704833167297843 0.6913540895498845
0.019980788000000003 -0.7220519672744389 -0.025893078469446027 -0.0001670483316786554 0.6913540895498794
0.020036876000000002 -0.7220519672744533 -0.025893078468989358 -0.00016704833124070722 0.6913540895498816
0.020096836 -0.722051967274464 -0.025893078468667424 -0.00016704833093413932 0.6913540895498828
0.020147154 -0.7220519672745209 -0.025893078467009462 -0.0001670483293462117 0.6913540895498858
0.02019367 -0.722051967274507 -0.025893078467322986 -0.00016704832964919308 0.6913540895498884
0.020245704 -0.7220519672745453 -0.025893078466354198 -0.0001670483287252932 0.691354089549885
0.020294878000000002 -0.7220519672745602 -0.02589307846588312 -0.00016704832828119508 0.6913540895498871
0.020339375 -0.7220519672745479 -0.025893078466301716 -0.00016704832867449782 0.6913540895498842
0.020390132000000002 -0.7220519672745552 -0.0258930784659416 -0.0001670483283249643 0.6913540895498901
0.020434605 -0.7220519672745357 -0.02589307846639822 -0.0001670483287529272 0.6913540895498933
0.020480404 -0.7220519672745267 -0.02589307846670943 -0.00016704832904219466 0.691354089549891
0.020533721 -0.7220519672745424 -0.025893078466384528 -0.00016704832873886988 0.6913540895498868
0.020576913000000002 -0.722051967274523 -0.025893078466898953 -0.00016704832923479667 0.6913540895498876
0.020620046000000003 -0.7220519672745017 -0.025893078467549818 -0.00016704832985720887 0.6913540895498853
0.020673756 -0.7220519672744733 -0.02589307846833605 -0.00016704833061085246 0.6913540895498855
0.020722581 -0.7220519672744962 -0.025893078467649544 -0.00016704832994192542 0.6913540895498873
0.020786366 -0.7220519672744518 -0.025893078468804738 -0.00016704833104457602 0.6913540895498903
0.020857134000000003 -0.7220519672744794 -0.02589307846812915 -0.0001670483304000218 0.6913540895498869
0.020902142000000002 -0.7220519672745165 -0.025893078467128853 -0.00016704832943131268 0.6913540895498856
0.020959674 -0.7220519672745206 -0.025893078467015523 -0.0001670483293131283 0.6913540895498859
0.021009184 -0.7220519672745179 -0.02589307846710126 -0.00016704832939184859 0.6913540895498852
0.021065292000000003 -0.7220519672745014 -0.02589307846758762 -0.00016704832986089006 0.6913540895498843
0.021120025 -0.7220519672745053 -0.025893078467395667 -0.00016704832966619546 0.6913540895498874
0.021172816 -0.7220519672744796 -0.02589307846810937 -0.00016704833034710583 0.6913540895498874
0.021227428000000003 -0.7220519672744357 -0.025893078469385274 -0.00016704833156477292 0.6913540895498852
0.021273458000000002 -0.7220519672744542 -0.025893078468777524 -0.00016704833097078427 0.6913540895498888
0.021319678 -0.7220519672744202 -0.025893078469769407 -0.00016704833191986994 0.6913540895498869
0.021376911000000002 -0.7220519672743602 -0.025893078471329774 -0.00016704833340804644 0.6913540895498907
0.02142382 -0.722051967274342 -0.025893078471975424 -0.0001670483340374901 0.6913540895498853
0.021479170000000002 -0.7220519672743799 -0.025893078470678517 -0.000167048332783481 0.6913540895498946
0.021526103 -0.7220519672744052 -0.025893078470024717 -0.00016704833214547783 0.6913540895498929
0.021588735 -0.7220519672743984 -0.025893078470198564 -0.00016704833231891137 0.6913540895498934
0.021647140000000002 -0.7220519672743325 -0.025893078471911 -0.0001670483339538967 0.6913540895498976
0.021703738 -0.7220519672743032 -0.02589307847270227 -0.00016704833470701817 0.6913540895498986
0.021755601000000003 -0.7220519672742989 -0.025893078472864466 -0.00016704833486581129 0.6913540895498969
0.021812987000000002 -0.7220519672743587 -0.025893078471259358 -0.0001670483333289665 0.691354089549895
0.02187725 -0.7220519672743653 -0.02589307847110029 -0.0001670483331755336 0.6913540895498941
0.021932598 -0.7220519672743692 -0.025893078470772306 -0.00016704833285650597 0.6913540895499023
0.021986054 -0.7220519672743597 -0.02589307847114495 -0.00016704833321309486 0.6913540895498982
0.022038845 -0.7220519672743817 -0.025893078470635666 -0.0001670483327306355 0.6913540895498944
0.022090241 -0.7220519672743358 -0.025893078471902205 -0.00016704833394259614 0.6913540895498945
0.022142171000000002 -0.7220519672743126 -0.02589307847269106 -0.00016704833470052927 0.6913540895498891
0.022195476000000002 -0.7220519672743673 -0.025893078471306608 -0.00016704833339255894 0.6913540895498842
0.022249209000000002 -0.7220519672743682 -0.025893078471238302 -0.0001670483333221237 0.6913540895498859
0.022299648000000002 -0.7220519672744216 -0.025893078469779975 -0.0001670483319302433 0.6913540895498851
0.022344431 -0.7220519672744641 -0.02589307846872608 -0.0001670483309324738 0.6913540895498804
0.022393536000000002 -0.7220519672744592 -0.025893078468948075 -0.00016704833115069195 0.691354089549877
0.022456151 -0.7220519672744529 -0.025893078469087154 -0.00016704833129573405 0.6913540895498784
0.02251736 -0.7220519672744126 -0.025893078470203643 -0.00016704833235628403 0.6913540895498784
0.022567024 -0.7220519672743654 -0.025893078471372167 -0.00016704833348199085 0.6913540895498836
0.022617217000000002 -0.7220519672743538 -0.025893078471690145 -0.00016704833378603423 0.6913540895498836
0.022662632000000002 -0.7220519672742814 -0.025893078473889233 -0.00016704833590104373 0.6913540895498763
0.022708456000000002 -0.7220519672743553 -0.025893078471717054 -0.0001670483338320379 0.6913540895498812
0.022752471 -0.7220519672744329 -0.02589307846955557 -0.00016704833176159039 0.6913540895498816
0.022795724 -0.7220519672744441 -0.02589307846948373 -0.0001670483316982411 0.6913540895498727
0.022852894000000002 -0.7220519672744284 -0.02589307846987275 -0.0001670483320813053 0.6913540895498744
0.022911010000000002 -0.7220519672744099 -0.02589307847038479 -0.00016704833257453995 0.6913540895498744
0.022969917000000003 -0.7220519672744742 -0.0258930784686337 -0.00016704833089031145 0.6913540895498733
0.023022002 -0.7220519672745308 -0.02589307846695044 -0.0001670483292768979 0.6913540895498776
0.023073647000000003 -0.7220519672744852 -0.025893078468080564 -0.00016704833035387418 0.6913540895498828
0.023118759000000003 -0.7220519672745053 -0.025893078467509104 -0.00016704832979222442 0.6913540895498833
0.023179979 -0.7220519672743999 -0.025893078470504035 -0.00016704833266659486 0.6913540895498804
0.023237523000000003 -0.7220519672743532 -0.02589307847188547 -0.00016704833398750192 0.6913540895498771
0.023287702 -0.7220519672743422 -0.025893078472258066 -0.0001670483343454278 0.6913540895498745
0.023345613 -0.7220519672743093 -0.025893078473106516 -0.00016704833517960005 0.6913540895498771
0.023398814 -0.7220519672743075 -0.025893078473048458 -0.00016704833512749877 0.691354089549881
0.023452348 -0.7220519672742349 -0.02589307847503586 -0.0001670483370281154 0.691354089549882
0.023501162000000003 -0.7220519672741477 -0.025893078477708567 -0.00016704833958889917 0.6913540895498724
0.023549042000000003 -0.7220519672742227 -0.025893078475479565 -0.00016704833743964753 0.6913540895498779
0.023595925 -0.7220519672742743 -0.02589307847393696 -0.00016704833596152077 0.6913540895498822
0.02364401 -0.7220519672743154 -0.025893078472933227 -0.0001670483349918867 0.6913540895498771
0.023691729 -0.7220519672742733 -0.02589307847407245 -0.00016704833607537276 0.6913540895498781
0.023742033000000003 -0.722051967274259 -0.025893078474379865 -0.00016704833636244836 0.6913540895498814
0.023803315000000002 -0.7220519672742292 -0.02589307847529883 -0.0001670483372489783 0.6913540895498782
0.023873149 -0.7220519672741866 -0.025893078476500696 -0.00016704833841240692 0.6913540895498772
0.023926529000000002 -0.7220519672741255 -0.025893078478547042 -0.00016704834038953908 0.6913540895498639
0.023974417 -0.7220519672741148 -0.025893078478892714 -0.00016704834071594213 0.691354089549862
0.024016661 -0.7220519672741652 -0.025893078477617515 -0.00016704833949502727 0.6913540895498576
0.024072153000000002 -0.7220519672741424 -0.025893078478289915 -0.00016704834014496739 0.6913540895498559
0.024137514000000002 -0.722051967274127 -0.02589307847876946 -0.0001670483405962643 0.6913540895498539
0.024195056000000003 -0.7220519672741667 -0.025893078477491078 -0.0001670483393611599 0.6913540895498607
0.024241205000000002 -0.7220519672741417 -0.025893078478193624 -0.00016704834005033302 0.6913540895498604
0.024294435000000003 -0.7220519672741135 -0.025893078478985126 -0.0001670483408066064 0.6913540895498599
0.024343016000000002 -0.7220519672741549 -0.0258930784777926 -0.000167048339677212 0.6913540895498614
0.024389498000000003 -0.7220519672741099 -0.025893078479131637 -0.0001670483409600976 0.6913540895498582
0.024442671000000003 -0.7220519672740284 -0.02589307848117765 -0.0001670483429090341 0.6913540895498662
0.024488558 -0.7220519672740192 -0.025893078481115762 -0.00016704834285138562 0.6913540895498781
0.024540758000000003 -0.7220519672740406 -0.02589307848059904 -0.00016704834235160273 0.6913540895498752
0.024588382000000002 -0.7220519672739756 -0.02589307848250541 -0.00016704834415918568 0.6913540895498712
0.024634617 -0.7220519672739657 -0.02589307848309639 -0.00016704834471734038 0.6913540895498593
0.024678138000000002 -0.7220519672740576 -0.02589307848036462 -0.00016704834209168773 0.6913540895498662
0.024729976 -0.722051967273952 -0.025893078483441342 -0.0001670483450372038 0.6913540895498606
0.02478493 -0.7220519672740419 -0.02589307848071225 -0.00016704834240928231 0.6913540895498697
0.024841357 -0.7220519672740205 -0.0258930784812304 -0.0001670483429039742 0.6913540895498722
0.02489326 -0.7220519672739505 -0.02589307848319638 -0.00016704834478382786 0.6913540895498715
0.024946709 -0.7220519672738717 -0.025893078485216093 -0.00016704834670845856 0.6913540895498775
0.024998217000000003 -0.7220519672738819 -0.02589307848473005 -0.00016704834624834306 0.6913540895498852
0.025049967000000003 -0.7220519672739495 -0.02589307848298693 -0.00016704834457975762 0.6913540895498804
0.025101701 -0.7220519672739315 -0.025893078483726843 -0.00016704834529844824 0.6913540895498712
0.025152347000000002 -0.7220519672738395 -0.025893078486597925 -0.0001670483480611303 0.6913540895498592
0.025210493 -0.7220519672738179 -0.02589307848747141 -0.00016704834889587025 0.6913540895498488
0.025256735000000002 -0.7220519672738204 -0.02589307848713439 -0.0001670483485734598 0.6913540895498589
0.025311473 -0.7220519672738369 -0.025893078486577844 -0.00016704834803547323 0.6913540895498627
0.025360241000000002 -0.7220519672738892 -0.02589307848510953 -0.00016704834663575636 0.6913540895498632
0.025416824 -0.7220519672738601 -0.025893078485665452 -0.0001670483471609756 0.6913540895498728
0.025466062 -0.7220519672739012 -0.02589307848475321 -0.00016704834628846472 0.6913540895498642
0.025513997 -0.7220519672738669 -0.025893078485722986 -0.0001670483472157655 0.6913540895498635
0.025565992000000003 -0.7220519672738346 -0.025893078486596235 -0.0001670483480390032 0.6913540895498644
0.025610839000000003 -0.7220519672739357 -0.025893078484057894 -0.0001670483456055192 0.6913540895498546
0.025662864 -0.7220519672740915 -0.02589307847971972 -0.00016704834145084637 0.6913540895498553
0.025705973 -0.7220519672739927 -0.0258930784824001 -0.0001670483440189767 0.6913540895498573
0.02575681 -0.7220519672740012 -0.025893078481928383 -0.00016704834358268549 0.6913540895498662
0.025825056000000002 -0.7220519672739744 -0.025893078482585333 -0.0001670483442137931 0.6913540895498695
0.025887286000000002 -0.7220519672739132 -0.025893078484142504 -0.00016704834570091791 0.6913540895498748
0.025939543000000002 -0.7220519672738671 -0.02589307848527417 -0.000167048346790041 0.6913540895498802
0.026001416000000003 -0.7220519672737893 -0.025893078487368177 -0.0001670483488003355 0.6913540895498828
0.026065340000000003 -0.7220519672738669 -0.02589307848520962 -0.00016704834673125055 0.6913540895498829
0.026114605000000003 -0.7220519672737616 -0.0258930784881797 -0.00016704834957917663 0.691354089549881
0.026166372 -0.7220519672737485 -0.025893078488669053 -0.00016704835005328257 0.6913540895498761
0.026220813000000003 -0.7220519672737032 -0.02589307849008949 -0.00016704835140635783 0.69135408954987
0.026272861 -0.7220519672737159 -0.025893078489716403 -0.00016704835105808263 0.6913540895498708
0.026322164000000002 -0.7220519672736997 -0.02589307849023882 -0.00016704835155977388 0.691354089549868
0.026373777 -0.7220519672736482 -0.0258930784915808 -0.00016704835284148614 0.6913540895498713
0.026434337000000002 -0.7220519672736103 -0.025893078492725218 -0.00016704835394165676 0.6913540895498677
0.026477321 -0.7220519672735581 -0.025893078494339583 -0.00016704835550002218 0.6913540895498613
0.026520432 -0.7220519672735877 -0.025893078493502888 -0.0001670483546959265 0.6913540895498621
0.026564745 -0.7220519672735912 -0.02589307849355752 -0.00016704835474435985 0.6913540895498563
0.026611351000000002 -0.7220519672736092 -0.02589307849299277 -0.00016704835419794784 0.6913540895498587
0.026662981000000002 -0.7220519672735766 -0.025893078493936465 -0.00016704835509460435 0.6913540895498573
0.026715333 -0.7220519672735326 -0.025893078494943333 -0.0001670483560535236 0.6913540895498652
0.026766922000000002 -0.7220519672735121 -0.02589307849544593 -0.00016704835652578602 0.6913540895498678
0.026833923000000003 -0.722051967273544 -0.02589307849444802 -0.00016704835556813347 0.691354089549872
0.026897746 -0.7220519672736105 -0.025893078492866532 -0.000167048354049881 0.6913540895498621
0.026953022 -0.7220519672735777 -0.025893078494059706 -0.00016704835517745845 0.6913540895498516
0.027019965 -0.722051967273592 -0.025893078493448178 -0.0001670483545901682 0.6913540895498597
0.027078968000000002 -0.7220519672735752 -0.02589307849386702 -0.00016704835498269953 0.6913540895498612
0.027125083 -0.7220519672735606 -0.025893078494494168 -0.00016704835557732913 0.691354089549853
0.027178642000000003 -0.7220519672736158 -0.025893078492879123 -0.00016704835403158808 0.6913540895498563
