0 -0.7067529998956005 0.00035399999994770805 0.0003529999999478558 0.7074602089259648
0.0008119140000000001 -0.7041173682016778 -0.2042570222596717 0.173324743398257 0.6576142830073293
0.001107436 -0.28065724949704185 0.6177832819571616 -0.6686520693282113 0.30410646847857803
0.001353952 -0.680693383194302 -0.2755626230297343 0.24996129200306091 0.6310636599142578
0.001538405 -0.21249216056470313 0.6450491032793865 -0.6933401851057575 0.24091403520128105
0.001734436 -0.717218664373786 -0.14200777073706722 0.10686176268197897 0.6738040786006998
0.0019133770000000002 -0.6835626030881357 0.1905563834145194 -0.24200720240819545 0.6617122932918018
0.00208733 -0.3128737856883685 0.6022527102467837 -0.6541941465770166 0.33381504086604685
0.0022359890000000003 -0.7103606154299313 -0.1783694275941348 0.14563717731313666 0.6651031152205864
0.002377506 -0.12731244638057804 0.6693844867337414 -0.7139180944138869 0.1613678546164699
0.0025128050000000003 -0.6859485193717092 -0.2618288028711628 0.23515615864039396 0.6368846745061054
0.002667276 -0.585564574128588 0.37213625319665533 -0.4277231163959523 0.579380612654626
0.002811769 -0.71787077418964 -0.13780582206804035 0.10238929010232697 0.6746760146158816
0.002982081 -0.7201831516215291 -0.12108236793807872 0.08460611828813598 0.677877108555904
0.0031317750000000003 -0.5348156868767302 0.43375972532099855 -0.4897034460375293 0.5348043081514794
0.003291618 -0.07083812446086422 -0.6881118352558575 0.7217918908908574 0.026328626922829185
0.0034424480000000003 -0.6726426959029564 0.21854497790417238 -0.2708838352443753 0.6530024892777628
0.0035821100000000003 -0.51147744194539 0.45814336721182075 -0.5140333442964767 0.5140679694272634
0.0037184590000000003 -0.6190354769350699 -0.39308906292607626 0.37765532255907686 0.5653786888759681
0.003879477 -0.42806906652663657 0.5304437508105956 -0.5853241241260555 0.4390705343063614
0.004030257000000001 -0.7085597543100944 -0.18634611136014917 0.15416112293343825 0.6629124528918137
0.004189202 -0.7247208347849492 -0.0643978860658762 0.0245273477507798 0.6855883385563359
0.004343889 -0.5954908029580139 0.35836829618481814 -0.41379092004211454 0.5879968781662321
0.004484364 -0.6677474828693387 0.23005647765381698 -0.2827364002342906 0.6490360251154444
0.0046304530000000005 -0.20680402431032585 -0.6705053092522625 0.6950608380553538 0.15668824851867222
0.0047888720000000004 -0.19957111646679992 -0.672096057107244 0.6971729363284361 0.1497141646811412
0.00497091 0.02674942311766856 0.0051126902785862335 0.0029625136953730217 0.9996248641126266
0.005137509 -0.7153498230242475 -0.15315025945589436 0.11872997339584923 0.6713591351390634
0.005274089 -0.08013618289558723 0.6785332845085376 -0.720747313598837 0.11705396943134147
0.005422473000000001 -0.418003561650834 -0.5853500403485571 0.592553405006752 0.3626562228922034
0.005572906000000001 -0.6551621646323941 -0.3317628044559985 0.31078665403733474 0.6034135564036321
0.0057091730000000005 -0.04960067308839146 -0.6894728361978237 0.7244965129730764 0.006080293407414396
0.0058913820000000006 -0.6692911902822106 0.22648652195221305 -0.2790622053760593 0.6502904564602683
0.006052653000000001 -0.5447516151247825 -0.4845669337970231 0.47862295112533104 0.48924541229207974
0.006193141 -0.1820949876711485 0.6549242648099216 -0.7019400638858638 0.21259818123804944
0.006345535 -0.5464194356002632 0.42079594314762175 -0.4767201078005966 0.5450641114722533
0.006501304 0.020555759032880823 0.688263560665309 -0.72498702179096 0.02188961359920791
0.006642671 -0.6028985726039563 0.3476450945887846 -0.402920451908986 0.594400200950468
0.006791040000000001 -0.2336810034028808 0.6373514289548347 -0.6864866246392324 0.26060353730313707
0.006950607 -0.7195102328851668 -0.1262983958441303 0.09014977767893743 0.6769246400248926
0.0071113850000000004 -0.6856373313784258 -0.2626697659845201 0.23606208644650473 0.6365383181521529
0.007252740000000001 -0.17223594074658521 0.6578390665911895 -0.7044253671301353 0.2033970231563892
0.007396482 -0.015341808829414834 0.6862824807420103 -0.7250452747855862 0.05590465631793163
0.007538896000000001 -0.6842109536980971 -0.26647767256061744 0.24016519206557427 0.6349535429037547
0.007670357000000001 -0.6074483442666917 0.34085383820096266 -0.3960274451270952 0.5983207685493275
0.007837687000000001 -0.6898091728776412 -0.25107385612201655 0.22357752292201222 0.6412009082873047
0.008014323 -0.6203272976443223 -0.39114743304197186 0.3755293452906772 0.5667236893814105
0.008162945000000001 -0.29919352553396883 -0.6430596555273547 0.6605638432054939 0.24620020983645682
0.00831027 -0.7058242571188849 -0.19763635037788033 0.16623713346799732 0.6596343428086837
0.008474474000000001 -0.7072778565262889 -0.19175004045000932 0.15993950948475097 0.6613695011297589
0.008634332 -0.7117273655346175 0.0911458797679142 -0.13880678057028903 0.6825463496467525
0.008770539 -0.7231931515715174 0.009211693503649913 -0.05304565082169691 0.688544293150601
0.00893477 -0.3216177190274599 -0.6342634717719766 0.6499387925347501 0.26805427441730495
0.00910297 -0.6630798205492188 0.24053880247505402 -0.2935167220201718 0.6452243511381526
0.009277073 -0.19668118384709904 -0.6727101764706469 0.6979941826945631 0.14692893798935347
0.00944785 -0.6838291894235324 0.18982645123673447 -0.24125302109828617 0.6619221307502107
0.009610214 -0.5318188058450074 0.4370131713890197 -0.49295672786681666 0.5321488593180429
0.009769603 -0.6917627815517436 -0.24538428684673627 0.21745752362849285 0.6433998635602116
0.009921175 -0.22628313096817718 0.6401167147636612 -0.6889614781254524 0.253733778712867
0.01009428 -0.7081499993773095 -0.18809652195837254 0.15603249803175784 0.6624178715860743
0.010248041000000001 -0.378353912398725 -0.6078100917448979 0.618627199507945 0.3236000329263322
0.010411100000000001 -0.7048780196234795 0.12129616856082101 -0.17020785093027505 0.677837600709139
0.010554597 -0.6790504700750468 -0.2796677725506745 0.25439098601766225 0.6292551243695252
0.010711724 -0.6452159251100718 -0.35030162590844294 0.3309425207136299 0.5928428384340019
0.010874328 -0.6930400696029556 -0.2415652329596777 0.21335158860010622 0.6448435010078858
0.01104269 -0.13875226530833895 0.6667117398364775 -0.7117827971288317 0.17208654583272032
0.011215826 -0.477787630051077 -0.5441397977946211 0.5454901250311913 0.42198603865138445
0.011369738 -0.6344175312231701 -0.3688887159587229 0.3512003794722923 0.5814587187934551
0.011517237000000001 -0.5230317491693973 0.4463396162564436 -0.5022709668940499 0.5243501665460302
0.011661505 -0.33650691863517623 0.5896914309735741 -0.6423553730026222 0.3555386418441923
0.011833910000000001 -0.7225608874026272 -0.0988951348881989 0.061054275828715934 0.6814676314731801
0.0120081 -0.22635872039898186 -0.6658124638880568 0.6889369203278658 0.1755667872118003
0.012167805 -0.17085096761178864 -0.6776587394639254 0.7047643319215696 0.12206711073431283
0.012318448000000001 0.0228666067666998 0.6883126689093358 -0.7249004778679254 0.01969522000282962
0.012488810000000001 -0.6714942290012444 -0.29755441787991577 0.27371554957222155 0.6209966859195541
0.012638566 -0.6986275942288964 0.14446356832807783 -0.19427723716715722 0.6732802636529747
0.012787986000000001 -0.12476120585116664 -0.6841477301577336 0.714374962222154 0.0778462524433218
0.012956619 -0.141342152292887 0.6660805500087912 -0.7112718419720468 0.17451162069950268
0.013114013 -0.7251240052800078 -0.04508376060975178 0.004125131768500715 0.687128671429304
0.013281586000000001 -0.7249666398014072 -0.026322118735905377 -0.015660600270690606 0.688102761721411
0.013441452000000001 -0.6981974087460087 0.14594796215340364 -0.19581764531478943 0.6729600105464193
0.013612141000000001 -0.6763372183513657 0.20946254882344187 -0.26152226971609904 0.6559724421554258
0.013774621 -0.6735124814816275 -0.29292569481104036 0.2687109555333391 0.6231935832010848
0.013984332 -0.13949342453526817 0.666532281713361 -0.711637812033896 0.172780609986311
0.014146009000000001 -0.597279373062083 0.35581581902490955 -0.41120490128627313 0.5895451197886088
0.014298044000000001 -0.6737840079393733 0.21577748367524888 -0.2680322170663523 0.6539222579782245
0.014453051000000001 -0.3542490401682924 -0.6198183245583755 0.6327418106947951 0.29995474543993256
0.014593866 -0.3491706026980467 -0.6221998191767242 0.6355589136580372 0.2949820422660393
0.014738074 -0.7250630346966005 -0.05090741663054229 0.010273243689067783 0.6867218596059174
0.014898843 -0.7102858742770517 0.09804976629121163 -0.1460046704450561 0.6815888160809795
0.015076491000000001 -0.5862957253186898 -0.43773123423376464 0.42671811283458466 0.531564726044201
0.015232200000000001 -0.6643033412096475 -0.3132763046676016 0.2907342315369912 0.6132154175583816
0.015373739 -0.7184314099289504 -0.13403677512503273 0.0983790446033322 0.675435015761397
0.015527601 0.002108283387933322 0.6874538536385149 -0.7252367718436842 0.039381951339175575
0.015677059 -0.7167911020002441 0.06326818390686183 -0.1096965899110151 0.6856928709148605
0.015846579 -0.6164723340169056 -0.3968958497610819 0.3818253641912332 0.5627127659473816
0.016018749000000002 -0.2039371148153293 -0.6711469157085069 0.6959097040764992 0.15392326286159305
0.016202093 -0.26669736196726135 -0.6542742568650046 0.6743444697205512 0.21462231784505018
0.016336692 -0.4686038933658539 0.49788900382801354 -0.553402215913049 0.4756722260444744
0.016483077000000002 -0.7211309248763946 0.031188803568692088 -0.07610992140126199 0.6878991886888082
0.016629701 -0.15150361676339316 0.663519218578175 -0.7091775866631098 0.1840213938277318
0.016773820000000002 -0.3939840676300382 -0.5993754180854154 0.6087910335689439 0.3389710881256451
0.016945331 -0.2662987229092302 0.6241416828650701 -0.6745013727738522 0.29083208731597254
0.017112046000000002 -0.6329391360494803 -0.3713238716974897 0.35385824326899096 0.5799066969059309
0.017259267000000002 -0.6479857595020959 -0.345287019845603 0.3254857554710699 0.5957777064615672
0.017392473000000002 -0.7157739037459103 0.06944193481001955 -0.11614952607216805 0.6850951635792888
0.017549033000000002 -0.5219208889918141 -0.5067760434969254 0.5034234905510553 0.46620019031049326
0.017692808 -0.7248229752497448 -0.020967329976737874 -0.021301762972782995 0.6882868521988867
0.017864902000000002 -0.04424085236260748 0.6835132049445474 -0.7238531589820993 0.0832187719540247
0.018051845 -0.2720610651505842 -0.6525443032604508 0.6721976369651265 0.21982717773399724
0.018208385 -0.6984021822864254 0.14524339151976448 -0.19508652245762703 0.6731125757333359
0.018361055 -0.12714107091585747 -0.6838936701537762 0.7139641789619265 0.08012474449480818
0.018512973000000002 -0.2796357199051782 0.6182475002810712 -0.6690807219286807 0.30316277722250073
0.018659755 -0.5386125848244683 -0.49075713838679963 0.48552199385388517 0.4830356206353604
0.018822792 -0.5537828150892489 -0.4751475785729875 0.46814359047493365 0.49839945984530865
0.018996141 -0.10598546730189969 -0.6859745946104603 0.7174286411000382 0.05988109846641784
0.019171068000000003 -0.6697564706164391 0.2254004095086549 -0.27794411794846124 0.6506679419554088
0.019340124 -0.59349760045502 0.36118669813493487 -0.416645263439646 0.5862699373588715
0.019496746000000002 -0.7035650660567871 0.126440485083257 -0.17555694033369357 0.6768969335068351
0.019643515 -0.6290767860795198 0.3061275801112821 -0.36068297089976226 0.6168119087295282
0.019804754 -0.11796194211141918 0.6714401724998819 -0.7155273913720249 0.15259910483219846
0.019980788000000003 -0.577984351305011 -0.44786770266172493 0.43791092260326053 0.523052336776614
0.020147154 -0.5296371654918551 -0.49951338419903285 0.4952983930414607 0.47397436610328536
0.020294878000000002 -0.322972175020555 -0.6337043399782921 0.6492676647113936 0.26937596497417937
0.020434605 -0.07372068051442289 -0.6880649042231631 0.7215695033012812 0.02907285241206011
0.020576913000000002 -0.5894499940879115 -0.4337704867345138 0.42235020283324093 0.5348021029525547
0.020722581 -0.49395878612564986 0.47511542679607155 -0.5308917403859401 0.49842275841156347
0.020902142000000002 -0.5169262358304139 -0.5113524457633426 0.5085512775885449 0.46117552958383295
0.021065292000000003 -0.6901891574037592 0.1716016217109382 -0.22240501714097038 0.6668796792998777
0.021227428000000003 -0.5277937494565001 -0.5012702352004759 0.49726248067704054 0.47211581107402756
0.021376911000000002 -0.6811583815071579 -0.2743858716189213 0.24869186548707792 0.6315764246569506
0.021526103 -0.18727350645819052 0.6533386704007271 -0.7005770613705884 0.21742788922615458
0.021703738 -0.3459043228611855 -0.6237055659225048 0.6373434019704295 0.29178532490998693
0.02187725 -0.34506849128625317 -0.6240873208742987 0.6377962898562674 0.2909675080509861
0.022038845 -0.24711684188250252 -0.6601958577141862 0.6817662610171457 0.1956453296933172
0.022195476000000002 -0.21774540301294823 -0.6679526338775901 0.6917114615030414 0.1672469020512668
0.022344431 -0.6652076468333531 -0.3113609701400692 0.2886592198955231 0.6141902655235149
0.02251736 -0.3192450939869251 -0.6352371950509563 0.6511083895710874 0.2657393880857107
0.022662632000000002 0.02670450610598983 0.004338314426521149 0.003722413158976649 0.9996273068351382
0.022795724 -0.5695454115924151 -0.4577396927975954 0.4488323373929927 0.5144344660962601
0.022969917000000003 -0.18162129029905108 -0.6757153513914437 0.7020680053464263 0.13242642620194237
0.023118759000000003 -0.557251977162051 0.4081354339543974 -0.4640105926209624 0.5546086153664136
0.023287702 -0.7144639568476425 -0.15804772145273252 0.12395027272381114 0.6702232032213541
0.023452348 -0.21909937194420873 -0.6676247050034395 0.6912842812923771 0.1685542341513731
0.023595925 -0.07098469567508457 0.6799701975854925 -0.721715661165339 0.10843765914331858
0.023742033000000003 -0.47700712822081304 -0.5447430972765228 0.5461734317393965 0.42120755203848853
0.023926529000000002 -0.23179066732181589 0.6380673459899817 -0.687128844499999 0.2588487032225773
0.024072153000000002 -0.4731648605768918 -0.5476832515141203 0.5495058054113401 0.4173769917691042
0.024241205000000002 -0.46104178751451713 0.5043047424106428 -0.5597187498439263 0.4688643531783045
0.024389498000000003 -0.22325792941268321 -0.666598399027417 0.6899520831657258 0.1725707012757789
0.024540758000000003 -0.3043481584975645 0.606538280242734 -0.6582055311059017 0.32596359322550117
0.024678138000000002 -0.7251354190732695 -0.04200316554104959 0.0008741539805821995 0.6873240460035888
0.024841357 -0.20006681132390403 0.6492515446357812 -0.6970304702912902 0.22934934187807543
0.024998217000000003 -0.7249789053545345 -0.026860862609850565 -0.01509291337420604 0.6880821586070888
0.025152347000000002 -0.3658792578128627 0.5726078996986282 -0.6260887429445434 0.3824498253347012
0.025311473 -0.4649923245067804 0.5009737906238088 -0.5564407643843724 0.4724221080907876
0.025466062 -0.4087447362723929 0.5444833642254164 -0.5989805136237127 0.42153275429939696
0.025610839000000003 -0.7210818530146426 0.03163137946373249 -0.0765739389789499 0.6878790233915919
0.02575681 -0.5566349917251682 -0.47209180757077523 0.46474859504350013 0.5012952880659866
0.025939543000000002 -0.3829571370676863 0.561877427620698 -0.6157893079563912 0.39804906937116413
0.026114605000000003 -0.2994180317409353 -0.6429772118877899 0.6604634001566557 0.2464186701450863
0.026272861 -0.0645767723847007 -0.6885248872065249 0.7226033166111743 0.020350606699896485
0.026434337000000002 -0.667282782779103 -0.30690090646521584 0.2838291664831191 0.6164311640862856
0.026564745 -0.7190426552882967 -0.12973888919341972 0.09380779750916765 0.6762738299079653
0.026715333 -0.22147555218680792 -0.6670410947334113 0.6905260400071779 0.17084905517829918
0.026897746 -0.1407496765001802 0.6662282274936427 -0.7113921988504606 0.1739570452164541
0.027078968000000002 -0.5159897119381479 -0.5122000031663548 0.5095016422367958 0.4602340109718172
0.027234919000000003 -0.3742897149728474 0.5673992783870525 -0.6210965768458585 0.39013662333457755
0.027380643000000003 -0.6926094491859971 -0.24286242978253902 0.21474603536997683 0.6443562196907162
0.027510992 -0.645089378006244 -0.3505285741450065 0.3311895514629004 0.5927088803719625
0.027665715 -0.5247368744223794 0.4445544784912117 -0.5004895558680261 0.5258649753195921
0.027822051 -0.24574078461332494 0.6326637285298079 -0.6822624747108225 0.27179168070437953
0.027999605 -0.33839596410500666 -0.6270880573178383 0.6413623113353765 0.28444160678365293
0.028165612000000003 -0.14046653481196342 0.6662973321635636 -0.7114481640345686 0.1736919275938513
0.028308157 -0.2599924558417633 -0.6563714510760644 0.6769591915401861 0.20811990114166
0.028444601000000003 -0.5690394613074587 -0.4583189457645191 0.4494738133165915 0.5139185439465066
0.028587088 -0.6389683766761483 -0.3612333990000488 0.34285074020346284 0.5862457492074374
0.028727548000000002 -0.6945826398976447 0.15796271629437883 -0.2082778309233357 0.6702415319295721
0.028898661000000003 -0.31907233448125505 0.5990570003678312 -0.6511933843427894 0.3395186584130459
0.029081631 -0.6696724655698042 -0.30164767666506875 0.2781434137441002 0.6190187510081248
0.029246766 -0.5423686279197094 0.4253895198639865 -0.48132425602021467 0.5414865366859108
0.029408052 -0.09303025690528792 0.676332295588443 -0.7191968139685816 0.12918352511122438
0.029553313 -0.5485905056542107 0.418303322525978 -0.474220133533091 0.5469797134617618
0.029700007 -0.6937020048349585 0.1607751318307227 -0.2111924485105425 0.6695723865746169
0.029855498 -0.35875086300724074 -0.617665011775007 0.630200026839595 0.3043653735102169
0.030011006000000003 -0.10493960432139801 -0.6860543139400744 0.7175754764818779 0.058881704676210914
0.030176635 -0.3559486729824807 0.5785728020380978 -0.6317878701897405 0.37336263481377807
0.030334225000000003 -0.5239957311198639 -0.5048464311703451 0.5012632560662746 0.4682892072336939
0.030481386000000003 -0.5465894804692676 0.420601702233835 -0.4765253455322427 0.5452142064002655
0.030621836000000003 -0.3471761734285578 0.5836801843623951 -0.6366515549927986 0.3653255027827016
0.030784713000000002 -0.4297360298586261 -0.5780044250245415 0.5840999721204219 0.3742550564656434
0.030954541000000002 -0.40850456768949145 -0.5910559746862298 0.5991429859258648 0.3532798997498843
0.03112213 -0.6624736341075108 0.24186785125063504 -0.2948826932983491 0.6447273979150354
0.031274397 -0.1854148777914199 -0.6749899671327677 0.7010751679431301 0.13607770624137244
0.031427898 -0.3421378903106563 0.5865460523944811 -0.6393737466038389 0.3607055328093041
0.031573757 -0.496294817892946 -0.5292834845264226 0.5287063734590265 0.44047846559773157
0.031715318 -0.27544008343611043 0.6201332511625534 -0.670819242413467 0.2992855920975886
0.031892311 -0.027271859440390508 0.685280068309149 -0.7247017187483455 0.0671887943779584
0.032054867 -0.15874837575005804 -0.6796552345526106 0.7075966197273221 0.11043764898123219
0.032215607 -0.5034422582614605 0.4660611933414445 -0.5219063810582087 0.506900045739333
0.032387286 -0.5919602969896991 -0.4305711245502097 0.41882420239676826 0.5373813767950867
0.032526643 -0.6196129473781807 -0.3922233191391241 0.3767072932235971 0.5659797995603872
0.032681417000000004 -0.4088081745522113 -0.5908769612523633 0.5989359143516805 0.35357938421872726
0.032840965 -0.6454025207279669 -0.34996749809751354 0.33057880933911793 0.593040330604593
0.033017888 -0.4204896705435624 -0.5838219719641996 0.5907921572464123 0.3651123068251687
0.033173541 -0.3662776586271956 0.5723641538346769 -0.6258554145493644 0.3828141249970496
0.03333398 -0.3274723188914957 -0.6318189905283668 0.6470086860271523 0.27376890777765583
0.033483428 -0.6248592405717971 -0.3842106466472771 0.36793894040277525 0.5714496964908822
0.033630006000000004 -0.3268850769607327 -0.63206704697799 0.647305610419382 0.2731955330817043
0.033771858 -0.6635967817894848 -0.31476142380488725 0.29234348384056974 0.6124544233567287
0.033946741 -0.6806387824767476 -0.2757007257120898 0.2501102727582962 0.6310034546338713
0.034106865 -0.7054805931249921 0.11887832105158241 -0.167692890280464 0.6782659077908971
0.034267338 -0.6615062779670516 0.24397348741115665 -0.2970464094770365 0.6439334426681443
0.034425679 -0.6250265282332945 0.31296749254940304 -0.36765720896137527 0.6133693294225039
0.034577372 -0.10440672999163078 -0.6860966178092471 0.7176520717995981 0.05837240846062378
0.034726316 -0.2867638293123541 -0.6475589677633702 0.6660561906564503 0.23410914607466496
0.034900279 -0.645576019906723 -0.3496559121347289 0.3302396659476938 0.5932240162390212
0.035064421000000005 -0.5889516875457514 -0.43440035608168526 0.423044623881382 0.5342904181595692
0.035227309000000005 -0.673997216328508 0.21525690366631678 -0.26749572445016406 0.6540938651593697
0.035375128 -0.6666012684096496 0.23267316798426582 -0.2854286145972486 0.648102562425945
0.035528497 -0.6799457132893284 0.20022432853597943 -0.2519911823977538 0.6588512434451999
0.03567853 -0.6022858471210579 0.3485476365895766 -0.40383603333129864 0.5938714900859472
0.035839259000000005 -0.10788694042122766 -0.6858032426404426 0.7171337874549494 0.0616996446198609
0.036006296 -0.4691349075470851 0.4974321159317318 -0.5529519431554314 0.4761498966121487
0.03618345 -0.5949121476991358 0.3591893133998983 -0.41462252546609013 0.5874956898223709
0.036328522 -0.4269205749962699 0.5313033723116203 -0.5861623582207172 0.43802972906354687
0.036478764000000004 -0.45370112593847733 0.5103764255875657 -0.5656855312947119 0.46224649797672657
0.03664042 -0.5895501855467029 -0.4336432726182051 0.42220997811787137 0.534905018649941
0.036791225000000004 -0.7251345371209927 -0.03989260173150925 -0.0013526205933284431 0.6874496238870204
0.036959918 -0.7076451942463792 -0.19022304096137138 0.15830639273463087 0.6618103557896587
0.03712987 -0.5358250654551656 0.43265546505348224 -0.4885987747659398 0.5356981822949447
0.037292625 -0.6088251301672934 0.3387665689701004 -0.3939076123702019 0.5995052261500038
0.037446323000000004 -0.005622890528258788 0.686988575117803 -0.7252085896697119 0.04670544144771764
0.037594583 -0.470768719891223 -0.549493839502909 0.5515597271232063 0.41498952963996616
0.03774901 -0.23149444015323908 0.638177836042338 -0.687227690416558 0.2585736084258045
0.037915765000000004 -0.3555328677708468 -0.6192083282625636 0.6320212551242204 0.3012123209824664
0.038086025 -0.6490343532409846 -0.343359783978295 0.32338954102892414 0.5968905048073138
0.038232765 -0.7031632829959048 -0.20783433685563127 0.17715626185206199 0.6564925376929903
0.038387719 -0.06409481521149767 -0.6884445829848868 0.7225474777697185 0.019896662539654643
0.038540181 -0.6314937512732537 -0.37368051090454324 0.35643128803992197 0.5783907758809347
0.038691764000000003 -0.6959370932063974 0.15355253386583273 -0.20370579898926794 0.6712656402475835
0.038863203000000006 -0.07442930165419585 0.6794410678081985 -0.7213635423615327 0.11168152054142685
0.039041192 -0.7237074209665478 -0.08421044675988881 0.04549199995334474 0.6834377209722583
0.039202092 -0.6143092984149817 -0.40006240720462277 0.38529593959848146 0.5604657495528022
0.039350485000000004 -0.13630724156578755 0.6672990032220526 -0.7122560758811304 0.16979660228902912
0.039515488 -0.724912831295641 -0.02411681632457542 -0.017984163024570635 0.6881836731803521
0.039660581 -0.5525015303928156 -0.47650740046148826 0.4696550907564203 0.4970993399941611
0.039829627 -0.402933327236011 -0.5943041671051199 0.6029040297118757 0.34778650956801277
0.040004513000000005 -0.2629666089815867 0.6255684136149193 -0.6758072690336631 0.2877486519586497
0.040179123000000004 0.02855311853022671 0.6887003457451901 -0.7249701426944849 0.014313546594304736
0.040335879000000005 -0.6356693698901688 -0.366807332749412 0.3489293485999184 0.5827740634692691
0.040489265 -0.27980195464975793 0.6181718881875835 -0.6690108934092367 0.3033163410811746
0.040627125 -0.6741609720217885 -0.2914165606160773 0.26707984481411295 0.6239007843471608
0.040772806 -0.14946861446873597 0.6640431990587313 -0.7096086343892875 0.1821175600872633
0.040950864000000003 -0.6408677406185034 -0.3579631921612818 0.3392866088496274 0.5882481902567616
0.041116061 -0.1906446668561382 -0.6739537027944699 0.6996681999192059 0.14111349394082337
0.041274623 -0.627150361752335 0.3094017661948442 -0.36402219834531097 0.6151757671369454
0.04142796 -0.7143167351446205 0.07772179822487035 -0.12479825025607465 0.6842051340113927
0.04157269 -0.3533577606289319 -0.6202398877393868 0.6332400225692132 0.2990818061894147
0.041719729000000004 -0.714037212942576 -0.16033119985719033 0.12638509713780546 0.669680533818706
0.04189918 -0.6889927797295884 0.17515647446059399 -0.22608406736658762 0.6659546920113435
0.042079281 -0.545061365624305 -0.4842503797184637 0.47827039970406393 0.48955898598142134
0.042244891 -0.7250019341222099 -0.027959958227472364 -0.013934651374599746 0.6880382298137351
0.042410552000000004 -0.6539480382027593 -0.33410780526666994 0.31333356130497675 0.6021182892773316
0.042563209000000005 -0.5806804196911486 0.37867653174409677 -0.4343313103618663 0.5751270009871561
0.042698230000000004 -0.7241944050546543 -0.006110095985933136 -0.03693979144759435 0.6885788971407415
0.042883684000000005 -0.6971602930589986 0.149477000195425 -0.19947899249079767 0.6721849539186171
0.043059449 -0.5820933962903959 -0.4429094233293356 0.43243332279152297 0.5272575815335948
0.043230912 -0.5203798961731632 -0.5081980853146532 0.5050162057068418 0.4646493345302314
0.043380943000000005 -0.5048203698437638 -0.5220573066222146 0.5205712460968505 0.44902014534016477
0.043525374000000006 -0.5823944023573128 0.3763983552267592 -0.43203023602939505 0.5766207257340487
0.043680133 -0.41028569878680327 -0.5900020811718457 0.5979242831472208 0.3550370686860681
0.043842178 -0.321951027932779 0.5975489709913818 -0.6497745747179867 0.34216607197956445
0.044019796 -0.4136353858640374 -0.5880004157358003 0.5956115875125709 0.3583428705076448
0.044192737 -0.7210153497376598 -0.11410432245614227 0.07719383956993922 0.6790866145571175
0.044374355000000004 -0.38208454138432313 0.5624402114971709 -0.6163308666960746 0.3972528916865073
0.044522572 -0.3019618668721717 -0.6420221082395282 0.6593031775421443 0.24889526126548858
0.044681194 -0.34381327232211817 -0.6246578076404053 0.638473445886475 0.28973951213299154
0.044854002000000004 -0.43785996913993613 -0.572716752044823 0.5780341300563097 0.3822985393801282
0.045025132 -0.4874216279998877 -0.5365438816896712 0.5368984469648285 0.4316041030738223
0.045188574 -0.7244627898682771 -0.07074048889960707 0.031234794928839054 0.6849629971710767
0.045339895000000005 -0.13547042188726202 0.6674979040953121 -0.7124158494211892 0.16901273477200182
0.045485564000000006 -0.61329488014957 -0.40153332784071244 0.3869086602281461 0.5594127924893103
0.045619081000000006 -0.1816597876807722 0.6550565712940257 -0.7020536130196375 0.21219223912812982
0.045783135 -0.7160225202848899 -0.149277432605265 0.11460351938543918 0.6722309394126742
0.045972095000000004 -0.25854800292825364 -0.6568128033561631 0.677511459911605 0.20671969918960198
0.046159468 -0.43157445325665306 0.5277995845203838 -0.5827441088574117 0.4422460215008809
0.046328474 -0.6365510018806851 -0.36533058702916316 0.3473184400422188 0.5837010731672324
0.046466943000000004 -0.5202404285969173 0.4492380649641735 -0.5051620017517132 0.5218689698969632
0.04661523 -0.6896116968536555 -0.25163958035525313 0.2241862388516315 0.6409791944703945
0.046793737 -0.3451437218851766 -0.624052700994777 0.6377552528834751 0.29104113285653366
0.046975222000000004 -0.23059896920146228 0.6385141302274561 -0.6875289161551369 0.2577421564516002
0.047148772000000005 -0.07182196389252814 0.6798402591295472 -0.7216286702734866 0.10922605115933998
0.04731283 -0.6609758665335346 0.24512056572983815 -0.29822492259049943 0.6434976617322037
0.047469041000000003 -0.5594010033684859 0.4055555392112847 -0.4614172181443621 0.5564980295799153
0.047610673000000006 -0.45715030103816784 0.5075422207512151 -0.5629016473992362 0.46535716527100346
0.047758046000000005 -0.6517614569470904 -0.3382711828636287 0.3178572659665256 0.5997891629415547
0.047937067 -0.6773060188570184 0.20701977561021104 -0.25900293291882337 0.656747580949058
0.048129092000000005 -0.6503972425532185 0.2669677560725292 -0.32064230149218675 0.6347446645752884
0.048292408 -0.7232596777637704 0.00834198995138333 -0.05213202184918345 0.6885554761990271
0.048458783000000005 -0.11790680260345522 -0.6848756765870019 0.7155541393053304 0.07128409247593957
0.048608877 -0.35484647372542905 0.5792230013967729 -0.6324079188986522 0.37235333643309704
0.048754006 0.021927111516062966 0.6884783885785443 -0.7251321319633809 0.020599442690991034
0.048942557000000005 -0.7148511061194612 0.07475549881090532 -0.12170054319178486 0.68453572199802
0.049124433 -0.608885027650823 -0.4078265477963432 0.39381274055932836 0.5548414635162587
0.049280153 -0.40102514046523996 -0.5954009294230312 0.6041755800591972 0.34590593267543623
0.049444468000000005 -0.7208492736177675 -0.1155511360595142 0.07873029870578317 0.6788419920211329
0.049608305000000005 -0.11741176347585427 0.6715570470753188 -0.715617775207127 0.15208291320110154
0.049773119000000005 -0.044492356314582746 0.6834867323586771 -0.7238402859113457 0.08345634534529725
0.049958299000000005 -0.48235892732965385 -0.5405722057031119 0.541452064704049 0.4265475784924491
0.050125417000000005 -0.6694535753202767 0.22610835120557976 -0.2786729241879386 0.6504222537338996
0.050299566000000004 -0.5805181701233404 -0.44482254833911744 0.4345462119259397 0.5256447371042723
0.050458515 -0.7220413501796302 0.022430677625487352 -0.06692385492231594 0.6882405453585528
0.050610805 0.001120525869957188 0.6874269956626946 -0.7252676171908635 0.04031963856305589
0.050775282000000005 -0.49410360077956494 0.47497943197273 -0.5307569220194022 0.49855234393067366
0.050953737000000006 -0.25263543179351705 -0.6585889471873079 0.6797399475802489 0.20099009018812844
0.051138732000000006 -0.43200719321284897 0.5274711515192301 -0.5824234846973478 0.44263791512316575
0.051313548 -0.5007076037926468 0.46870368154124725 -0.5245307495244662 0.5044574257619755
0.051463486 -0.6535256627371906 0.26069994826498893 -0.3142165059822055 0.6373447531532965
0.051632483 -0.5009592297192301 -0.5253610986150061 0.5242884059628244 0.44514983519689494
0.051797302 -0.7251079810997781 -0.03514553469151453 -0.006359596781014772 0.6877087006505678
0.051982234 -0.6136123257471376 0.3313864458905805 -0.3864075148893738 0.6036163456969339
0.052152176 -0.7180761930262926 -0.13644287463410643 0.10093896067586025 0.6749530343953436
0.052320507 -0.2538749669657875 0.6293716313853099 -0.6792758572599172 0.2793301816419342
0.052480154 -0.7101556875348876 0.0986559604236697 -0.14663646292349608 0.6815012999297977
0.052632899000000004 -0.6395384125705256 0.2876260440702932 -0.3417885219078507 0.6256539714471647
0.052785582000000004 -0.5370899297838136 -0.49226649727197674 0.4872057338108042 0.48149697246359885
0.052946847000000005 -0.4879916201503467 -0.5360849875680767 0.5363801166463342 0.4321737212776954
0.053134193 -0.023219129138049285 0.6856350457687701 -0.7248336616887867 0.06335633130330685
0.053298990000000004 -0.7116311721056515 0.09161802596720088 -0.13929917616773607 0.682483136636835
0.053477345 -0.5041402479762369 0.46538226236050717 -0.5212318287472294 0.5075232298707743
0.053646302 -0.36142067621581586 0.5753100577282587 -0.6286728997569896 0.37837134431490516
0.053815076 -0.5569045065819843 0.40855020047205454 -0.464427407970775 0.5543029790097838
0.053987378 -0.6918319588417607 0.16661320691629325 -0.21724016249771086 0.668143408928897
0.05415198500000001 -0.24750510458817274 -0.6600826860447092 0.6816235734080305 0.19602136951463206
0.054314743000000006 -0.6905655254820351 -0.24889206357898583 0.22123024115868714 0.6420509928788728
0.054485413 -0.7138363753347523 -0.1613900663073405 0.12751432077530864 0.6694260849577212
0.054641775000000004 -0.660722712843349 0.24566595158257495 -0.2987851964265092 0.6432895480502838
0.054798947 -0.6603255160208598 -0.3215095965308515 0.2996593407752545 0.6089387826938609
0.054981307 -0.42583154767685666 0.532115513235267 -0.5869540554073496 0.4370426347341216
0.055174895 -0.40102497537027965 0.5498458611394688 -0.6041763639210637 0.41451198074605916
0.055337908000000005 -0.15982280882106795 -0.6794826466903789 0.7073500835264197 0.11146979629535798
0.055489781 -0.06212070870984303 0.6812418049019121 -0.7225267760465597 0.10008487725795691
0.055650716 -0.5769364539549008 0.38359124035946285 -0.4392926400755405 0.5718604680499313
0.055826484 -0.68755033515322 0.1793606549657282 -0.23043348284263443 0.6648345560186387
0.056000397 -0.4903840361903204 -0.5341484304186701 0.5341935148053664 0.43456519376267255
0.05616846700000001 -0.7212710211976956 -0.11181830140290405 0.07476657850999861 0.6794667213489181
0.056339903000000004 -0.7210576545839144 0.03184722859447356 -0.07680022951543553 0.6878689361415895
0.056515304 -0.7214186186368099 -0.1104639552586281 0.07332878719521849 0.6796882293456126
0.056677347 -0.3478231401511046 0.5833083511051889 -0.6362979601204796 0.3659185252935808
0.056869457000000005 -0.6727418326083988 -0.2947051592865836 0.27063460529895056 0.6223539998002086
0.057037109 -0.7250078607254842 -0.028256923693725993 -0.013621682004249855 0.6880260795214419
0.057211044 -0.12115822431601725 0.6707498418709843 -0.7149903293113715 0.15559726089973364
0.057350120000000004 -0.06843233737212433 -0.6882232241495497 0.7220537364576078 0.024034247274334085
0.057508036000000005 -0.6904064171143044 -0.24935328365122084 0.22172639806177413 0.6418720318577714
0.057670391 -0.6553975668930565 -0.3313054947214734 0.31029005172089363 0.6036648491844335
0.05783908200000001 -0.584042605220443 0.37419044504776466 -0.42979936132937524 0.5780560962509897
0.058023332000000004 -0.45530731073538766 -0.5607778787418743 0.5643919491868441 0.3996080443168163
0.058187967 -0.14639604240704385 -0.6814751338381543 0.7102575788010084 0.09858132357408976
0.058356519 -0.6805374670004767 0.1986718849761335 -0.2503886475695402 0.6593210909269493
0.058520999000000004 -0.71678369694679 0.06331458950068214 -0.10974510845196744 0.6856886072172352
0.058691035 -0.10923721189916652 -0.6856822299293032 0.7169251148097386 0.06299099384058646
0.058868584 -0.5944919920692285 0.3597839641224373 -0.4152247825778716 0.5871316934422006
0.059048179000000006 -0.18106421949564347 -0.6758184035803261 0.7022101388425935 0.13189046058097567
0.059230409000000005 -0.5361647462359612 0.43228288244435614 -0.4882260003263192 0.5359989348296463
0.05938954900000001 -0.6120743130172052 0.333778497209567 -0.3888392673335139 0.6022967970439972
0.059566585000000005 -0.4558929261484964 0.5085791504131387 -0.5639204386769263 0.4642234148280924
0.059721654000000006 -0.6772068141959456 0.20727100112080646 -0.25926205833197363 0.6566682722777425
0.059897818000000005 -0.45436328748613464 -0.5614446386909057 0.5651520136156686 0.3986702327215652
0.060070069000000004 -0.6626584423141546 -0.31671814761620376 0.2944642036646017 0.6114447253003689
0.060235697000000005 -0.6513715576022528 -0.3390053995478228 0.3186552839396024 0.5993743355173761
0.060400655000000004 -0.6513939206721939 0.26498707477737343 -0.31861217764365246 0.6355739907779984
0.060562743 -0.25084513489933885 -0.6591134562844938 0.6804006896940299 0.19925599272170555
0.060707356000000004 -0.6991779863595707 -0.2219460038970844 0.19228398119491996 0.651856690641935
0.060896585 -0.08835359552538322 -0.6872166783702061 0.7197967272940309 0.04303892381837803
0.061090636000000004 -0.06491883190629595 0.6808486206656922 -0.7222794051176925 0.10272211221388756
0.061266204000000005 -0.3090691047286819 -0.6392955513237162 0.6560003445096994 0.25581811468932214
0.061445002000000006 -0.19545095517438602 -0.6729674581337513 0.6983394086878283 0.14574353140801824
0.06161838 -0.19030237553504825 -0.6740218722596041 0.6997606498763252 0.14078387895380362
0.061771857000000006 -0.34259265565719543 -0.6252096546710958 0.6391288613579214 0.2885455429750618
0.061968955000000006 -0.7188774237908898 0.04928399944401537 -0.0950669859717574 0.6868396423767347
0.062153636000000005 -0.6356554238409056 0.29464070589903657 -0.34895714552186236 0.6223809425003941
0.062331791000000004 -0.4492520916535252 -0.5650133633723768 0.5692236422361904 0.39359514419529695
0.062498183000000006 -0.3619287243698649 0.5750038098105237 -0.6283801887874915 0.3788361797400479
0.062672644 -0.676403864612854 -0.2861101512250426 0.26134677851359506 0.6263519389197131
0.062846236 0.016591483903956716 0.6880795978144012 -0.7250300475296624 0.0256477926487774
0.06301896 -0.682764250630938 -0.27026476048740783 0.24424755000713771 0.6333506824473464
0.063187907 -0.7160488742760692 -0.14912203853097103 0.11443798688626675 0.6722653136797951
0.06337408500000001 -0.5485758719391218 0.41831982678695284 -0.4742366707439262 0.5469667840555837
0.06354148600000001 -0.4602335072938166 -0.5572561083851094 0.5603809515120985 0.4045043712237825
0.06370031500000001 -0.5798135531532518 0.37982169961886453 -0.43548767085144946 0.5743711107382834
0.063869707 -0.33500942931847133 -0.6285769606983058 0.6431362394758734 0.28113153587828565
0.06405590600000001 -0.36713968881188525 -0.6135428490015177 0.6253479431007621 0.31259084483202876
0.064241105 -0.7184663546019774 -0.13379482429373074 0.09812167278231702 0.6754827456466566
0.064401336 -0.6521268237526955 -0.33758001967524054 0.3171061424704785 0.6001780781003401
0.06456753400000001 -0.43605228215358516 0.5243760031305181 -0.5793999467903279 0.4462996889216754
0.064734374 -0.5971985946359678 -0.4237553565477108 0.4113191447414163 0.5427719616931677
0.064916502 -0.5507126637973552 -0.47839222501862505 0.4717509270509516 0.49528499745786875
0.065094126 -0.6439772596809464 -0.3525092555182267 0.3333459612721454 0.5915324607139919
0.06527279200000001 -0.5889727920654589 -0.4343729839432636 0.42301447914491486 0.5343121313429221
0.065438232 -0.4436859214185756 -0.5688192531764656 0.5735727709913229 0.38807312349837414
0.065606565 -0.7101426395788738 -0.1793600550387939 0.14669542951812053 0.6648364528346636
0.065760438 -0.6487870321692233 -0.3438150056087197 0.3238846542648321 0.5966280010167806
0.065963187 -0.5155584169965043 0.4540315145038749 -0.5099392559743406 0.5177030600000773
0.066144282 -0.5087885105214545 -0.5186063456051753 0.5166923998426319 0.45300104428719185
0.066322438 -0.023746380872608247 0.6855651381075918 -0.7247914141207029 0.06385347014247775
0.066503404 -0.5306688473130524 -0.4985230602636626 0.49419169655810075 0.475014945992436
0.066674042 -0.23696196075629375 0.6360968348276953 -0.6853592826122009 0.2636485947705783
0.06685287200000001 -0.7032414401296961 0.12768202523461036 -0.17684749624772528 0.6766634864636398
0.067029746 -0.3748850701763798 0.5670237582046959 -0.6207360021033111 0.39068034546407554
0.067211912 -0.11188488151054295 -0.6854148288075719 0.7164841430772438 0.06552491112936812
0.067368259 -0.6218890050907318 -0.38877874269460483 0.3729366142264421 0.5683509701228355
0.067532192 -0.7071254923851309 -0.19237758054339824 0.1606107437546321 0.6611869929843246
0.067710175 -0.4809567426574697 -0.541672418512532 0.5426969113639639 0.4251480334716728
0.067909652 -0.44387266257348296 0.5182741917673329 -0.573430085609759 0.4533719524049298
0.068085029 -0.7250388863614614 -0.05238907811171287 0.011837970798635073 0.6866101441735137
0.068259631 -0.7195635787235669 -0.12589509365629376 0.08972106425814304 0.6769995365569473
0.068441785 -0.4190806536559443 0.5370845698698559 -0.5917927776561571 0.4309197140342694
0.06860153100000001 -0.7229812193233666 0.011888197313025288 -0.055856903653053916 0.6885030305379145
0.068781308 0.03548512547082466 0.6873379651906896 -0.7231081210310344 0.007615337387815733
0.06897101700000001 -0.5001798215050584 -0.5260207128167191 0.5250310604506937 0.44436901332710604
0.069154674 -0.7251323812956982 -0.039155038875983136 -0.002130684089633789 0.6874917515385967
0.06934053600000001 -0.43451210544068436 0.5255587263529137 -0.5805556368795615 0.4449057138699843
0.069523209 -0.6213684456983602 -0.38957056209877744 0.37380323740063615 0.5678084174921546
0.069695245 -0.2461457436674091 0.6324993956643279 -0.6821133218403659 0.272166957159952
0.069875583 -0.3844553673434081 0.5609054130708448 -0.614853418947849 0.39941574949765146
0.070065732 -0.6406138474738242 -0.35840203713775276 0.3397648372620367 0.5879804166588893
0.070238991 -0.6307343817237978 -0.37490837670237337 0.3577722828981064 0.5775949631121341
0.070427749 -0.07435211201646955 0.6794377822053403 -0.7213554289254774 0.11160791215172819
0.070596042 -0.7196505647117035 -0.125235794965856 0.0890202378073987 0.6771217630199505
0.070770287 -0.22424123044647665 -0.6663441234332481 0.6896248301114356 0.173521101449002
0.070954641 -0.05690564238249637 0.681932504545133 -0.7229433662539887 0.09516714906566029
0.071124221 -0.41024532741238867 -0.5900247873797414 0.5979506586066812 0.3549973118423842
0.07129673 -0.2752279872085681 0.6202260430911332 -0.6709044494492316 0.29908944252769243
