0 -0.7067529998956005 0.00035399999994770805 0.0003529999999478558 0.7074602089259648
0.0008119140000000001 -0.7067527743145976 0.00035994127538969896 0.00035430118754189023 0.7074604306330965
0.001107436 -0.7067559181581371 0.00036361278756924466 0.0003520621314862153 0.7074572891605861
0.001353952 -0.7067595877436051 0.0003772660804542128 0.0003353105130676744 0.7074536241829947
0.001538405 -0.7067612588801188 0.00037416863985869064 0.0003190596678934916 0.7074519638427385
0.001734436 -0.7067721432453608 0.0003887467021854216 0.0002794094414123032 0.7074410988476179
0.0019133770000000002 -0.7067854184106898 0.00041611177850237204 0.00025846473002914377 0.7074278283818056
0.00208733 -0.7068349664738355 0.00047159404940788386 0.0001949837042165491 0.7073783073789722
0.0022359890000000003 -0.7068626300562197 0.0005591211336936622 7.238431991806662e-05 0.7073506233644472
0.002377506 -0.7069239586145212 0.0006331940714126903 -5.887441840534356e-05 0.7072892706211835
0.0025128050000000003 -0.7069453095032321 0.0007070180258713828 -0.00018385351818653002 0.7072678387250297
0.002667276 -0.7070011253255643 0.0007615643890579785 -0.00028664677632388305 0.7072119531241626
0.002811769 -0.7070810377239288 0.0008790168866673215 -0.00039809672220338414 0.707131865311955
0.002982081 -0.7071729330567855 0.0009060165559488916 -0.0005072157064276901 0.7070398606995867
0.0031317750000000003 -0.7072562894385662 0.0009508637130312263 -0.0006098063824443911 0.7069563388526667
0.003291618 -0.7073145111651405 0.0010059308488118395 -0.0007042111903457577 0.7068979236671623
0.0034424480000000003 -0.7073519134742478 0.0010482915867118417 -0.000747978602469775 0.7068603908248644
0.0035821100000000003 -0.7074278143969007 0.001098638210961977 -0.0007798530086905362 0.7067843180497079
0.0037184590000000003 -0.707468544610597 0.0011824053142939462 -0.0008970732197651381 0.706743274155386
0.003879477 -0.7075814416418267 0.0012353645439396336 -0.0009655951432065742 0.706630062298893
0.004030257000000001 -0.707630552515138 0.001251931608648769 -0.0010122998632091018 0.706580787357932
0.004189202 -0.7077002424998009 0.0013820978332110643 -0.0011085071279475652 0.7065105999086284
0.004343889 -0.7077572578438476 0.0013706086524750832 -0.001204708497631357 0.706453348833959
0.004484364 -0.7078018080804119 0.0013552138529299709 -0.001249026981823904 0.7064086662868113
0.0046304530000000005 -0.7078485161391768 0.0014638710043141873 -0.0012829392996741855 0.7063615854135912
0.0047888720000000004 -0.7078487203214676 0.0015030133133209216 -0.0013372994794996732 0.7063611977737333
0.00497091 -0.7078812352394764 0.0014998475799479266 -0.0013347680934614455 0.7063286244002908
0.005137509 -0.7079162250494678 0.0014867581285195558 -0.001308888004179085 0.7062936320498517
0.005274089 -0.7079333776914695 0.0015205861985327252 -0.0013207476538483118 0.7062763454863791
0.005422473000000001 -0.7079497872837119 0.0014447655304841418 -0.0012968778794390328 0.7062601004200046
0.005572906000000001 -0.7079585203135016 0.0014271370423908894 -0.0012945365668501454 0.7062513865263962
0.0057091730000000005 -0.7080667335249268 0.0013685690817214799 -0.0012358936114741728 0.7061431161322684
0.0058913820000000006 -0.708083539324901 0.0013995300954928204 -0.0012718131333681365 0.7061261396832632
0.006052653000000001 -0.7081362322284686 0.001271917469696828 -0.0011441776172065805 0.7060737565501208
0.006193141 -0.7081589306055754 0.0010925833489854669 -0.001072857212633771 0.7060514033996356
0.006345535 -0.7081505743212924 0.0011157038045087094 -0.0011246225782377012 0.7060596678167513
0.006501304 -0.7081477299842823 0.0011015734919611702 -0.0010948630896201984 0.7060625895264281
0.006642671 -0.708159849231557 0.0010123906689198491 -0.001175809962167898 0.7060504376263819
0.006791040000000001 -0.7081602519937675 0.001038193500813153 -0.0011673055252814295 0.7060500103025207
0.006950607 -0.7081773197528873 0.0006953744937693319 -0.0008720053223249634 0.7060337384634311
0.0071113850000000004 -0.7081836120465502 0.00039553736167300286 -0.0007220874322793971 0.7060278278996073
0.007252740000000001 -0.7081861710704996 0.0003243881954570703 -0.0006232528335794784 0.7060253914929048
0.007396482 -0.7081569394796852 0.00015254375630059801 -0.0004771748735332985 0.7060548832076077
0.007538896000000001 -0.7081672154603268 7.992847695698268e-05 -0.0004239835886107995 0.7060446223834035
0.007670357000000001 -0.708169319243697 8.783753738454589e-05 -0.00043542201757707107 0.7060425043679401
0.007837687000000001 -0.7081382183129913 -0.00021524810234080716 -0.00018314719192748892 0.7060737807693069
0.008014323 -0.7081182184008967 -0.0003245877550797018 -4.759796553809106e-05 0.7060938189404885
0.008162945000000001 -0.7081130720548774 -0.00054282318757727 9.803470105313388e-05 0.7060988407561571
0.00831027 -0.7081271964814703 -0.0006920598404809177 0.0002545835274999601 0.7060845061631776
0.008474474000000001 -0.7081501670225221 -0.0009339377896557661 0.00043862787541719243 0.7060610995599222
0.008634332 -0.7081489267101847 -0.0010395782780561063 0.000492399587247949 0.7060621604496762
0.008770539 -0.7080981226871419 -0.001074865874128642 0.0005344330524342515 0.7061130275611767
0.00893477 -0.7080946039610536 -0.0013033059783594256 0.000808868160132455 0.7061159104333123
0.00910297 -0.7080298097730874 -0.001355580309162071 0.0008827585994996849 0.7061806933157877
0.009277073 -0.7080405674288547 -0.0014750975844157325 0.0010481653114289302 0.7061694416438752
0.00944785 -0.708028499916592 -0.0017027658355932443 0.0012290100196500993 0.7061807370841702
0.009610214 -0.7079735202854579 -0.0019411334441611892 0.0013329792952879102 0.7062350527563519
0.009769603 -0.7079687011107146 -0.0021457572363865187 0.0015466085354805625 0.7062388561779426
0.009921175 -0.7079338799569609 -0.002150982477211101 0.0014544304239847024 0.7062739408442085
0.01009428 -0.7079695480409436 -0.0022267866125946804 0.0014807591414224197 0.7062378974683032
0.010248041000000001 -0.7079917881653099 -0.002329568592534258 0.001495458917746224 0.7062152395716801
0.010411100000000001 -0.7079122279640492 -0.00252560050718966 0.0016812702574966912 0.7062938992879494
0.010554597 -0.7078644673731893 -0.0026115849250411163 0.0017277928460893524 0.7063413411280214
0.010711724 -0.7078849325563594 -0.0028713079962679865 0.001955400052695704 0.7063192297118233
0.010874328 -0.7077877040334124 -0.0030645789550361414 0.002092520863585942 0.7064154554731762
0.01104269 -0.7077170302929612 -0.0031787545178597614 0.0021864141370989817 0.7064854705839666
0.011215826 -0.7076963426917275 -0.003100095285631258 0.002129440557671836 0.7065067171887929
0.011369738 -0.7076644081356701 -0.0030732010174662943 0.002108561702352461 0.7065388841819294
0.011517237000000001 -0.7075992448059273 -0.003116738126782912 0.0021314256481957177 0.7066038860056157
0.011661505 -0.7076014688153337 -0.0032186420922143528 0.0022140735330369366 0.7066009478849116
0.011833910000000001 -0.7076432769834762 -0.0032150697399512423 0.0023980560702312726 0.7065584938232213
0.0120081 -0.7076215422576295 -0.0032747498421561196 0.002455288469911306 0.706579790614574
0.012167805 -0.7075671609580501 -0.0036327835298978115 0.002734558142776916 0.7066314724163892
0.012318448000000001 -0.7075756468554295 -0.003551530929074881 0.0027616236365419038 0.7066232829733754
0.012488810000000001 -0.7075535752641574 -0.003792082262882031 0.0029548192758255152 0.7066433522549176
0.012638566 -0.7075497481851866 -0.0038075707343962514 0.002963643821574167 0.7066470640025904
0.012787986000000001 -0.7075035698130802 -0.003771675784596167 0.002979168272911934 0.7066934255530655
0.012956619 -0.7074516026013429 -0.0036934101846355 0.003027491115571821 0.7067456565098545
0.013114013 -0.7073848012289474 -0.0038725362055547405 0.0032197138301456084 0.7068107100889683
0.013281586000000001 -0.7072685256850217 -0.003857283615655508 0.00323454037459524 0.7069270766401651
0.013441452000000001 -0.7072872859727621 -0.0038770115451960707 0.00326708362533986 0.7069080492166915
0.013612141000000001 -0.7071812082994097 -0.0037075527712607513 0.0032061585114148347 0.7070153557230816
0.013774621 -0.7071747251010743 -0.0036788457781330806 0.003193581138533162 0.7070220472598242
0.013984332 -0.7071681184882035 -0.0036853806443821343 0.003219449215488329 0.7070285038880043
0.014146009000000001 -0.7070904079793731 -0.0038582083742454967 0.003419103112283553 0.7071043621033692
0.014298044000000001 -0.7071405333640771 -0.003849809922939879 0.003341697293590773 0.7070546500068609
0.014453051000000001 -0.7071453219682899 -0.0036964151220118704 0.0032704222151790636 0.7070510126378042
0.014593866 -0.7071592587408599 -0.0036301918980777437 0.0033108565280976004 0.7070372286612011
0.014738074 -0.7071222775444698 -0.00358002896990827 0.003313447209660922 0.7070744579324626
0.014898843 -0.7070795588792295 -0.0035468697427528543 0.003347443860277337 0.7071171838880632
0.015076491000000001 -0.7070725378137083 -0.0036092895729247345 0.0033935145715380997 0.7071236690687946
0.015232200000000001 -0.7070002776818963 -0.0032107948773383373 0.0030732410251622867 0.7071993024201728
0.015373739 -0.7069687014349126 -0.003211253802024823 0.0029795698042659998 0.7072312671285358
0.015527601 -0.706912448797612 -0.002967232962577938 0.002830797859777863 0.7072891713061831
0.015677059 -0.7068196197690577 -0.002646366319524714 0.0025894681092573095 0.7073841364560977
0.015846579 -0.7068579096777975 -0.0026076912769239157 0.0026393080913523948 0.7073458344578969
0.016018749000000002 -0.7068802896743551 -0.0023839257163288767 0.002448499034459695 0.7073249450009221
0.016202093 -0.7069331757172382 -0.0021486654629506285 0.0022564400947665364 0.707273480900541
0.016336692 -0.7068172222344759 -0.0020613773753160635 0.002320569819572672 0.7073894118742301
0.016483077000000002 -0.7068406407468804 -0.0022507090765463917 0.002417522429742022 0.707365109743543
0.016629701 -0.7068420987550088 -0.0015927683575890786 0.00199934521997395 0.7073667458505984
0.016773820000000002 -0.7069363912282416 -0.0013146531964386833 0.0018581612092998703 0.7072734673950979
0.016945331 -0.7068469358362295 -0.001028434167914218 0.0017102447500500484 0.7073637159799696
0.017112046000000002 -0.7068124173160646 -0.0016639884436746915 0.0020728123821562284 0.7073960286283135
0.017259267000000002 -0.7068159854995355 -0.0017496474216471334 0.002168521506228433 0.7073919697669022
0.017392473000000002 -0.7069067678743114 -0.0018032811213951642 0.002273171808283233 0.7073007863707083
0.017549033000000002 -0.7068618668773113 -0.001547646278849929 0.0019834652986935445 0.7073471367094993
0.017692808 -0.7068828192945128 -0.0014251430596935856 0.0019558183818030607 0.7073265324642916
0.017864902000000002 -0.7067967147067803 -0.0011781596398011014 0.0019676445566503523 0.7074129942222326
0.018051845 -0.7068170090669874 -0.0011510633021299115 0.0020755920778045287 0.7073924530728327
0.018208385 -0.7067361966803822 -0.0012740532647760219 0.0021385832594781667 0.7074727920928616
0.018361055 -0.7067872987047059 -0.0010593678674453645 0.0019395270984106728 0.7074226674089975
0.018512973000000002 -0.706790419932798 -0.0007615350659478474 0.0016674721728257844 0.707420625859973
0.018659755 -0.7067719748089131 -0.0003593645756613771 0.0012894241901505105 0.7074401627466942
0.018822792 -0.7067648390764276 -0.0003072033452266497 0.0012237446437340586 0.7074474329025608
0.018996141 -0.7068516190176094 -0.00022186556413097923 0.0012532238828454974 0.7073607063569164
0.019171068000000003 -0.7067428021920756 -0.0002445591096718059 0.001096848721497956 0.7074696803845498
0.019340124 -0.7067148925585053 -0.0004175238532606416 0.0013333848241334312 0.7074970730644498
0.019496746000000002 -0.7066725843360833 -0.0004977045048430702 0.0014153565081470938 0.7075391208999983
0.019643515 -0.7067195021018555 -0.0005218120334375089 0.0015135108226745704 0.7074920369488954
0.019804754 -0.7066949029095245 -0.00041037271998398925 0.0013905356030303295 0.707516934219009
0.019980788000000003 -0.7066564393652289 -0.00024251452535073147 0.0013752029323910926 0.7075554583969066
0.020147154 -0.7066241385482268 -0.000457985967691285 0.0015213608868015164 0.7075873108888274
0.020294878000000002 -0.7066218489073065 -0.0007747894068840429 0.0017367478251739282 0.7075888255584502
0.020434605 -0.7066418293176855 -0.00040661917898623213 0.0015437401566742713 0.7075696266698616
0.020576913000000002 -0.7065304680152205 -0.00045759355613283836 0.0017678150467495377 0.7076802690511386
0.020722581 -0.7065362282705798 -0.0006239571838883188 0.0018416431249846515 0.7076742027015089
0.020902142000000002 -0.7064989047787457 -0.0007840647628960974 0.0019414891255652297 0.7077110380719353
0.021065292000000003 -0.7064049283179309 -0.0007531557289919677 0.001956745576305429 0.7078048326702332
0.021227428000000003 -0.706396155316482 -0.0011496750200700545 0.0024104423170082994 0.7078116555760279
0.021376911000000002 -0.706345158857972 -0.0011221062833619154 0.002317174959429311 0.7078629020761031
0.021526103 -0.7063041542753915 -0.0007559701040885675 0.0019738884719853085 0.7079053424906653
0.021703738 -0.7063125301202526 -0.0005781949895502538 0.0017938763315348712 0.7078976320721724
0.02187725 -0.7063260198487099 -0.0011016675384095352 0.0022887923702604824 0.7078821239746069
0.022038845 -0.7062846236077739 -0.0010173757865776195 0.0021864528122564784 0.7079238764343481
0.022195476000000002 -0.7062496794683418 -0.0014091034084170177 0.00266273332713774 0.7079564354744419
0.022344431 -0.7062379049935159 -0.001454660759979117 0.002731296628279435 0.7079678280339945
0.02251736 -0.7062752279010751 -0.0018276578318748868 0.003093334862886166 0.7079282402896218
0.022662632000000002 -0.7062180954170459 -0.0022263239147460078 0.003469110868611024 0.7079823517977892
0.022795724 -0.7061976659137555 -0.0021860287429383268 0.003476035367811324 0.7080028214028677
0.022969917000000003 -0.7061954253030964 -0.0018306251392374222 0.0033231428431283435 0.7080067985649736
0.023118759000000003 -0.7062054429503997 -0.001990205688804403 0.0035803523989360432 0.707995121808933
0.023287702 -0.7062976475167654 -0.002103995079734919 0.0037057200444509278 0.7079021641130505
0.023452348 -0.7063756139864242 -0.0024448163566730134 0.004098497553696172 0.7078211053338882
0.023595925 -0.7063219155044655 -0.002409320225427053 0.004030039374392391 0.7078752048467267
0.023742033000000003 -0.7063217114311611 -0.0025505850415164996 0.004322637246430416 0.7078731872900244
0.023926529000000002 -0.7063118892169087 -0.0028735204400571444 0.004722091334202883 0.7078791986522516
0.024072153000000002 -0.7062996108721612 -0.0030861103105108653 0.00495258699932354 0.7078889796338123
0.024241205000000002 -0.7062295749089191 -0.0028278251153163853 0.004817698002189188 0.7079608610050734
0.024389498000000003 -0.7062149370823695 -0.0027778427804337038 0.004865394968010883 0.7079753344312483
0.024540758000000003 -0.7061351964112007 -0.0030419874767623352 0.00511666905192243 0.7080520110834513
0.024678138000000002 -0.7061616424560435 -0.0029047531847694085 0.004798424506603644 0.7080284402868104
0.024841357 -0.7060502874775578 -0.0030764740333490775 0.005062479425674681 0.7081369204909777
0.024998217000000003 -0.7060314744713829 -0.003047190513729029 0.005056480160956602 0.7081558470380094
0.025152347000000002 -0.7060100181624795 -0.0027788977688066427 0.004833446311464994 0.7081798993039555
0.025311473 -0.7060345814997179 -0.002342968395073442 0.004472055664797969 0.7081593612625264
0.025466062 -0.706035515753267 -0.0024183902460652848 0.004554509330411139 0.7081576507589223
0.025610839000000003 -0.7060589219650295 -0.0023998130517002628 0.004566693845938847 0.708134298645543
0.02575681 -0.7060964984554962 -0.002168546894310134 0.004482340570573545 0.7080981153034265
0.025939543000000002 -0.7061054862053583 -0.002153613651262117 0.004476549475863183 0.708089235057084
0.026114605000000003 -0.7061445447538613 -0.002523251745394648 0.004784783834223868 0.7080470471364537
0.026272861 -0.7061647757211067 -0.0024440022479957964 0.004656869120010558 0.7080280008260764
0.026434337000000002 -0.7061175483508141 -0.0028783172839937084 0.005167969425169172 0.7080699226013413
0.026564745 -0.7062177725455338 -0.0026759066620212317 0.0047930953298752155 0.7079733918033362
0.026715333 -0.7060708092649443 -0.0032421677123708266 0.0055873454847603626 0.7081117724080754
0.026897746 -0.7060222037089248 -0.003168704236912298 0.005523602856178466 0.7081610671273452
