0 -0.7067529998956005 0.00035399999994770805 0.0003529999999478558 0.7074602089259648
0.0008119140000000001 -0.7067535323208778 -3.950434488419353e-05 0.0007443936039804446 0.7074594609371841
0.001107436 -0.7067539932362218 -0.00038367792996550973 0.0010862592903114153 0.7074584552301677
0.001353952 -0.706754004211426 -0.0008126475400313342 0.0015129316796526722 0.7074572977733881
0.001538405 -0.7067538060424698 -0.0011995199128334649 0.0018977527402652993 0.7074560179481115
0.001734436 -0.706753440575301 -0.0015511051491163487 0.0022469239772519036 0.7074546767393878
0.0019133770000000002 -0.706752928805787 -0.001912663740889058 0.00260619582529479 0.7074530705885564
0.00208733 -0.7067517469588012 -0.002398459594662815 0.003090022130866303 0.7074508232559255
0.0022359890000000003 -0.7067508956508147 -0.0027538266661589635 0.0034432758531707072 0.7074487485230739
0.002377506 -0.7067496991762798 -0.0031399136271700223 0.0038273639372647223 0.7074463618833191
0.0025128050000000003 -0.7067482266892935 -0.0035498180092732273 0.004235203997962407 0.7074435708314384
0.002667276 -0.7067466127561396 -0.003933371020571089 0.0046169115268060446 0.7074407664801995
0.002811769 -0.706744884591946 -0.004350844532389638 0.005032285717412281 0.707437215839986
0.002982081 -0.7067433221151211 -0.004658371513847549 0.005338262482413835 0.7074345758967332
0.0031317750000000003 -0.7067410631200821 -0.005037584181874024 0.005715477736805882 0.7074312869528372
0.003291618 -0.7067387513884519 -0.00540959981805964 0.006085654106861008 0.7074277619162207
0.0034424480000000003 -0.7067356393103884 -0.005854032003883371 0.006527791657155479 0.7074233911696133
0.0035821100000000003 -0.7067332378665605 -0.006203223729543414 0.0068747543682174 0.7074195277643857
0.0037184590000000003 -0.7067308320493892 -0.0065182157964300685 0.007187827442328784 0.7074159872594549
0.003879477 -0.7067267461098352 -0.007029141876754109 0.0076965207752662905 0.7074098253950377
0.004030257000000001 -0.7067225382188682 -0.0075125097801793635 0.008177468146325946 0.7074036649502176
0.004189202 -0.7067197734080174 -0.007807383499285479 0.0084704199289348 0.7073997869827527
0.004343889 -0.7067164267830657 -0.008164409205911142 0.008825656275067876 0.7073947570689292
0.004484364 -0.7067127499656196 -0.00853291180418887 0.009192283625883679 0.7073894121160678
0.0046304530000000005 -0.706709251137075 -0.008864841746230498 0.009522528011752806 0.7073844572779043
0.0047888720000000004 -0.7067034588659088 -0.009354869372620436 0.010010470801098325 0.7073771964944326
0.00497091 -0.7066980716141256 -0.009807957283487469 0.010460859127900835 0.707369924422228
0.005137509 -0.7066933903409149 -0.010177900059346868 0.010828697509560484 0.7073638396957345
0.005274089 -0.7066886129685968 -0.010536107810333383 0.011184991235098278 0.707357823667627
0.005422473000000001 -0.7066815299367536 -0.011031187312307183 0.011677861259520871 0.7073493872967831
0.005572906000000001 -0.706672721379483 -0.011596917884959576 0.012241479964877735 0.7073396090436018
0.0057091730000000005 -0.7066653247149524 -0.012076029655144167 0.012718096853480139 0.7073305721978272
0.0058913820000000006 -0.7066608733156535 -0.012358713667295447 0.01299934665053914 0.7073250238100641
0.006052653000000001 -0.7066558490285533 -0.012686092379000705 0.013324372887925243 0.7073181993848527
0.006193141 -0.7066483525654017 -0.013135080929166076 0.013770985900925542 0.7073089391580637
0.006345535 -0.7066415746290864 -0.013541471220974753 0.014175350583876077 0.7073000586729243
0.006501304 -0.7066321861613654 -0.01405039884365603 0.014682435292344115 0.7072891670788058
0.006642671 -0.7066257645138405 -0.014387758449277855 0.015017885872296447 0.7072817574601818
0.006791040000000001 -0.7066162293088137 -0.014862522989280319 0.015490696873499982 0.7072712691734068
0.006950607 -0.7066040264713556 -0.015441891548659544 0.01606859621668156 0.707258155114166
0.0071113850000000004 -0.706595802172051 -0.015826190052898155 0.016450009724268758 0.7072491083354704
0.007252740000000001 -0.7065872092413333 -0.016229161845742492 0.016851163284222984 0.7072391168044218
0.007396482 -0.7065766744041297 -0.01670981059130212 0.01733046749379944 0.7072268662278398
0.007538896000000001 -0.7065675923142715 -0.017110847824443512 0.017729364431903243 0.7072164633369225
0.007670357000000001 -0.7065546461123179 -0.01764081562668702 0.01825746582329117 0.7072029401966844
0.007837687000000001 -0.7065461651668794 -0.01799946692988126 0.01861459831153414 0.7071930658652689
0.008014323 -0.7065363981293568 -0.018398151734457795 0.019010851279299357 0.7071820230073647
0.008162945000000001 -0.7065285580026262 -0.01871985113010345 0.01933024833329917 0.7071727549897344
0.00831027 -0.7065162909422529 -0.019193680585182508 0.019802000643826558 0.7071592564827949
0.008474474000000001 -0.7065037776232206 -0.019663850868578383 0.020269609995025847 0.7071455918577082
0.008634332 -0.7064949181814453 -0.01999543994911025 0.020599099020869188 0.7071356235437192
0.008770539 -0.7064821261616508 -0.020465029174661295 0.021066261839983603 0.7071212064470168
0.00893477 -0.7064668718491797 -0.020991962753093486 0.02159081803049755 0.7071051782133851
0.00910297 -0.7064579706195806 -0.02130590141506554 0.02190244615036639 0.7070950976817667
0.009277073 -0.7064458386925069 -0.021715216846620863 0.022309566050665433 0.7070820388144345
0.00944785 -0.7064332638558408 -0.022133466268249764 0.022725891863272722 0.7070683752141349
0.009610214 -0.7064212693230036 -0.022529230915732452 0.0231199323294032 0.7070550846514772
0.009769603 -0.706405711746615 -0.023025334566001265 0.023614099062636392 0.707038314877874
0.009921175 -0.7063957826416489 -0.023341714036555584 0.02392896348568657 0.7070272748334612
0.01009428 -0.7063793103026065 -0.02385102390634054 0.024436414481438223 0.7070093777895216
0.010248041000000001 -0.7063645686313402 -0.024299558407428878 0.024882782962045828 0.7069932635856797
0.010411100000000001 -0.7063502575272508 -0.024719006589269635 0.025300029425086558 0.7069782124758286
0.010554597 -0.7063373664036154 -0.025098493681747963 0.025677283528119783 0.7069641204103152
0.010711724 -0.7063242047206069 -0.025484501518979442 0.02606107261309566 0.706949417216245
0.010874328 -0.7063098289220479 -0.025896967421844056 0.02647147327221151 0.7069335426680929
0.01104269 -0.7062964336926022 -0.026279430164954595 0.026851409460484876 0.7069184826507963
0.011215826 -0.7062788277605241 -0.026760951504269374 0.02733073401342039 0.7068996392063699
0.011369738 -0.706263398127047 -0.027180476502042306 0.02774771147025781 0.7068828040568845
0.011517237000000001 -0.7062478707992635 -0.02759477985627801 0.028160138594027773 0.7068659559708316
0.011661505 -0.7062302547560501 -0.02805160562451677 0.02861481886047517 0.7068473150763719
0.011833910000000001 -0.7062175011490391 -0.028386298672367503 0.028947242395486246 0.7068331601419032
0.0120081 -0.7062056294859861 -0.028695342701979723 0.02925386368763102 0.7068199188257687
0.012167805 -0.7061896659027138 -0.02909934448755946 0.02965572045720366 0.7068026048104057
0.012318448000000001 -0.7061821212821747 -0.02930593219542076 0.029860271243281188 0.706792995240364
0.012488810000000001 -0.7061684092799929 -0.029653214400253793 0.03020516804688689 0.7067775551288813
0.012638566 -0.7061513423090845 -0.030068927200117116 0.030618760760227078 0.7067592467464594
0.012787986000000001 -0.7061387320868507 -0.030377041316048133 0.03092477177559899 0.7067453465699562
0.012956619 -0.7061214535946853 -0.03078906202097628 0.03133476754890598 0.7067267214248063
0.013114013 -0.7061089384299757 -0.031091413698049238 0.03163517279894402 0.7067126055940514
0.013281586000000001 -0.7060923041597637 -0.03148797588548752 0.032029293730151565 0.7066939151599801
0.013441452000000001 -0.7060704826474204 -0.03198217658464151 0.03252163212606824 0.706671038998208
0.013612141000000001 -0.7060504235846632 -0.03243020347280723 0.03296789827669387 0.7066499833311047
0.013774621 -0.7060255790722875 -0.032975963887505226 0.03351192783718986 0.7066239581233916
0.013984332 -0.7060074729178196 -0.03337014051676403 0.03390423533686294 0.7066048292591206
0.014146009000000001 -0.7059925083851525 -0.03369755243860752 0.03422980284504395 0.7065885462281993
0.014298044000000001 -0.7059752667682918 -0.03406634690773126 0.03459660427325547 0.7065702241763122
0.014453051000000001 -0.7059582301617532 -0.034426993236623016 0.034955262731676325 0.7065521134431154
0.014593866 -0.7059385224075146 -0.034836700337242975 0.03536288686847511 0.7065314381703327
0.014738074 -0.7059239381475754 -0.03514114749476977 0.03566568949101051 0.7065157124198322
0.014898843 -0.7059080118264174 -0.03546643731156512 0.035989149016960945 0.7064989680224151
0.015076491000000001 -0.7058935527869054 -0.03576634507349218 0.03628669194386819 0.7064830760051781
0.015232200000000001 -0.705881031395707 -0.03602590871357972 0.03654470058098533 0.7064690993076365
0.015373739 -0.7058601468334302 -0.036446546946844176 0.03696341270028847 0.706446606934658
0.015527601 -0.7058457602934483 -0.03673708336013635 0.03725183908104425 0.7064307820777898
0.015677059 -0.7058263696203675 -0.037118471115338315 0.03763149048397879 0.7064100975881853
0.015846579 -0.7058052163842785 -0.037529245953151644 0.03804074118869431 0.7063876090594651
0.016018749000000002 -0.7057846513895871 -0.03792417369270318 0.03843406398597168 0.7063657732634914
0.016202093 -0.7057678617111468 -0.03824153077880707 0.03874866966757533 0.706348250722238
0.016336692 -0.7057515204851803 -0.038547110154044016 0.039052644463366495 0.7063312272525188
0.016483077000000002 -0.705733661101567 -0.03888473367051612 0.03938967944150368 0.7063118505511927
0.016629701 -0.7057136503705014 -0.039258239346241924 0.03976175714136013 0.7062903347726128
0.016773820000000002 -0.705693134141245 -0.03962873456484192 0.040129897714790315 0.7062693219531057
0.016945331 -0.7056770024558685 -0.03992202413610808 0.04042160059369512 0.7062522880665402
0.017112046000000002 -0.7056554505700003 -0.040307589585433325 0.040804293969240416 0.7062299150392436
0.017259267000000002 -0.7056337657547863 -0.04069221293323748 0.04118767702055916 0.7062072696418302
0.017392473000000002 -0.7056087163936154 -0.04113309891938584 0.04162705080495353 0.7061809939129823
0.017549033000000002 -0.7055838940360538 -0.0415686809368661 0.04206080599183669 0.7061545877790558
0.017692808 -0.7055634864626278 -0.04192101408896081 0.04241082249746183 0.7061332149697723
0.017864902000000002 -0.70554358093125 -0.04226302815598156 0.042751024119599926 0.7061122019867125
0.018051845 -0.7055253255627848 -0.0425752719945279 0.04306087101652086 0.7060928569185645
0.018208385 -0.7054999409904671 -0.04300376367945787 0.04348799633023153 0.7060660760488595
0.018361055 -0.7054767831738306 -0.04338939692530907 0.043871452806992325 0.7060418997947426
0.018512973000000002 -0.7054518545398807 -0.04379987771707015 0.04428060289328551 0.7060159203910514
0.018659755 -0.7054265672118216 -0.04421883934707668 0.04469811222975707 0.7059887614414568
0.018822792 -0.7053982737049447 -0.04467565527422814 0.04515324489440441 0.7059593088524379
0.018996141 -0.705377706321464 -0.045009664743906955 0.045484992006249475 0.7059373463746669
0.019171068000000003 -0.7053486714773071 -0.04547456083321792 0.045947536296373805 0.7059066084621399
0.019340124 -0.705320930122093 -0.04591511320545892 0.04638643734603084 0.7058771042762203
0.019496746000000002 -0.7053019053793618 -0.046217987023622335 0.04668751247444165 0.7058564982506562
0.019643515 -0.7052769962741025 -0.04660746400490091 0.047074236049161625 0.7058300922502547
0.019804754 -0.7052502618197055 -0.04702180759205279 0.04748731061496803 0.7058016528349689
0.019980788000000003 -0.7052354830975285 -0.047250820108760916 0.047713278795824654 0.7057858856663263
0.020147154 -0.7052128401196119 -0.047595416362749776 0.04805488169012206 0.7057621800701985
0.020294878000000002 -0.7051881123379511 -0.04797010114593249 0.048428356264150714 0.7057359916589507
0.020434605 -0.7051649459330844 -0.048322448333985496 0.04877879533341134 0.7057109671388311
0.020576913000000002 -0.705141861971662 -0.0486625500098181 0.049117276895893285 0.7056871855376258
0.020722581 -0.7051140360490107 -0.04907047378378075 0.04952421979337427 0.705658300045547
0.020902142000000002 -0.7050965553824432 -0.04932488737734011 0.0497749172651969 0.7056403904853183
0.021065292000000003 -0.7050696687278765 -0.04970990523660986 0.05015825370692718 0.7056130930945125
0.021227428000000003 -0.7050422060158992 -0.05010953149741698 0.05055630726472317 0.7055838592152621
0.021376911000000002 -0.7050110985530256 -0.05055200890592169 0.050995838551397485 0.7055517484657491
0.021526103 -0.7049851457413346 -0.05092642763646866 0.05136760640919774 0.7055237857535708
0.021703738 -0.704953733277619 -0.051368049790371344 0.05180719002458649 0.7054910151521717
0.02187725 -0.7049221335134583 -0.05180606531107515 0.052242376486204035 0.7054584689256316
0.022038845 -0.7049009682466206 -0.0521004341314536 0.052533921955521055 0.705436288244563
0.022195476000000002 -0.7048754243037041 -0.052449915871038345 0.05288160617850098 0.7054099363248154
0.022344431 -0.7048563971779717 -0.05271276474271851 0.05314167413045097 0.7053898115659776
0.02251736 -0.7048225279293585 -0.05317170069343153 0.0535988331647137 0.7053546196432134
0.022662632000000002 -0.704778016330097 -0.05376545268761 0.05419059132628582 0.70530887106772
0.022795724 -0.7047465982167213 -0.05418379894451099 0.05460631717884212 0.7052761858719377
0.022969917000000003 -0.7047231878117224 -0.05449077291928349 0.0549111523415915 0.7052522595324782
0.023118759000000003 -0.7046892736165774 -0.05493520644616787 0.05535240420100307 0.705217173707242
0.023287702 -0.7046678665316208 -0.05521525354676807 0.05562967828016649 0.7051948755826217
0.023452348 -0.7046350113078778 -0.055642431863219155 0.05605471193984824 0.7051604710169445
0.023595925 -0.7046079973507723 -0.05599366023432306 0.05640418944265649 0.7051317944159222
0.023742033000000003 -0.704565541879042 -0.056536213761613455 0.056944732553813084 0.705087477668248
0.023926529000000002 -0.7045416245776501 -0.056838423214067 0.057244767471201434 0.7050627840704662
0.024072153000000002 -0.7045202375657811 -0.05710867639171702 0.057512254534406775 0.7050405481384853
0.024241205000000002 -0.7044868191066608 -0.05752866655403692 0.057931014004154145 0.7050055119259342
0.024389498000000003 -0.7044518081253973 -0.05796428251784392 0.058365189833698185 0.704969003997148
0.024540758000000003 -0.7044434048210269 -0.05807057503850436 0.05846906464162817 0.7049600458173455
0.024678138000000002 -0.7044266862672277 -0.058281171267864744 0.058677470491900516 0.7049420566308237
0.024841357 -0.704398095962746 -0.05863292766048611 0.05902782770019155 0.7049122057072208
0.024998217000000003 -0.7043720209328087 -0.05895143965386845 0.059343632866984616 0.7048851801023486
0.025152347000000002 -0.704337699614804 -0.059368762513912744 0.05975832769196013 0.704849414563393
0.025311473 -0.7043120358055526 -0.0596818773574185 0.060068924202619466 0.7048222145191485
0.025466062 -0.7042867962402638 -0.059987390349724126 0.060371864811480734 0.7047956154658199
0.025610839000000003 -0.7042582919360295 -0.06033067897542001 0.06071246797254954 0.7047655380666666
0.02575681 -0.7042253991876282 -0.0607220524947057 0.06110352130702996 0.7047309977315757
0.025939543000000002 -0.7042034546084122 -0.06098473901037193 0.06136372316218102 0.7047076341328329
0.026114605000000003 -0.7041757498331241 -0.06131018138440715 0.061686154933466304 0.7046789292259971
0.026272861 -0.7041446878776982 -0.061676166140522085 0.06204979128108733 0.7046461044139846
0.026434337000000002 -0.7041157234033507 -0.06201404574965285 0.06238489995491532 0.7046158034301787
0.026564745 -0.704079965453488 -0.06242786857776059 0.06279666380961747 0.704578414717794
0.026715333 -0.7040564178117734 -0.06270068813670701 0.06306757697130101 0.7045535217286271
0.026897746 -0.7040235431936702 -0.06307795463018546 0.06344261036210486 0.7045190256190034
0.027078968000000002 -0.7039881080347515 -0.06347987347645428 0.06384279328701642 0.7044821837025979
0.027234919000000003 -0.7039548284921623 -0.06385625686839388 0.06421655716502031 0.7044474513313289
0.027380643000000003 -0.7039196943865637 -0.06425058532984702 0.06460919691651147 0.7044108018857375
0.027510992 -0.7038870061241433 -0.06461643815984466 0.06497229960369183 0.7043766029712646
0.027665715 -0.7038530990622401 -0.06499380930199722 0.06534725299604911 0.7043410794627641
0.027822051 -0.7038212560623308 -0.06534563106591104 0.06569694054073931 0.7043078162416153
0.027999605 -0.7037776517620917 -0.0658176643731231 0.06616672763807259 0.7042634564496283
0.028165612000000003 -0.7037388883752833 -0.06623926777912457 0.06658622973624313 0.7042231254381837
0.028308157 -0.7037005754322704 -0.06665163133395755 0.06699688009953274 0.7041835543618923
0.028444601000000003 -0.7036626584931399 -0.06705450984308034 0.06739693665876995 0.7041450196380645
0.028587088 -0.7036277368353464 -0.0674234088480759 0.06776391360868657 0.7041094686962489
0.028727548000000002 -0.7035979431763185 -0.0677416952450936 0.06807995491780502 0.7040782036263943
0.028898661000000003 -0.7035469061242668 -0.06827497650733073 0.06861176120543022 0.7040260681893749
0.029081631 -0.7035111881517094 -0.0686463169482895 0.06898043861440033 0.7039896237895668
0.029246766 -0.7034692139900025 -0.06908197031259503 0.06941445502193465 0.7039462904086018
0.029408052 -0.703426174456151 -0.06952677413907771 0.06985749245139294 0.7039016802907974
0.029553313 -0.7033953058767961 -0.06984554150305082 0.07017429043060101 0.7038694573322539
0.029700007 -0.703357897695891 -0.07022862843300708 0.07055543486437646 0.7038306174843063
0.029855498 -0.7033113836369231 -0.07069743253635086 0.07102247386785329 0.7037831902547693
0.030011006000000003 -0.7032676932634395 -0.07113829303619501 0.07146084118354167 0.7037380500251238
0.030176635 -0.7032278973107633 -0.07153819142040496 0.0718594211740593 0.7036966926174338
0.030334225000000003 -0.7031913135903443 -0.07190720224696835 0.07222573598139954 0.703658137036765
0.030481386000000003 -0.7031531519056561 -0.07228562356755905 0.07260128251462894 0.7036188509184697
0.030621836000000003 -0.7031161851988418 -0.07265199507972646 0.07296485485945273 0.7035804486181436
0.030784713000000002 -0.7030835704798812 -0.0729724826001221 0.07328338081562864 0.7035467687372847
0.030954541000000002 -0.7030566083863508 -0.07323819161375537 0.07354646198352383 0.70351864980478
0.03112213 -0.7030214345795522 -0.07358220710996596 0.07388754181253757 0.7034821621643588
0.031274397 -0.7029817777446569 -0.07396866304345309 0.07427218296766963 0.7034407579062711
0.031427898 -0.7029504072086051 -0.07427426215517706 0.0745760291275345 0.7034077586053027
0.031573757 -0.7029146480434699 -0.07462024012018963 0.07492005434633177 0.7033703169647402
0.031715318 -0.7028673799271435 -0.07507260344490242 0.07537056773271433 0.7033212836008957
0.031892311 -0.7028373681851735 -0.07536179595589872 0.07565843856811949 0.703289438472014
0.032054867 -0.7027881448900383 -0.07582675119289022 0.076122353720735 0.7032385900031165
0.032215607 -0.7027581236334424 -0.07611001873466851 0.07640356570869425 0.7032074941739567
0.032387286 -0.7027105888323236 -0.07655532365159416 0.07684693103457171 0.7031583462877352
0.032526643 -0.7026550906298035 -0.07706899513379012 0.0773587482748832 0.7031015699502027
0.032681417000000004 -0.7026106819171711 -0.07748073438792694 0.07776878424683903 0.7030554612911915
0.032840965 -0.7025636056173739 -0.07791383212408187 0.07819970555471181 0.7030068426955873
0.033017888 -0.7025276804069637 -0.07824515295359537 0.07852959719462366 0.702969171917045
0.033173541 -0.7024879147661738 -0.0786095715495662 0.07889176844469739 0.7029277016450135
0.03333398 -0.702447491091167 -0.07897635063358054 0.07925729248720587 0.7028858654774118
0.033483428 -0.7024038709888378 -0.0793719835933287 0.07965100915935941 0.7028403851375207
0.033630006000000004 -0.702355966768319 -0.07980211017093486 0.08007827331368263 0.7027909997291596
0.033771858 -0.7023119806971697 -0.08019400251176945 0.08046813980827043 0.7027458162139164
0.033946741 -0.7022766501635741 -0.08050878574192365 0.08078139328392063 0.7027091920222084
0.034106865 -0.7022397937604984 -0.08083459125503809 0.08110514818825047 0.7026713284695854
0.034267338 -0.7022054638785165 -0.08113706452686881 0.08140651029966171 0.7026359251703242
0.034425679 -0.702168218577798 -0.08146551641552843 0.08173272309360416 0.7025972704402882
0.034577372 -0.7021303834958 -0.08179503046051073 0.08206050864263323 0.7025585886496042
0.034726316 -0.7020799984773157 -0.082233848379619 0.08249751896873207 0.7025065332669728
0.034900279 -0.7020414931951846 -0.08256963348064947 0.08283124912325388 0.7024663562248621
0.035064421000000005 -0.701996372525153 -0.08296088138398677 0.08322036535646662 0.702419359009603
0.035227309000000005 -0.7019472024911925 -0.08338198678275749 0.08364006864581837 0.7023687835545356
0.035375128 -0.7019034229263792 -0.08375696490639387 0.08401351057256087 0.7023233484337412
0.035528497 -0.7018600476582736 -0.08412505777431749 0.08437995222314067 0.7022787707302711
0.03567853 -0.7018238218409457 -0.0844329123800222 0.08468609525791827 0.7022411777114539
0.035839259000000005 -0.7017754255966671 -0.08484001509206258 0.08509093766546799 0.702191538111229
0.036006296 -0.7017198943674852 -0.08530419323519008 0.08555287377187056 0.7021346667518704
0.03618345 -0.7016837313721919 -0.0856056938281935 0.08585204599162925 0.7020975947194588
0.036328522 -0.7016337086312562 -0.08602160540278661 0.08626571407856821 0.7020460447084639
0.036478764000000004 -0.7015880161507431 -0.08639967838649526 0.08664205700479385 0.7019989352743777
0.03664042 -0.7015384804032943 -0.08680564376502442 0.08704593968561468 0.7019483920547376
0.036791225000000004 -0.7014963331553469 -0.08714996266154879 0.08738870445350871 0.7019052592135478
0.036959918 -0.7014535248177034 -0.0875031827519828 0.08773951975469035 0.7018603295544749
0.03712987 -0.7014091865675598 -0.08786542976777889 0.08810009435131592 0.7018142151778162
0.037292625 -0.7013637197051131 -0.08823198955048625 0.0884644955556946 0.7017678260845635
0.037446323000000004 -0.7013267014374461 -0.08853004733965598 0.08876075906392579 0.7017298741106243
0.037594583 -0.7012720944820049 -0.08896678445057427 0.0891955379950782 0.7016740815842658
0.03774901 -0.7012155676363767 -0.08941542337088994 0.08964186160963368 0.7016166662893387
0.037915765000000004 -0.7011668825004667 -0.0898005166771172 0.09002392990914568 0.7015672185420441
0.038086025 -0.7011187989895151 -0.09018153343870325 0.09040277864846537 0.7015176821312404
0.038232765 -0.7010819374538121 -0.09047422121683878 0.0906933553049606 0.7014793279739264
0.038387719 -0.7010370971696256 -0.09082890892935087 0.09104551761859982 0.7014326848787825
0.038540181 -0.7009937476387986 -0.0911692173165199 0.09138392815722857 0.7013878508070749
0.038691764000000003 -0.7009353760653849 -0.09162379873548512 0.09183668946655224 0.7013278124765826
0.038863203000000006 -0.7008781701150221 -0.0920653429249628 0.09227607164097755 0.7012694844999632
0.039041192 -0.7008363568648331 -0.09238886129438549 0.09259840282024476 0.7012262366742293
0.039202092 -0.7007780913867756 -0.09284013748350746 0.09304801890525909 0.7011653454657937
0.039350485000000004 -0.7007203150135203 -0.09328195206185066 0.0934878591654068 0.7011059390245958
0.039515488 -0.7006853371432744 -0.09355158361539993 0.09375543808930956 0.7010692386235158
0.039660581 -0.7006306216456689 -0.09396763113413924 0.09416857015807813 0.7010129076599325
0.039829627 -0.7005730431954234 -0.09440062739973451 0.09459853054243617 0.7009543856155406
0.040004513000000005 -0.7005394315871303 -0.09465495628803502 0.09485081938389052 0.7009195860467184
0.040179123000000004 -0.7004765066493376 -0.09512509176843338 0.09531914246871212 0.7008552929295926
0.040335879000000005 -0.7004120746558666 -0.09560174897748591 0.0957931856563855 0.7007901946021503
0.040489265 -0.7003660083438816 -0.09594426640976135 0.09613315252731769 0.7007428694497849
0.040627125 -0.7003106906729453 -0.09635353429770628 0.09654027493293259 0.7006860268860834
0.040772806 -0.700272297548805 -0.09663655829300315 0.0968206128119986 0.7006467396782192
0.040950864000000003 -0.7002096920896527 -0.09709389512057151 0.0972755796457383 0.7005830601995907
0.041116061 -0.700148639082465 -0.0975388852267902 0.09771799338611749 0.70052069407569
0.041274623 -0.7000973208320874 -0.09791072933798467 0.09808787471841969 0.7004684141897258
0.04142796 -0.7000339137458449 -0.09836746813706818 0.09854209501212918 0.7004040379156926
0.04157269 -0.6999850672922613 -0.09872026774182648 0.09889296167007693 0.7003537652050996
0.041719729000000004 -0.6999413272527288 -0.0990377296776859 0.09920848655797024 0.7003080341527317
0.04189918 -0.6998886257775266 -0.09941473605269432 0.09958282153746467 0.7002541563014564
0.042079281 -0.6998332884700538 -0.0998095310334482 0.09997549292195902 0.7001973483805074
0.042244891 -0.699764393093474 -0.10029508292537714 0.10045873729120752 0.7001276545040758
0.042410552000000004 -0.6996929191054833 -0.10079806866638921 0.10096010870429684 0.7000547298298889
0.042563209000000005 -0.6996298175323968 -0.10124075005980247 0.1014011257057619 0.6999901718256669
0.042698230000000004 -0.6995671194733963 -0.10167880439533115 0.10183665076134472 0.6999261122791115
0.042883684000000005 -0.6995181680303377 -0.10201980090571304 0.10217520680699116 0.6998760746965108
0.043059449 -0.6994665213190827 -0.10237980427527363 0.10253232084406935 0.6998228950332186
0.043230912 -0.6994264686437472 -0.10265775415138371 0.10280849282065559 0.6997816904414442
0.043380943000000005 -0.6993606447429823 -0.10311254316143077 0.1032607901442172 0.6997140138987233
0.043525374000000006 -0.6992996331838761 -0.10353276175202218 0.10367996324281706 0.6996509526148533
0.043680133 -0.6992417532628388 -0.10392870854618064 0.10407381741431901 0.6995916198487899
0.043842178 -0.6991839021095446 -0.10432294330481154 0.10446633843210491 0.6995322570587358
0.044019796 -0.6991429665424456 -0.10460258002427156 0.10474376790179604 0.6994899253543528
0.044192737 -0.6991053987610221 -0.10485735964234126 0.10499618613224274 0.6994514825559534
0.044374355000000004 -0.699035606906653 -0.1053276295004372 0.1054640409184914 0.6993801876044369
0.044522572 -0.6989792843885553 -0.1057056494393001 0.10584103526704663 0.6993224942227209
0.044681194 -0.6989276416365322 -0.10605336691175926 0.10618676576596073 0.6992690511521648
0.044854002000000004 -0.698869387482661 -0.10644103254233672 0.10657179214575666 0.6992097960911172
0.045025132 -0.6988033715573618 -0.10687993225998094 0.10700926362603805 0.6991420066612986
0.045188574 -0.6987690735745714 -0.10710808862864848 0.10723516253824673 0.6991067580001337
0.045339895000000005 -0.698699361090619 -0.10756703664154246 0.10769188930878791 0.6990357590401441
0.045485564000000006 -0.698655997092056 -0.10785563974657787 0.10797836045156464 0.698990437972053
0.045619081000000006 -0.6986008508770029 -0.10821676140641577 0.10833734349954044 0.698934191257021
0.045783135 -0.6985445389837542 -0.10858274233564746 0.10870105080408464 0.6988772400621882
0.045972095000000004 -0.6984710416871319 -0.1090613374285122 0.10917791758571056 0.6988018395185102
0.046159468 -0.6984143272720857 -0.10942720784237554 0.10954151962577385 0.698744423321565
0.046328474 -0.6983803957283202 -0.10964756580229257 0.10975927086436028 0.6987096225438145
0.046466943000000004 -0.6983075404702682 -0.11011572802403306 0.1102257364365928 0.6986353787141916
0.04661523 -0.6982497256168142 -0.11048790855909207 0.110595739030937 0.6985759266153476
0.046793737 -0.6982109540014513 -0.11073447048207265 0.11083944131019334 0.6985370133425226
0.046975222000000004 -0.6981526632272079 -0.11110661586542202 0.11120981352081302 0.69847731252802
0.047148772000000005 -0.6980957232850005 -0.1114672293966828 0.11156894275107129 0.6984194935103377
0.04731283 -0.6980234445467621 -0.11192351526779845 0.11202252503575248 0.6983461544805667
0.047469041000000003 -0.69796875226468 -0.1122682836797195 0.11236552824651651 0.6982903704073159
0.047610673000000006 -0.6978936403239594 -0.11274076771719573 0.1128363681319434 0.6982133915334989
0.047758046000000005 -0.6978293972273166 -0.11314299334824542 0.11323635094695957 0.6981477810935054
0.047937067 -0.6977504464229441 -0.11363330102553884 0.11372483729993199 0.6980676534518232
0.048129092000000005 -0.6977045580451426 -0.11391855512047781 0.11400837525402785 0.6980207753743731
0.048292408 -0.6976333762632699 -0.11435821596330246 0.11444592712586754 0.6979484225424621
0.048458783000000005 -0.6975809750071679 -0.11468142892845352 0.11476744544220079 0.6978949681962594
0.048608877 -0.697522217026229 -0.11504394528197082 0.11512776498210595 0.6978346832445401
0.048754006 -0.6974567145622083 -0.11544567657090883 0.11552706156733214 0.6977678160525912
0.048942557000000005 -0.69739613489208 -0.11581628281440208 0.11589614649626151 0.6977057423441266
0.049124433 -0.697340788544813 -0.11615551604190877 0.11623292807438361 0.6976486416212683
0.049280153 -0.6973006895989465 -0.11640173002969596 0.1164768809373773 0.6976069966234835
0.049444468000000005 -0.6972432310179365 -0.11674986800646497 0.11682252085585003 0.6975484526117418
0.049608305000000005 -0.6971705059338369 -0.1171884588249393 0.11725860305647458 0.6974744230317317
0.049773119000000005 -0.6971293162136718 -0.11743694992021257 0.11750509960819777 0.6974323127264561
0.049958299000000005 -0.6970580790827925 -0.11786504736503678 0.11793101399337641 0.697359405854362
0.050125417000000005 -0.6970140079239513 -0.11813137280586121 0.11819536502925172 0.6973136361798787
0.050299566000000004 -0.6969574072451119 -0.11847047786089472 0.11853261640990453 0.6972554318243888
0.050458515 -0.6968888687163194 -0.11887729445810823 0.1189382806018991 0.6971856129676535
0.050610805 -0.696848824872051 -0.1191172789833581 0.11917558202735962 0.6971441527908646
0.050775282000000005 -0.6967930569095818 -0.11944731008309854 0.11950400607620809 0.6970872029296334
0.050953737000000006 -0.6967361621980669 -0.11978168271230595 0.11983625383225406 0.6970296557820042
0.051138732000000006 -0.6966711090351163 -0.12016297398528447 0.12021553776873382 0.6969637365012451
0.051313548 -0.6965802491731352 -0.12069204408819825 0.12074264122586449 0.6968720123132494
0.051463486 -0.6965110547763054 -0.12109494747156431 0.12114305634085383 0.6968017825548845
0.051632483 -0.6964423850105702 -0.12149333920248512 0.1215391772424079 0.6967320871651221
0.051797302 -0.6963876738694201 -0.12180931961118419 0.12185318515962283 0.6966767533117948
0.051982234 -0.6963061775530599 -0.12227936887062957 0.12232146040786851 0.6965938008436077
0.052152176 -0.6962462625946396 -0.12262435233311648 0.12266490117490071 0.6965326496709555
0.052320507 -0.6961763093309712 -0.12302617755401918 0.12306444656139226 0.6964612321983927
0.052480154 -0.6961276429243416 -0.12330500985931463 0.12334092193291893 0.6964116571948971
0.052632899000000004 -0.6960470158026505 -0.12376291278469162 0.12379705926940393 0.6963300807286238
0.052785582000000004 -0.6959922883370908 -0.12407457377921507 0.1241062288890664 0.6962742840775833
0.052946847000000005 -0.6959108803532472 -0.12453544628942233 0.12456538146643417 0.6961913781163878
0.053134193 -0.6958509058800844 -0.12487414813130397 0.1249023125376639 0.6961302868264685
0.053298990000000004 -0.6957516239648943 -0.12543157866122578 0.1254575402964415 0.6960294551292656
0.053477345 -0.6956867297424082 -0.12579514903397188 0.12581922321296524 0.6959634168617851
