0 -0.7067529998956005 0.00035399999994770805 0.0003529999999478558 0.7074602089259648
0.0008119140000000001 -0.7067539771153539 0.0001715505091300432 0.0005358694480636216 0.7074591855690244
0.001107436 -0.7067534862959148 -1.0194564285977919e-05 0.0007174601414190358 0.7074595357726029
0.001353952 -0.7067546575622116 -0.00019304859501470726 0.0009063982988083697 0.7074581225687391
0.001538405 -0.706746278259782 -0.0004299379771716309 0.0011365325395584604 0.70746605686285
0.001734436 -0.7067413928382269 -0.0006202475631853163 0.0013238422920075115 0.7074704703262388
0.0019133770000000002 -0.7067434360891534 -0.0008090801216799527 0.0015217116101434243 0.7074678404903145
0.00208733 -0.7067439099893029 -0.0010540132783152507 0.001760870693823487 0.7074664897247367
0.0022359890000000003 -0.7067386214282301 -0.0012573487491495978 0.0019502759940793705 0.7074709439117588
0.002377506 -0.7067432862176136 -0.0014940522475273817 0.002176961354630757 0.7074651624168293
0.0025128050000000003 -0.7067438110085681 -0.0017200304245241188 0.002404239817556943 0.7074633889660468
0.002667276 -0.7067426203924455 -0.0018669914634526698 0.002541500299661468 0.7074637260241136
0.002811769 -0.706745564353068 -0.002150598078762684 0.0028056041288061014 0.7074589816947974
0.002982081 -0.7067427507827839 -0.002373552163074826 0.0030326638194162563 0.70746014263439
0.0031317750000000003 -0.7067355141753501 -0.0026140746601607365 0.00328864932196056 0.7074653803562491
0.003291618 -0.7067285161925554 -0.0026507806034073915 0.0033346268065406765 0.7074720192534281
0.0034424480000000003 -0.7067296202037625 -0.002845659812602994 0.0035244085746662344 0.7074692393956614
0.0035821100000000003 -0.7067386846381307 -0.003069949373587433 0.0037558435730424174 0.7074580557784775
0.0037184590000000003 -0.7067331348852237 -0.0033238871415484698 0.0040139380345292144 0.7074610350620234
0.003879477 -0.7067377952762111 -0.0034518430204879516 0.004152442491057008 0.7074549672800672
0.004030257000000001 -0.7067320561983054 -0.0036828023386233848 0.00437547870602954 0.7074581916231824
0.004189202 -0.7067288811773127 -0.004017640153220136 0.00470724679525787 0.7074574113719296
0.004343889 -0.7067212393949511 -0.004229000327698759 0.0049315911068982385 0.7074622850395962
0.004484364 -0.7067311608160997 -0.004318669556928508 0.005021353020966091 0.707451200747179
0.0046304530000000005 -0.706729826338405 -0.004381676561682224 0.005071722009104936 0.7074517871276171
0.0047888720000000004 -0.706728910481643 -0.004677052354808784 0.005376875931772415 0.7074485574767362
0.00497091 -0.7067257133321363 -0.005026860830158774 0.00572792849331082 0.7074465970096632
0.005137509 -0.7067265696707165 -0.005255000052690594 0.005960144634116615 0.7074421653901107
0.005274089 -0.7067209089863875 -0.0055370520457618975 0.006261681159331777 0.7074430642851449
0.005422473000000001 -0.706711127263933 -0.005641889634089415 0.006378766036369127 0.7074509615701652
0.005572906000000001 -0.706699047699403 -0.005836129441489113 0.006588030111767359 0.7074595348379622
0.0057091730000000005 -0.7066998444449673 -0.006141376718990298 0.0068657652779674965 0.7074535141057697
0.0058913820000000006 -0.7066948746197006 -0.006256459213193975 0.006966233351120968 0.7074564880593414
0.006052653000000001 -0.7067003812708934 -0.0065080033954137305 0.0072350770989910345 0.7074460196105078
0.006193141 -0.706691367092747 -0.006828859823986424 0.007568129191131796 0.7074485152791227
0.006345535 -0.706700811578456 -0.007125680407510927 0.00783142774715577 0.7074332875490967
0.006501304 -0.7066931647544761 -0.0071395343622009545 0.007848258424182688 0.7074406001765106
0.006642671 -0.7066776656113243 -0.0073308205941569875 0.008029297589199198 0.7074520947567898
0.006791040000000001 -0.7066744048658331 -0.007287876276081022 0.007993355078820685 0.7074562026312932
0.006950607 -0.7066687117896115 -0.007620624513450828 0.008314546655829634 0.7074546813567242
0.0071113850000000004 -0.7066732808096963 -0.007962638282711085 0.0086608659411889 0.7074421955060272
0.007252740000000001 -0.7066727977552443 -0.008162730891951955 0.00884188644308845 0.7074381582734203
0.007396482 -0.7066630254124654 -0.008353780347036396 0.009046177531510897 0.7074431069286656
0.007538896000000001 -0.7066632209877183 -0.008541795677146467 0.009234123155582294 0.7074382381518695
0.007670357000000001 -0.7066663634038175 -0.008614242350757986 0.009303315764631793 0.7074333141562743
0.007837687000000001 -0.7066557511164517 -0.008969435688203409 0.009661134626829344 0.707434704488832
0.008014323 -0.706649580482939 -0.009193955638019186 0.009889714304401952 0.7074348274816487
0.008162945000000001 -0.7066614657487919 -0.009387323789077088 0.01006178899886558 0.70741798915492
0.00831027 -0.7066613098146958 -0.00948565251638166 0.010152966554145717 0.7074155305599868
0.008474474000000001 -0.7066546987034861 -0.009788331243016264 0.010452088233603012 0.7074136549596138
0.008634332 -0.7066420529482405 -0.01011842573179571 0.010787789830662607 0.7074166028984449
0.008770539 -0.7066371231809148 -0.010337111559440117 0.010984421422433312 0.7074153396366403
0.00893477 -0.7066476796446306 -0.010499260414672128 0.011128622540155744 0.7074001527734947
0.00910297 -0.7066429955451324 -0.010676434352156977 0.011319747706690586 0.7073991475174275
0.009277073 -0.7066266900058622 -0.010909580810063591 0.011568111771923215 0.7074078602955586
0.00944785 -0.7066316441773052 -0.011029876529065688 0.01166094666161168 0.7073995219068128
0.009610214 -0.7066459544763969 -0.01115382029685021 0.011761002608648827 0.7073816269402021
0.009769603 -0.706648165707496 -0.011373561280492946 0.011997906720890263 0.7073719405237582
0.009921175 -0.706667925599643 -0.011541501966542604 0.012163183322766483 0.7073466573275871
0.01009428 -0.7066586808534476 -0.01162454404958445 0.012276844437575735 0.7073525696855566
0.010248041000000001 -0.7066681731026667 -0.011770936109271548 0.012439593695012881 0.7073378221865095
0.010411100000000001 -0.7066757117071684 -0.011872912960377692 0.012564534187104754 0.7073263779201676
0.010554597 -0.7066773565980651 -0.012031132885148609 0.012722000745582183 0.7073192463167539
0.010711724 -0.7066724083805935 -0.012280683899333556 0.013000942888261705 0.7073148291394382
0.010874328 -0.7066577138774285 -0.012444316371255346 0.01317421885351612 0.7073234439527495
0.01104269 -0.7066452472630331 -0.012678697265523583 0.013419577836466278 0.7073271238167722
0.011215826 -0.7066270897601579 -0.012932043564659082 0.013671780525982825 0.7073358471642599
0.011369738 -0.7066361846461345 -0.013111373797968747 0.013813589027878869 0.7073207046199433
0.011517237000000001 -0.7066471331291376 -0.013258585812676367 0.013961386533228884 0.7073041204663584
0.011661505 -0.7066328274648251 -0.0135594506844527 0.014241028250763548 0.7073071338255849
0.011833910000000001 -0.7066371543770815 -0.013711766032023662 0.014360842506337871 0.7072974520869222
0.0120081 -0.7066317778839255 -0.014000629528648015 0.014688677577807669 0.7072904322896073
0.012167805 -0.7066195998407616 -0.014110133636846387 0.014821961591838144 0.7072976422300605
0.012318448000000001 -0.7066095742721442 -0.014327306520061128 0.015041129176002642 0.7072986655352393
0.012488810000000001 -0.7066058602618936 -0.014509067974703388 0.015205834100420073 0.7072951490003063
0.012638566 -0.7066105236106486 -0.014636541686665014 0.015323311625193108 0.7072853283442101
0.012787986000000001 -0.7066053532967638 -0.0149550479739952 0.015650424236797814 0.7072766682520071
0.012956619 -0.7066039092217625 -0.015198362374815196 0.015900178016696676 0.7072673536878997
0.013114013 -0.7065711257114465 -0.015588725623547477 0.016269539458477443 0.707283209209792
0.013281586000000001 -0.7065867572784792 -0.015739751861123554 0.016428436306658804 0.7072605751281151
0.013441452000000001 -0.7066051354405302 -0.015897178437897206 0.016602731223521194 0.707234622740363
0.013612141000000001 -0.7065972354603335 -0.01607573414588289 0.0167811559641784 0.7072342684118121
0.013774621 -0.7065918619770155 -0.01624850511327119 0.016954420794655433 0.7072315563413133
0.013984332 -0.7065896042411463 -0.01661073946034609 0.017335065020323896 0.7072161692394076
0.014146009000000001 -0.7065740497409924 -0.016899923438772394 0.017646061842142374 0.7072171670157908
0.014298044000000001 -0.7065662753264127 -0.017189957303957677 0.017929492400083073 0.7072108152747126
0.014453051000000001 -0.7065637743527572 -0.017347884753966664 0.018065090198140333 0.7072060068912611
0.014593866 -0.7065800602624658 -0.017610663541296187 0.01832399416898398 0.707176579226731
0.014738074 -0.7065621055876043 -0.017831693749290403 0.01854341229875483 0.7071832601991943
0.014898843 -0.7065807101831413 -0.017914795361963602 0.01862151080004264 0.7071605188638227
0.015076491000000001 -0.7065706425533166 -0.01817162129739229 0.018904774948319675 0.707156509370713
0.015232200000000001 -0.7065709091519636 -0.018273930018549194 0.01899271037961686 0.7071512502812118
0.015373739 -0.7065653926161115 -0.018527523114820813 0.019210424746473293 0.7071442826082456
0.015527601 -0.7065593016643574 -0.018679652384741195 0.019371123272857883 0.7071419824911465
0.015677059 -0.7065734500103308 -0.018897544901900546 0.019550833918574834 0.7071171101241065
0.015846579 -0.7065696543460858 -0.019098834626836907 0.01974650739479764 0.7071100575715614
0.016018749000000002 -0.7065651650846538 -0.01939296885393466 0.02006522571509997 0.7070975653790136
0.016202093 -0.7065490384234225 -0.01969710324071415 0.020357873973836014 0.7070969080643241
0.016336692 -0.7065401382288702 -0.019749498790614033 0.020423659874751945 0.7071024427099437
0.016483077000000002 -0.7065289525551521 -0.019915099266210403 0.020607681016977734 0.7071036356190226
0.016629701 -0.7065194183801637 -0.019997334837667448 0.02071201645615139 0.7071077926493708
0.016773820000000002 -0.706513820929102 -0.02017794977131473 0.020878030266302403 0.7071033722387321
0.016945331 -0.7064978171380605 -0.020478672581213216 0.021187281801964993 0.7071015184811241
0.017112046000000002 -0.7064936355246774 -0.020566040303995906 0.021277589333234634 0.7071004491170297
0.017259267000000002 -0.7064779521414596 -0.020809216237069442 0.02150568035640126 0.7071021039213623
0.017392473000000002 -0.7064461940450247 -0.021257212242421036 0.021919380686317887 0.7071078040845743
0.017549033000000002 -0.7064413472438259 -0.02160780442203648 0.022246103071826884 0.7070918162378246
0.017692808 -0.7064314272153498 -0.02186844983528338 0.02250387040977703 0.7070855573131627
0.017864902000000002 -0.7064300165975911 -0.02178940449241588 0.022433309172576868 0.7070916490394727
0.018051845 -0.7064130074797613 -0.022236248173643277 0.022878288630962893 0.7070804735246742
0.018208385 -0.7064039480217896 -0.022359139538581013 0.022996618546003992 0.7070818104249131
0.018361055 -0.706377963893814 -0.022705998159154445 0.02333649962101026 0.707085580080845
0.018512973000000002 -0.7063834705927262 -0.02290284582844631 0.023492284929965485 0.7070685714095225
0.018659755 -0.7063697392603634 -0.02320001153410715 0.023780076910745566 0.7070629808328129
0.018822792 -0.7063570531516641 -0.023567872384137614 0.024134302987438967 0.707051486296078
0.018996141 -0.7063453142313587 -0.023565938060531543 0.024166838033031116 0.7070621666913142
0.019171068000000003 -0.7063559268605311 -0.024119256751931537 0.024663562158465543 0.7070157528261944
0.019340124 -0.7063336245252142 -0.024217155271583277 0.024736289595971125 0.7070321465341235
0.019496746000000002 -0.7063185005998978 -0.024306042134313754 0.024889614122903185 0.7070388243476383
0.019643515 -0.7063156312737277 -0.024441608714678296 0.025034524886953145 0.7070319012219457
0.019804754 -0.706303374631955 -0.02487456905569154 0.025455325146673556 0.7070140205253949
0.019980788000000003 -0.7063002265935715 -0.025097526976009293 0.02566667967814301 0.7070016446995424
0.020147154 -0.7062794289987671 -0.02544577916244036 0.02597297409322119 0.7069987872074075
0.020294878000000002 -0.7062858503613502 -0.025825428963016647 0.02635722643698225 0.7069643848262589
0.020434605 -0.7062818035726098 -0.025795479278161323 0.026353191395774127 0.7069696715519622
0.020576913000000002 -0.7062883028252394 -0.02595607359641112 0.026480057843971706 0.7069525599870763
0.020722581 -0.7062910594288647 -0.02618264578302331 0.02666599673127202 0.7069344616362827
0.020902142000000002 -0.7062779470595811 -0.026337946725455703 0.026829871313561685 0.7069355925859785
0.021065292000000003 -0.7062615851437015 -0.026490437893220434 0.02701987468674064 0.7069390047397616
0.021227428000000003 -0.7062365099602705 -0.026740537036806865 0.027267834477250313 0.7069451187192974
0.021376911000000002 -0.7062107094638159 -0.026934163918161582 0.02744142895945904 0.70695682515222
0.021526103 -0.7062088130677809 -0.02734261431294788 0.027868827245961035 0.7069263202455152
0.021703738 -0.7062057814839597 -0.027364767255606104 0.027872125284590356 0.7069283615358748
0.02187725 -0.7061995451839865 -0.027486203498621627 0.02795391476047433 0.7069266508264683
0.022038845 -0.7061913326390903 -0.027810624670169152 0.028287133756011856 0.7069089113349404
0.022195476000000002 -0.7061807360048097 -0.027747805224497546 0.02829284317717533 0.7069217371292815
0.022344431 -0.7061735426804042 -0.027907971446302516 0.028461487258982798 0.7069158482386477
0.02251736 -0.7061620243321313 -0.02805694603562806 0.028655907582793082 0.7069136030173045
0.022662632000000002 -0.7061558782099022 -0.028354546628391937 0.02893109331632081 0.7068966594875256
0.022795724 -0.7061276137045617 -0.02889349035872346 0.029413869568732494 0.706883147101263
0.022969917000000003 -0.7061053433075072 -0.029297339873120047 0.029758272889490296 0.706874356037607
0.023118759000000003 -0.7060999185144404 -0.029413209254759088 0.029828492064980176 0.7068720034464275
0.023287702 -0.7060815219456698 -0.029631475705653713 0.030045488177281438 0.7068720737549202
0.023452348 -0.7061024609846467 -0.0299090956710371 0.030259639348200144 0.7068303295799377
0.023595925 -0.7061089620731243 -0.030263528025604162 0.030651584259074712 0.7067918596969464
0.023742033000000003 -0.7060980657940178 -0.030746602983374095 0.03110525836028982 0.7067620750926508
0.023926529000000002 -0.706090191028792 -0.030958750035538277 0.031312285600145165 0.7067515395806764
0.024072153000000002 -0.7061029875814891 -0.03106856422050726 0.03139732995100714 0.7067301627337831
0.024241205000000002 -0.7060873343588564 -0.03141619666718859 0.03179050351282475 0.706712857341208
0.024389498000000003 -0.7060728727173342 -0.0315630422719022 0.03194392087674774 0.7067138449855457
0.024540758000000003 -0.7060681737636401 -0.03181149824083371 0.0321652524609933 0.7066973603402468
0.024678138000000002 -0.7060675936516512 -0.03201659086516624 0.0323619721442315 0.7066796967957094
0.024841357 -0.7060507387665328 -0.03230105352190277 0.03262123113238286 0.7066716716467533
0.024998217000000003 -0.7060361530954569 -0.03245682233670379 0.03285219748292305 0.706668407618818
0.025152347000000002 -0.7060347459063456 -0.0327451747258573 0.03310761909667533 0.7066445900612875
0.025311473 -0.7060226363304473 -0.032919713860127195 0.0332758969924275 0.7066406753844009
0.025466062 -0.7060072813203061 -0.03312651816677332 0.03350924573721661 0.7066353253036394
0.025610839000000003 -0.7060240128430997 -0.03325416089273854 0.03373850377816798 0.7066017035325188
0.02575681 -0.7060094569570526 -0.033576160410459875 0.03398025293993618 0.7065894356339028
0.025939543000000002 -0.7059886956099357 -0.03380158365986655 0.034189697830045655 0.706589328517886
0.026114605000000003 -0.7059717841941061 -0.0338743802200765 0.03426566400175312 0.7065990592670044
0.026272861 -0.7059756376367545 -0.03415121372516108 0.03464199158064696 0.7065635329422281
0.026434337000000002 -0.7059802156321578 -0.03425331524163228 0.03473864119183394 0.7065492709918217
0.026564745 -0.7059569151090382 -0.03449870809509139 0.0349231524189521 0.7065515172827973
0.026715333 -0.7059276378372067 -0.0348753646471405 0.03528298673561354 0.7065444005335585
0.026897746 -0.7059041085459261 -0.034970023042037515 0.03539260632500958 0.7065577474233399
0.027078968000000002 -0.7058953294573735 -0.03521035091799138 0.03559870301820346 0.7065442288929408
0.027234919000000003 -0.7058957712932704 -0.035416066187320856 0.03578689580458588 0.7065239984705165
0.027380643000000003 -0.7058857649291056 -0.03554551018094951 0.03592731646664355 0.7065203687848877
0.027510992 -0.7058781692951439 -0.03572039860083232 0.03615968914346854 0.7065072824234596
0.027665715 -0.7058552379696014 -0.035933335925440284 0.03634872747864484 0.7065096944917533
0.027822051 -0.7058458491301975 -0.03615867844884144 0.03654917431097871 0.7064972364388199
0.027999605 -0.7058312618326245 -0.036440524324115924 0.03684637166141135 0.706481891418413
0.028165612000000003 -0.7058128328246669 -0.03670045629169817 0.03703671444976811 0.7064768951004461
0.028308157 -0.7058021869469455 -0.036943193198333966 0.03725051128100722 0.7064636386867506
0.028444601000000003 -0.705795433788012 -0.037142287748048584 0.03744524080778025 0.7064496514583901
0.028587088 -0.705788529583654 -0.03750758049722459 0.03781904880737984 0.7064173359004526
0.028727548000000002 -0.70578264543429 -0.03782181052415791 0.0381404180797922 0.70638918208106
0.028898661000000003 -0.7057598642816291 -0.03791826860198948 0.03821898360922415 0.7064025255952033
0.029081631 -0.7057578882379943 -0.03803837341771405 0.038279874760532066 0.7063947455395599
0.029246766 -0.7057577279036272 -0.03811631869241507 0.03847088224214655 0.7063803274250772
0.029408052 -0.7057592061960412 -0.038207203690501915 0.03857731354075682 0.7063681358439554
0.029553313 -0.7057221989046315 -0.03836784447796111 0.038752966391565655 0.7063867878713341
0.029700007 -0.7057261425602777 -0.038691442563795204 0.03902783817966738 0.7063500632309345
0.029855498 -0.7057061327592771 -0.038851882911550915 0.03919057583585529 0.7063522380128961
0.030011006000000003 -0.7056864541631089 -0.03905468714073501 0.03940610348641172 0.7063487232458597
0.030176635 -0.705672670158956 -0.03917514719985477 0.03947492282783802 0.7063519808851219
0.030334225000000003 -0.7056646208997078 -0.039368497284391436 0.039690474685885026 0.7063371931671515
0.030481386000000003 -0.7056954332635234 -0.03967153017038 0.03994940507807806 0.7062748545706952
0.030621836000000003 -0.7057044985896558 -0.039787876345153655 0.04014095874220137 0.7062483904388899
0.030784713000000002 -0.7056563742730724 -0.04002464272046361 0.04033336250364975 0.7062721354350817
0.030954541000000002 -0.7056317573472032 -0.040187550657092855 0.04042769621489487 0.7062820861200132
0.03112213 -0.7056292354232123 -0.04033354210316288 0.04064571504782563 0.7062637703759951
0.031274397 -0.7056451396341559 -0.04057594981154246 0.040865616224304555 0.7062213042794674
0.031427898 -0.7056320544352399 -0.04075011609094078 0.041007774384915534 0.7062161101476473
0.031573757 -0.7056200863623344 -0.0409517628617155 0.04115941916748984 0.7062075821274683
0.031715318 -0.7055939755162713 -0.041119372114982664 0.0412999282404181 0.7062157282865836
0.031892311 -0.7055991543471626 -0.041233960499429415 0.041385205184798345 0.7061988803997873
0.032054867 -0.7055766699980435 -0.04149796879902111 0.04171786813210393 0.7061863074419812
0.032215607 -0.705555781241488 -0.041745712195412586 0.0419390654767863 0.706179474253497
0.032387286 -0.7055458291265345 -0.04198080448645372 0.042103009349767406 0.7061657253510076
0.032526643 -0.7055311815644822 -0.042150901720743345 0.04230756948685959 0.7061580013626332
0.032681417000000004 -0.7054798925787928 -0.042406911967635096 0.04259865484140419 0.706176415345406
0.032840965 -0.7054110509740446 -0.04265467731524628 0.04289593702306191 0.7062122671362626
0.033017888 -0.7054249571855813 -0.042938449604505866 0.043156846406517936 0.7061652823054436
0.033173541 -0.705423938822912 -0.04294583015943907 0.043210287574186636 0.7061625827351954
0.03333398 -0.705422084060014 -0.04318740569737499 0.043460898396251585 0.7061343226470074
0.033483428 -0.7053739827305376 -0.043354683699977054 0.04364553462458211 0.7061607346741029
0.033630006000000004 -0.7053515787149791 -0.04357687630436167 0.04387691748630471 0.7061550979549333
0.033771858 -0.7053531318941486 -0.04373625996302623 0.04397622259005449 0.7061375154587616
0.033946741 -0.705366198616047 -0.04384919327438264 0.04413655463084331 0.7061074554516843
0.034106865 -0.7053627472508882 -0.044004415518167056 0.04430632204759955 0.7060906146042439
0.034267338 -0.7053476679483024 -0.04416948710027406 0.04443347427442599 0.7060873813439058
0.034425679 -0.7053352037861307 -0.04434182089400546 0.044606394988193465 0.706078127933403
0.034577372 -0.7052958402071507 -0.044680024420729166 0.04498460861161232 0.7060721338449159
0.034726316 -0.7052610491838575 -0.044971400794517315 0.04529532267192191 0.706068523132642
0.034900279 -0.7052143375271672 -0.04517071032778699 0.045526319622496765 0.7060876002991645
0.035064421000000005 -0.7052200583741688 -0.045364181265221556 0.045713926350096704 0.7060573611701307
0.035227309000000005 -0.7052277659380081 -0.045499731901296844 0.04580439065077508 0.7060350772759862
0.035375128 -0.7052033952302216 -0.045683345267513484 0.0459682859690953 0.7060369112206535
0.035528497 -0.7052038774806062 -0.04583440146515894 0.04614359337822106 0.706015203532328
0.03567853 -0.7052305929995604 -0.04596493222348731 0.04631674257570958 0.7059686926913646
0.035839259000000005 -0.7052138727983986 -0.04624575258801039 0.046531518349824746 0.7059529317031786
0.036006296 -0.7052252414810043 -0.04639209818537923 0.0466470550213675 0.7059243474068955
0.03618345 -0.7052003983880673 -0.04657592884151692 0.04682916890125131 0.7059250030321065
0.036328522 -0.7052219939535866 -0.04673122096576502 0.04702371502960463 0.70588023237373
0.036478764000000004 -0.7052056174250434 -0.046951367316832006 0.0473177620987807 0.7058623347715945
0.03664042 -0.7051827131459916 -0.04717854648611682 0.047548731104925815 0.7058545487576229
0.036791225000000004 -0.705168744970401 -0.047412613455109616 0.04776772209722376 0.7058380337781951
0.036959918 -0.7051569187812567 -0.047737707659373 0.048088727977387065 0.7058061386838947
0.03712987 -0.7051668901920732 -0.04784322939968061 0.048248652584932286 0.7057781166210727
0.037292625 -0.7051729650714469 -0.04792420174396929 0.04826694225020066 0.7057653027071842
0.037446323000000004 -0.705155038213922 -0.04819977923280668 0.04858042369916672 0.7057429388925125
0.037594583 -0.7051141976825853 -0.04849813743983022 0.04885315382275535 0.7057444780179876
0.03774901 -0.7050996629494485 -0.0487196803534509 0.049096429539485766 0.7057268583958715
0.037915765000000004 -0.7050893763316082 -0.04892860642297196 0.04932048948753625 0.7057070583283973
0.038086025 -0.7050405051321862 -0.04937455254091169 0.049760865836292474 0.7056939109242474
0.038232765 -0.7050271191673784 -0.04947384023373806 0.04988118199321096 0.7056918364654888
0.038387719 -0.7050404680499851 -0.0496148509410717 0.050026205010219135 0.705658333607865
0.038540181 -0.7050403195587073 -0.04981099519044514 0.050248290034185635 0.7056288839775013
0.038691764000000003 -0.7050243339390518 -0.05002868374082277 0.05042887346632026 0.705616572989804
0.038863203000000006 -0.7050210503016034 -0.0501487198762916 0.05055377465093617 0.7056023954005087
0.039041192 -0.7050261708467466 -0.05027753639225479 0.05068903649100694 0.7055784076451839
0.039202092 -0.7050089278759581 -0.050442206770503 0.05081829761544763 0.7055745857234244
0.039350485000000004 -0.7049825944887874 -0.05073724521121316 0.05103905854479859 0.7055638085383178
0.039515488 -0.7049916485648727 -0.05076424767104708 0.05109676127254935 0.7055486429720007
0.039660581 -0.7049587227527557 -0.051043417731425046 0.051386281733108434 0.7055403735937046
0.039829627 -0.7049376025103375 -0.05126053687961074 0.051564168718352996 0.7055327564544236
0.040004513000000005 -0.7049218981597544 -0.051572943070542825 0.051881505363721624 0.7055024156153442
0.040179123000000004 -0.7049169695785849 -0.051525752142076435 0.05180190682404423 0.7055166371643768
0.040335879000000005 -0.7049179976868921 -0.05177752960122371 0.05205378734294696 0.7054786369471103
0.040489265 -0.70491543632396 -0.051886287195885665 0.05219669911244383 0.7054626463782419
0.040627125 -0.7048882700231921 -0.05225747898291595 0.05254109876013703 0.7054368260979429
0.040772806 -0.7048694696496387 -0.052536993864732935 0.05285154825710242 0.7054116591596155
0.040950864000000003 -0.7048350956427513 -0.05289775197730545 0.05331723907164599 0.7053840002465313
0.041116061 -0.7048115824425626 -0.0531969441001527 0.05359667749358324 0.7053638171574051
0.041274623 -0.704775249704278 -0.053542462850035596 0.0538928813345706 0.7053514084608349
0.04142796 -0.7047689688742897 -0.05372371152090101 0.05408570568736811 0.705329142863521
0.04157269 -0.7047722617835259 -0.0536735939275064 0.0539875443906122 0.7053371884326746
0.041719729000000004 -0.7047421856017285 -0.05401165079168657 0.054324444060176016 0.705315566388272
0.04189918 -0.7047157880253315 -0.05438394210017487 0.05473695403750177 0.7052814408533501
0.042079281 -0.7046854557357858 -0.05472737793931357 0.05506628033737731 0.7052595460879217
0.042244891 -0.7046791691005044 -0.054752749878572766 0.055105508437475206 0.7052607942856352
0.042410552000000004 -0.7046386709509965 -0.05510413651380113 0.05548779897994209 0.7052439164600028
0.042563209000000005 -0.7045879927497919 -0.05569421423698428 0.05616040735994344 0.7051949543342677
0.042698230000000004 -0.7045601470836117 -0.056022944347143826 0.05646612745484528 0.7051723231228307
0.042883684000000005 -0.704550367687012 -0.056267049751458534 0.05680284215659697 0.7051356150608878
0.043059449 -0.704549570630787 -0.0563396758377251 0.05691458759181537 0.7051216016898986
0.043230912 -0.704522384022861 -0.05667300872152945 0.05722320139417804 0.7050970753842308
0.043380943000000005 -0.7044913850656391 -0.05706724643615863 0.057575303762232466 0.7050675869370108
0.043525374000000006 -0.7044933382327142 -0.057222215130213076 0.05775928990907089 0.7050380265705662
0.043680133 -0.7044845648587061 -0.05745958105461696 0.05804119441503248 0.7050043362786816
0.043842178 -0.7044744755726005 -0.057602366767178906 0.058173158008212995 0.7049918895256037
0.044019796 -0.7044423769934742 -0.057983597806271166 0.05861658602498223 0.7049559814087692
0.044192737 -0.7044443167187285 -0.05801110442145957 0.058679235387490175 0.7049465680041476
0.044374355000000004 -0.7044455977536632 -0.05806352917534672 0.05874392020840311 0.7049355844499107
0.044522572 -0.7044100625608375 -0.05830320676524032 0.0589497803488686 0.7049341268804818
0.044681194 -0.704381199316428 -0.05868686678621967 0.059280755948548945 0.7049033761378479
0.044854002000000004 -0.704347058757233 -0.059043316342363046 0.05964318757829837 0.7048771508502961
0.045025132 -0.7043480466412798 -0.05914552633112935 0.05977188377581785 0.7048566931068455
0.045188574 -0.7043004823872658 -0.059474427092045534 0.060079036949104436 0.7048504326099305
0.045339895000000005 -0.7042558939371946 -0.05983885942183693 0.06040850542069218 0.7048359803746228
0.045485564000000006 -0.7042399041236246 -0.059904365722219174 0.060476557883139756 0.7048405566892236
0.045619081000000006 -0.7042217278206735 -0.060128701756074154 0.0607122318620498 0.7048193542977688
0.045783135 -0.7041710447316144 -0.06054159145531436 0.061070947873431154 0.7048036569084227
0.045972095000000004 -0.7041600411009127 -0.06070508129580975 0.06125856944759668 0.7047843055083339
0.046159468 -0.7041952105516089 -0.06070332094051001 0.06131013495355984 0.704744832982084
0.046328474 -0.7041761279916697 -0.06089924447335042 0.061518803500805685 0.7047288128103353
0.046466943000000004 -0.7041162288094174 -0.06135570704202951 0.06191419146075057 0.7047144431869826
0.04661523 -0.7040702307067905 -0.06155126849499912 0.06208191521994616 0.7047285912901273
0.046793737 -0.7040160411964762 -0.061944357089246185 0.062417736204384164 0.7047186222670451
0.046975222000000004 -0.703983689623689 -0.06219481161576612 0.06266160355093352 0.7047072396338236
0.047148772000000005 -0.7039727762583735 -0.06228411396364023 0.06272932236836065 0.7047042298369219
0.04731283 -0.7039565737401311 -0.06252752228973045 0.06297236079115699 0.7046771835533997
0.047469041000000003 -0.7039528359493358 -0.06270764679447337 0.06313624789865394 0.7046502465717782
0.047610673000000006 -0.7039273087087115 -0.06295141113060862 0.06335821702942636 0.7046340895994377
0.047758046000000005 -0.7039238507379675 -0.06285557671212434 0.06329309862327472 0.7046519513242572
0.047937067 -0.7038810479140032 -0.06324887375212343 0.06361442605607044 0.7046305806265651
0.048129092000000005 -0.7038598795152777 -0.06349969348161699 0.06386077295147678 0.7046068837405154
0.048292408 -0.7038310477380721 -0.06378785983262673 0.06414333247097888 0.7045839893706207
0.048458783000000005 -0.7038096089935055 -0.06388570721630088 0.0642521985142207 0.7045866204292924
0.048608877 -0.7037877112800943 -0.06411951857348554 0.06444030327720293 0.7045700760765915
0.048754006 -0.7037580392793984 -0.06442372450860824 0.06477003532412744 0.7045417293490626
0.048942557000000005 -0.703748199482951 -0.06462244580770592 0.06497963253053518 0.7045140584676307
0.049124433 -0.7037467070748219 -0.06478231276164434 0.0651421289905996 0.7044858602308285
0.049280153 -0.7037473448407208 -0.0649592361897649 0.06535269860073722 0.7044494283118414
0.049444468000000005 -0.7037229557590217 -0.06536484428715214 0.06574734398683865 0.7043995495652873
0.049608305000000005 -0.7036855001825962 -0.06558149842578956 0.06595091955410319 0.7043977996182034
0.049773119000000005 -0.703671538741989 -0.06561875221648476 0.06601503732505774 0.7044022712690563
0.049958299000000005 -0.7036531751199316 -0.06585940362242369 0.06623043584241538 0.7043779365271615
0.050125417000000005 -0.7036521974102353 -0.06600313511870069 0.06637787312088415 0.7043515806713282
0.050299566000000004 -0.703635105239829 -0.06616710887701104 0.06653614210817149 0.7043383378535877
0.050458515 -0.7035987649758264 -0.06637854354762938 0.06671746239415709 0.7043375945472969
0.050610805 -0.7035831417979199 -0.0666333650299721 0.0669481867986801 0.7043072465386969
0.050775282000000005 -0.7035712550637305 -0.06695382790297771 0.06729379943190598 0.7042557905585193
0.050953737000000006 -0.7035794089361084 -0.06717903896519097 0.06752531679301399 0.7042040355158681
0.051138732000000006 -0.7035636322745824 -0.06721343154775401 0.0675879111162402 0.704210511304053
0.051313548 -0.7035423238409559 -0.06741229199025359 0.0677970625571758 0.7041926865295517
0.051463486 -0.7035370237790104 -0.06765705138750071 0.06806144324518533 0.7041490037720033
0.051632483 -0.7034945661328844 -0.06812547224727487 0.06850326714067194 0.7041034141684341
0.051797302 -0.7034666164327327 -0.06833653670381441 0.06870291816427615 0.7040914332327334
0.051982234 -0.7034687130837622 -0.06845497651484109 0.06881150420913314 0.7040672288859251
0.052152176 -0.7035057482743874 -0.0684418370705938 0.06885625144394435 0.7040271256992773
0.052320507 -0.7034843791252741 -0.06880165451108144 0.06919627810855189 0.7039800677286185
0.052480154 -0.703468865829317 -0.06888973121849783 0.06929540644699754 0.7039772058716135
0.052632899000000004 -0.7034331146212789 -0.06913469256954896 0.06952527546003014 0.7039662517548185
0.052785582000000004 -0.7034243738955946 -0.06936106889072674 0.06973787368510523 0.7039316879540285
0.052946847000000005 -0.7033900096703639 -0.06967897139147831 0.07008021207138476 0.7039006315651248
0.053134193 -0.7033650830068533 -0.06970316581397054 0.07009678508078553 0.7039214937786824
0.053298990000000004 -0.7033532859061791 -0.06978317364329618 0.07020183897828793 0.7039148852562489
0.053477345 -0.7033614741302702 -0.06984481062417162 0.07030980020716879 0.7038898146251273
0.053646302 -0.7033156585086631 -0.07033348536563044 0.07077035001611778 0.7038407795030391
0.053815076 -0.7033003284922393 -0.07052868572753469 0.0709604558593585 0.7038174238653715
0.053987378 -0.7032711605670778 -0.07076301098960848 0.07116847047637731 0.703802045891012
0.05415198500000001 -0.7032326011944716 -0.07118007212101231 0.07153165573860908 0.7037616984302278
0.054314743000000006 -0.7032086551810038 -0.07142025830439547 0.07179445683892113 0.7037345308775625
0.054485413 -0.703206979097595 -0.07145567264055164 0.07186902610277343 0.7037249991885757
0.054641775000000004 -0.7031729236076226 -0.07165325401012314 0.07207186597284325 0.703718194187178
0.054798947 -0.7031492360873851 -0.0720362611126681 0.07240862298261579 0.7036681889871081
0.054981307 -0.7031033552739032 -0.07248080035970267 0.07281840273771359 0.703626097870542
0.055174895 -0.7030888045614427 -0.0727354031035813 0.07308549203723481 0.7035866719100051
0.055337908000000005 -0.7030859078551015 -0.0726791721120932 0.07303995035426686 0.7036001064304325
0.055489781 -0.7030543621251458 -0.07293427652292564 0.0732969194253463 0.7035785079205001
0.055650716 -0.7030732028694281 -0.07293398210258271 0.07337887165729949 0.7035511686124094
0.055826484 -0.7030330319258175 -0.07318355138706405 0.07360652194598176 0.7035416147994278
0.056000397 -0.7030354291012144 -0.07312950872056166 0.07358956439724164 0.7035466128086936
0.05616846700000001 -0.7030399013502879 -0.07311289711730656 0.07361472772997121 0.7035412377719835
0.056339903000000004 -0.7029873157527071 -0.07345562887946379 0.07390322525431584 0.7035278372415246
0.056515304 -0.7029623700831731 -0.07351460628418363 0.07396202465505038 0.7035404237276321
0.056677347 -0.7029709439239443 -0.07321831951929761 0.07374608856335406 0.7035854206186024
0.056869457000000005 -0.7029308113956816 -0.07356265195519947 0.07410566486705508 0.7035518183208253
0.057037109 -0.7028892669703255 -0.07392535254623317 0.07440527584163284 0.7035236851419894
0.057211044 -0.7028566478915702 -0.07432666717425469 0.07478957193322938 0.7034732397123846
0.057350120000000004 -0.7028387835105355 -0.07435944498414966 0.07485813158068916 0.7034803319719244
0.057508036000000005 -0.7028019425066857 -0.07462878474729653 0.07508477361033439 0.7034644631165504
0.057670391 -0.7027463498324487 -0.07523585421421203 0.07560855767152254 0.7033992323315831
0.05783908200000001 -0.7027380225145762 -0.07535072925741111 0.07577001989543683 0.7033778809414789
0.058023332000000004 -0.7027017833979925 -0.07541868926752542 0.07580948044532655 0.7034025501752604
0.058187967 -0.7026781976370904 -0.0755846932834693 0.07598623494570587 0.7033892214169271
0.058356519 -0.7026929978480577 -0.07546240596239855 0.07594404732725711 0.7033921223167288
0.058520999000000004 -0.7026248352126825 -0.07611251382875725 0.0765167090629367 0.703328102250434
0.058691035 -0.7025901368292375 -0.07650804655147181 0.07688370841493106 0.7032798261172575
0.058868584 -0.7025945860759666 -0.07653454898580121 0.07697396801416143 0.7032626242567116
0.059048179000000006 -0.7025836667358508 -0.07662822255285469 0.07710640685475294 0.7032488242196693
0.059230409000000005 -0.7025429765051775 -0.0770322938970009 0.07746972932172873 0.7032053987982676
0.05938954900000001 -0.7025191760506241 -0.07727617817879019 0.07774917193833128 0.7031715763809975
0.059566585000000005 -0.7024839990811026 -0.0774657845318006 0.07791546325361369 0.7031674507881247
0.059721654000000006 -0.7024593981934897 -0.07767232455184368 0.07809268464139212 0.7031495832992113
0.059897818000000005 -0.7024266325260744 -0.07798205635073024 0.07838852799328999 0.7031151139638778
0.060070069000000004 -0.7023903209389739 -0.07830014597189804 0.0787059434898131 0.7030805776377299
0.060235697000000005 -0.7023335812951188 -0.07873733435212955 0.07906570144474818 0.7030480692095987
0.060400655000000004 -0.7022916621759552 -0.07924162913479367 0.07956576618506551 0.7029768661211991
0.060562743 -0.7022849986496185 -0.07941899570905185 0.07971774955019831 0.7029462882745194
0.060707356000000004 -0.7022204392654405 -0.07982924567277859 0.0800422802603889 0.7029274355037546
0.060896585 -0.7021906208898858 -0.0800129865109093 0.08021480955264644 0.7029166652259109
0.061090636000000004 -0.7021360365196929 -0.08027397929306762 0.08047819044224712 0.7029113282143168
0.061266204000000005 -0.7021754317339111 -0.08021851219965793 0.08049963300267071 0.7028758513821666
0.061445002000000006 -0.7021626976332166 -0.08028967809796822 0.0805800001088069 0.7028712380129339
0.06161838 -0.7021265976824755 -0.08071048456632657 0.08099675103882092 0.7028112014112012
0.061771857000000006 -0.7021197847963246 -0.08087808091563252 0.0812053426505343 0.7027746695420786
0.061968955000000006 -0.702126787631746 -0.08085732619917733 0.08115883418946972 0.7027754339210016
0.062153636000000005 -0.7020859430269009 -0.08105202938696324 0.08132644049357304 0.7027744355146455
0.062331791000000004 -0.7020297765314618 -0.08125440792744788 0.08151178745636788 0.7027857017336183
0.062498183000000006 -0.7020077897330853 -0.08125865970129845 0.08151418233280502 0.7028068948553592
0.062672644 -0.7019576653751272 -0.08161705669773058 0.081886230321279 0.7027721802695889
0.062846236 -0.7019315878240675 -0.08175785593594201 0.08204746145885963 0.7027630561403317
0.06301896 -0.7019137855441372 -0.08179126644843385 0.08209998341226177 0.7027708155007345
0.063187907 -0.7018673671351912 -0.08213399461372352 0.08243612767158733 0.7027378534944749
0.06337408500000001 -0.7018474110094257 -0.08231910067831226 0.0825878592980472 0.7027183097226419
0.06354148600000001 -0.7018510622753773 -0.08239544470874757 0.08258763206606604 0.7027057421879325
0.06370031500000001 -0.7018696604419755 -0.08230907448007685 0.08257427852139389 0.7026988576452726
0.063869707 -0.7018457695565048 -0.08272342110850685 0.08299715916312958 0.7026242402070919
0.06405590600000001 -0.7018222429534169 -0.08294550992049371 0.08316229118051381 0.7026020317402111
0.064241105 -0.701850502274858 -0.08323774553198235 0.08350588472351562 0.702498482127774
0.064401336 -0.7018432991094109 -0.0833946476492039 0.08368348335826198 0.7024659357233711
0.06456753400000001 -0.7017963633558473 -0.08359891532323835 0.08388319557819492 0.7024647288205129
0.064734374 -0.7017986955399723 -0.08373983269908872 0.08399931979680048 0.7024317373464823
0.064916502 -0.7017926872357837 -0.0839497931053503 0.08422466975858808 0.7023856927529235
0.065094126 -0.7017549312872606 -0.08422070813155241 0.08446634020896485 0.7023619623153977
0.06527279200000001 -0.7017205203687964 -0.08443898173672668 0.08469214164201881 0.702342943867666
0.065438232 -0.7016895997411161 -0.08469194982209009 0.08492929513405806 0.7023147400407582
0.065606565 -0.701703557950524 -0.08485092019628127 0.08509840846782397 0.7022611330393163
0.065760438 -0.7017159053753859 -0.08468144883035313 0.0849594080588384 0.7022860808456107
0.065963187 -0.7016982799688223 -0.08497508185400762 0.08527457993460533 0.7022300231189769
0.066144282 -0.7016890007718182 -0.0851303124744824 0.08539515533015822 0.7022058412887089
0.066322438 -0.7016578474141003 -0.08536099516042912 0.08559899278854122 0.7021841482837822
0.066503404 -0.7016220136498653 -0.08571171619844936 0.08599772821262938 0.7021285084729808
0.066674042 -0.7015912242470642 -0.08595846485214194 0.0862161215922609 0.7021023264150023
0.06685287200000001 -0.7015618499329819 -0.0860854363532623 0.08633221620541129 0.7021018564364745
0.067029746 -0.7015450429658975 -0.08630461624812315 0.08650017847757484 0.7020710683595998
0.067211912 -0.7015145427460622 -0.08669912466422734 0.08687049613596531 0.7020072115009449
0.067368259 -0.7014865823676504 -0.08678892916129456 0.08693886783851663 0.7020155908469179
0.067532192 -0.7014472618999537 -0.0872172909385835 0.08738185167121389 0.701946789246096
0.067710175 -0.7014477712865784 -0.08756068376000503 0.08776089279246048 0.7018562363567368
0.067909652 -0.7014328723512296 -0.0878555156874539 0.08806845615985641 0.7017957544599536
0.068085029 -0.7014013026594916 -0.08796553803335562 0.08819751957438979 0.7017973170987452
0.068259631 -0.7013695955894501 -0.08822117572845557 0.0884741260722742 0.7017620989705332
0.068441785 -0.701387145932213 -0.08835345513739065 0.08860497714504159 0.7017114054306639
0.06860153100000001 -0.7013334004524243 -0.08855302532525063 0.08876981279601612 0.7017191343064162
0.068781308 -0.7012858576610036 -0.08875521675713934 0.08895866191855953 0.7017171893382149
0.06897101700000001 -0.7012497133876913 -0.08903781400255763 0.08921218197996984 0.7016853238722472
0.069154674 -0.7011943667735866 -0.08940224516114073 0.08959033366458022 0.7016461149888927
0.06934053600000001 -0.7011845811034054 -0.08961133815962243 0.08983299578091591 0.7015981928177344
0.069523209 -0.7011668927687535 -0.08995973445020457 0.0902130293910506 0.7015225185200761
0.069695245 -0.7011198337978303 -0.09004725367194939 0.09030498664854181 0.701546491793559
0.069875583 -0.7010661777357468 -0.09025826404746388 0.09053917521826983 0.7015428126329321
0.070065732 -0.7010590845569321 -0.09046517420136464 0.09074659105246102 0.7014964493347572
0.070238991 -0.7010758801328597 -0.09075897009967861 0.09102083734954886 0.7014061781953236
0.070427749 -0.7010362908841018 -0.09106235702006012 0.0912801208898326 0.7013727293869864
0.070596042 -0.7009854143494842 -0.09123116615604406 0.09147831371053422 0.7013758203073218
0.070770287 -0.7009569313453471 -0.09159029905311138 0.09182005153149368 0.7013128229649243
0.070954641 -0.700924372659921 -0.0917320808872354 0.0919921880706112 0.701304275248181
0.071124221 -0.7009098951186379 -0.09209041737305869 0.09232025178974208 0.7012286681691756
0.07129673 -0.7008930257239336 -0.09223977241519202 0.09246411191002722 0.7012069444073085
0.071469742 -0.7008896373550919 -0.09265876351109888 0.09284204433839029 0.7011051451786042
0.07164820200000001 -0.7008884580923102 -0.09270429217166525 0.09291779559088184 0.7010902700711706
0.071841604 -0.7008649285457195 -0.0928292740849633 0.09304936776086309 0.7010798049913913
0.072023584 -0.7008462020785445 -0.09306999692782117 0.09328746299819628 0.7010349677093839
0.072196887 -0.7008191414745387 -0.09341968678559169 0.09362919249360079 0.7009699475560774
0.072380753 -0.700796751057058 -0.09367744332077287 0.09387707573709582 0.7009247783976597
0.07255602300000001 -0.7007705950023615 -0.09385489903786064 0.09404015049519149 0.7009053296997194
0.072757219 -0.7007401817948248 -0.09414291962313233 0.09430498780803746 0.700861525251255
0.072959577 -0.700711057123078 -0.09435879633287997 0.09452779503073565 0.7008315974231593
0.073136693 -0.7006883736584203 -0.09444090712160766 0.09461612949247913 0.7008312964771405
0.073315816 -0.7006597685795493 -0.09470287689581268 0.09486506876171563 0.7007908907302842
0.073486303 -0.7006319334922213 -0.09499605714485423 0.09513522455542758 0.7007424148334914
0.073666148 -0.7006113500698535 -0.095179282243326 0.09531708912352735 0.700713417101429
0.07383703 -0.7005974995318259 -0.09546814476142326 0.09561379460967467 0.7006475428244258
0.074021284 -0.7005552598348792 -0.09556883795545545 0.09569878596885903 0.700664447145434
0.07421673200000001 -0.7004844591565537 -0.0959041963056564 0.09601531411903982 0.7006461068654702
0.074391751 -0.7004757772997394 -0.0960644622460247 0.09621264514272297 0.7006057603419699
0.074573229 -0.7004816028269889 -0.0962696480465584 0.09644537706138864 0.7005397691847424
0.074733321 -0.7005058944086724 -0.09649456542443373 0.09665584964329522 0.70045552140874
0.074931327 -0.7004570086873887 -0.09665490375973869 0.09685193673167963 0.7004552169205646
0.07512196 -0.7004398214173225 -0.09697258670612051 0.09717815203839766 0.7003833098859487
0.07532303 -0.70042141862652 -0.09714846843717706 0.0973467081750723 0.7003539318209063
0.07550908 -0.7004195965422125 -0.09717660102043005 0.09733003328918119 0.7003541686987296
0.075671396 -0.7003920606973817 -0.09738524020994242 0.0975369485321181 0.7003239393112098
0.075845376 -0.7003674207178989 -0.09773660841057401 0.09790716925894656 0.7002479686375799
0.07601780400000001 -0.7003409838978009 -0.0979284133517584 0.09809956172967073 0.7002206852985101
0.076198429 -0.7003242490486624 -0.09815143483459934 0.09831263812340667 0.7001763115241431
0.076377339 -0.7002805626618541 -0.09835649324270822 0.09854361910378844 0.7001587598030343
0.076554761 -0.7002340779877597 -0.0986014835309097 0.09880703776709641 0.7001336677791098
0.076722097 -0.7001857070364409 -0.0989588786012278 0.09917454438968115 0.700079656719839
0.076923005 -0.7001899940688051 -0.0989415417892209 0.09915397128984854 0.7000807335527467
0.077104607 -0.7001793653141645 -0.09903507846660002 0.09923495318493956 0.7000666637454981
0.077282218 -0.70015171017217 -0.09916339815303364 0.09937811915105847 0.7000558496603883
0.077448898 -0.7001411539635354 -0.0993385830852485 0.09954123746981994 0.700018394387035
0.077614869 -0.700128713327814 -0.09966489619571538 0.09986552393676561 0.6999382618267656
0.07777834700000001 -0.7000876313222363 -0.09993198869210147 0.10012823988581304 0.6999037374403946
0.07798956900000001 -0.7000275677418621 -0.10019620572357536 0.10038940151302676 0.6998886288716721
0.07817378800000001 -0.7000065142893258 -0.10037408278548504 0.10057660205987458 0.699857321584601
0.078352879 -0.699960842589137 -0.10069560584491881 0.10089038640253152 0.6998116487577063
0.078530548 -0.699961929511562 -0.10062287338771403 0.10081700296352994 0.6998315986714977
0.078685902 -0.6999317687976414 -0.10078095411206385 0.10098688252861791 0.6998145239084566
0.07887645600000001 -0.6998668209434965 -0.10116333501114118 0.10140912832677772 0.6997632465940692
0.07906305300000001 -0.6998025684993134 -0.10146195208917215 0.10173781728627525 0.6997365603810081
0.079236625 -0.6998064160345491 -0.10153713122285495 0.1018560013082488 0.6997046134315593
0.07939552100000001 -0.6997696598571854 -0.10154979083865993 0.10186594986534961 0.6997380877028312
0.079562165 -0.6997289628524769 -0.1018476334765036 0.10214900453944963 0.6996942324846145
0.07971207100000001 -0.6996365855825863 -0.10230086810091027 0.10258557337149211 0.6996566162312654
0.079892187 -0.6996345540409227 -0.10257203377131548 0.10284720670486976 0.6995805319996996
0.080091255 -0.6996017594605608 -0.1028080965130372 0.10305944931714914 0.6995474418204252
0.080264665 -0.6995400342227845 -0.1030994343267187 0.10334627680899369 0.6995239768805759
0.08044378 -0.6995029244121265 -0.10332147992555214 0.10357854165140525 0.6994939715496097
0.080599851 -0.6994718016074852 -0.103168809351027 0.1034393047830122 0.6995682280943575
0.080758095 -0.6994807970460665 -0.10311603822290377 0.10335927477308267 0.6995788429786853
0.08095605 -0.6994559838521626 -0.10338270198329395 0.10364492594973788 0.6995220317537623
0.081141506 -0.6994115526876813 -0.10380178389216665 0.10405858278167605 0.6994429790749788
0.081339037 -0.6993397292287983 -0.10416530036173448 0.10444727790656204 0.6994028163087791
0.081504481 -0.6993230357120983 -0.10442983421533895 0.10468339835026952 0.6993447558665272
0.081677804 -0.699283718757301 -0.10459770692519473 0.10485480646885639 0.6993333039026036
0.081840018 -0.6992034232099471 -0.10489593402402263 0.10514960989421994 0.699324656748076
0.08202345800000001 -0.6991909609295393 -0.1051113816270894 0.10536945367686072 0.699271675272718
0.082189782 -0.6992202633288163 -0.10513684600415557 0.10538008816673324 0.6992369440902363
0.08236062400000001 -0.6992127873535544 -0.10536137710793089 0.10560928754546993 0.6991760412080303
0.082535219 -0.6992316384398866 -0.10539776050552117 0.10564439437543109 0.6991464008504531
0.082705024 -0.6991274916879102 -0.10580741306910202 0.10606098455086707 0.6991256033517136
0.08290407000000001 -0.6991184219014277 -0.10572308354852694 0.10599437847770826 0.6991575312432631
0.083093595 -0.6990858546766372 -0.10582863030982069 0.10607425777110224 0.699162013152956
0.08325778 -0.6990373751248936 -0.10614724162750834 0.1064296160138724 0.699108180547554
0.083419592 -0.6989706132241896 -0.10649183725264022 0.10677438382386222 0.6990699545872312
0.083584271 -0.6989593162029766 -0.10677942682904225 0.10704713898820871 0.6989956640305927
0.083738673 -0.6989154869083243 -0.10698520101302579 0.1072550873012855 0.6989761477846705
0.083938913 -0.6988838029993265 -0.10721470467386245 0.10749385237399021 0.6989359832693516
0.084127056 -0.6988099650636879 -0.10736956939822849 0.10766914968865128 0.6989590563833125
0.08431123500000001 -0.6987708047269564 -0.10779824311365668 0.1080752372552946 0.698869547437191
0.084493569 -0.6987427813803683 -0.1081519431270846 0.10843405300380984 0.6987873344701028
0.084659173 -0.6987122871885895 -0.10839766411762661 0.1086793370192008 0.6987416459970028
0.08483744 -0.6986525225970357 -0.10857394001287876 0.10888171216942762 0.6987425312473355
0.085025825 -0.6986604500736548 -0.108638360542356 0.10894442653964698 0.698714815963921
0.08521698500000001 -0.6985837816736348 -0.10888475121938068 0.10921383353105066 0.6987110629580087
0.085400523 -0.6985719285760915 -0.1091304444404207 0.10944481913749321 0.698648436816171
0.08557605800000001 -0.6984923508371957 -0.10946727630934094 0.10977504980791802 0.6986234963691194
0.085741326 -0.6984690221582653 -0.10945976899913189 0.10978572004221333 0.6986463194855805
0.08593882200000001 -0.6984422100723141 -0.10976186563106086 0.11008625929290464 0.6985784333611992
0.08613037700000001 -0.698478441465868 -0.10970568962633231 0.1100187628608708 0.698561665345006
0.086304984 -0.6984503509881377 -0.10985488949589106 0.11015896971730271 0.6985442089440129
0.08647466100000001 -0.6984217774285868 -0.10980627841536783 0.11014130763542736 0.6985832050560762
0.086636457 -0.698330597919479 -0.11027865773443195 0.11061627437759286 0.6985248982681558
0.086810206 -0.6982858857261953 -0.1106627285758035 0.11099430741317032 0.6984488857615947
0.08701191400000001 -0.6982682151800814 -0.11072625850723292 0.11105967677221656 0.6984460920797433
0.08720567300000001 -0.6982232959020597 -0.11082321932584005 0.11119607577476366 0.6984539182009191
0.08739081600000001 -0.6981724582976158 -0.11109296373927303 0.11144195256795587 0.6984226965743107
0.087562265 -0.6981608066190188 -0.11123859769475308 0.11156151139858486 0.6983920758846358
0.087714627 -0.6981424453340233 -0.11143975666833006 0.11179910967129997 0.6983403652470906
0.087905776 -0.6980826785697538 -0.11178325111651868 0.11217068228511061 0.6982856268651056
0.088080479 -0.6980480543864486 -0.11184123178573659 0.11226046267758451 0.698296528102037
0.088270398 -0.698037578687906 -0.11190709847747851 0.1123044276758104 0.6982893781050142
0.088443961 -0.6979538187134127 -0.11234379141402068 0.11275336582869872 0.6982306337940127
0.088607208 -0.6978844398455889 -0.11264484007627808 0.11306959235974959 0.6982003408114321
0.08877821600000001 -0.6978380946949528 -0.11273480787428274 0.11314578547558435 0.6982197991429211
0.088970927 -0.6977827350638132 -0.1131954690731556 0.11359834571084282 0.6981271061059969
0.08915982500000001 -0.6977435804605175 -0.1135422990520426 0.11397058897856255 0.6980492440365471
0.089325477 -0.6977266542626501 -0.11372081580579625 0.11415080502087535 0.6980076544687746
0.08950184600000001 -0.6976950957187693 -0.11384097749224584 0.11428378274317938 0.6979978526152488
0.089655276 -0.6976484796938495 -0.11420747382631413 0.1146418619673141 0.6979258522133573
0.08984525 -0.6976492136797945 -0.11427851992314945 0.11472772077983227 0.6978993800117643
0.090014382 -0.6976025234019094 -0.11454935319296598 0.11499047016259452 0.6978584074138168
0.090191082 -0.6976334652833313 -0.11477039592944903 0.1151529237861821 0.697764364580525
0.09037173000000001 -0.6975903096820073 -0.11494134478502839 0.11531592720463485 0.6977524518263675
0.09055893000000001 -0.6975677684723528 -0.11507532468913662 0.11544941673744485 0.6977308293397799
0.090717584 -0.6975177925168602 -0.11539746614649002 0.1157803676216915 0.6976727459223009
0.09090012600000001 -0.6974512662767888 -0.11588123421496957 0.1162641457351325 0.6975786114426106
0.09108761500000001 -0.6974035272618984 -0.11610674184965308 0.11648163961091228 0.6975525588034752
0.091273039 -0.6973440106005183 -0.11630105100611997 0.116676155308512 0.6975471820578745
0.091447573 -0.6973475055131576 -0.11635150136105166 0.1167231652062955 0.6975274097767278
0.09160655300000001 -0.6972843506285442 -0.11653754038234135 0.11694473013828544 0.6975223768045359
0.09178315000000001 -0.6972422072725163 -0.11688297375636614 0.11726384074852526 0.6974531285301716
0.091991316 -0.6971883774204066 -0.11716896526179717 0.11753165113883843 0.6974138734997752
0.09217805600000001 -0.6972025089014691 -0.11724898742898622 0.11760793475439561 0.6973734366974282
0.092348836 -0.6971622377906426 -0.11763310495647539 0.11797942663603347 0.6972862552120735
0.09252188900000001 -0.6971328678152618 -0.11769642731053809 0.11804264178338406 0.6972942351194402
0.092683729 -0.6970925174446323 -0.11795069925506374 0.11827293812422172 0.6972525846315752
0.092857118 -0.6970707941856723 -0.11810039269438591 0.11842804600167987 0.6972226352170543
0.09301701000000001 -0.697080712498675 -0.11815364414403104 0.11846708107424388 0.6971970649246708
0.093192324 -0.6970872924094279 -0.11824584722860455 0.11855993398563033 0.6971590696733473
0.093388233 -0.6970436501254369 -0.11845130818571689 0.11879071259932326 0.6971285419555324
0.09356707800000001 -0.696985845263013 -0.11875610841970097 0.11909436889301768 0.6970826705018472
0.093745781 -0.6969166335152586 -0.1191590516413021 0.11950369655636528 0.6970130507035505
0.093944228 -0.6968568856144123 -0.11943195602429439 0.11978580328802946 0.6969776540052315
0.094114415 -0.6968444317850004 -0.11951561841497355 0.11989481343058703 0.6969570205956553
0.094290365 -0.6968352389363766 -0.11966824190059477 0.12002946366445481 0.6969168454767963
0.094451562 -0.6968511912045643 -0.11967910648975554 0.12004383040275847 0.6968965544245639
0.094609249 -0.6968635146125964 -0.11969699451925113 0.12006810866561254 0.6968769767945433
0.094811795 -0.696931746536319 -0.1195016794418308 0.11987307007794738 0.6968758399819206
0.09499082900000001 -0.6968973684841401 -0.11970363921575894 0.12010180232809797 0.696836174172903
0.09519635400000001 -0.6968184446338083 -0.12019898056685693 0.12057964271136815 0.6967473071727005
0.095385618 -0.6967223508176579 -0.12056264809145471 0.12095800077433094 0.6967149889337614
0.09555126200000001 -0.6966723468361303 -0.12074699828026399 0.12113062938187848 0.6967030746205277
0.09571842700000001 -0.6965870910102743 -0.12112144899691413 0.1215139155103179 0.6966565779263733
0.09590879000000001 -0.6964898972970229 -0.12148590941008973 0.12185070320271173 0.696631468501813
0.09610876900000001 -0.6964742376204321 -0.12170753991015106 0.12207233305904007 0.6965696351130887
0.096288204 -0.6966031968999546 -0.12134281741753587 0.12171470461295496 0.6965668937086521
0.09646616000000001 -0.6964877285306526 -0.12177687120448136 0.12215215376457089 0.6965300345114616
0.09663199600000001 -0.6964069701339347 -0.12221365224053156 0.122563436215308 0.6964620300188671
0.096818781 -0.6964578854055088 -0.12223679241145172 0.12257947268100938 0.6964042312584656
0.096993782 -0.6964790228259603 -0.12230410176698434 0.12259178732634778 0.6963691055284547
0.097177593 -0.6965417907825174 -0.12216450319690712 0.1224506485831926 0.6963556609331858
0.097357734 -0.69653436276617 -0.12234889202117895 0.12261642229637085 0.6963015460921765
0.097515352 -0.6966328768853121 -0.12208983197301662 0.12234270708672984 0.6962966105001424
0.097674703 -0.6965549746645654 -0.12223071027548717 0.12253417475423975 0.696316161490523
0.097878487 -0.6965703015137015 -0.1221634354821682 0.12248930308245655 0.6963205301516545
0.098086406 -0.6966367646655758 -0.12210475654835348 0.1224131497877984 0.6962777228258696
0.09829164100000001 -0.6966299718256814 -0.12217450322425866 0.1225030799319993 0.6962564674911337
0.098465644 -0.6965616882202051 -0.12253565805585556 0.12284930693145121 0.6962003122630012
0.098629406 -0.6965419142059428 -0.12269921698331915 0.1230334088690889 0.6961587780155151
0.098806609 -0.6965029304114695 -0.12292178824946604 0.1232439488307025 0.6961212760564114
0.09898768200000001 -0.6964666541766455 -0.1229300011278672 0.1232702911569239 0.6961514560501765
0.099199537 -0.6964977632821169 -0.12278475679872697 0.123121033788995 0.6961723782797024
0.099373025 -0.6966652147978747 -0.12221571852690633 0.1225696618998342 0.6962022512297311
0.099546191 -0.6965177818650087 -0.12288989488721076 0.12324161547784228 0.6961124603789767
0.099709902 -0.6964239016876251 -0.1232876872804279 0.12367143417714521 0.6960598190470404
0.099890379 -0.6964075113771646 -0.12349413510605665 0.12386862145800971 0.6960045555238599
0.10009029200000001 -0.6963387198290047 -0.12364485197851269 0.12404729210570294 0.6960148038421015
0.10026604600000001 -0.6963731288907723 -0.12357785403015126 0.1239729843820419 0.6960055161387664
0.1004363 -0.6964632084316162 -0.123394715168931 0.12374631099209825 0.6959882140419956
0.100618921 -0.6964140688847399 -0.12365354824467974 0.1239934223245148 0.6959474663264162
0.100794985 -0.6964868204208485 -0.12349308704613915 0.12384237603269482 0.6959300484462861
0.10097966300000001 -0.6963698814510836 -0.12388518638880304 0.12426099541834901 0.6959027617554472
0.101165798 -0.6963736278080878 -0.12386912708863225 0.12420567735810707 0.6959117469620116
0.101347634 -0.6962316068520846 -0.1244156740265341 0.12477794416540874 0.6958539748586219
0.10151014400000001 -0.6964336902955903 -0.12384086271374757 0.1241675872466361 0.6958634679453517
0.10168594900000001 -0.6963580768453207 -0.12421446846338492 0.12456096608643072 0.6958022422817149
0.101875879 -0.6962305100926454 -0.12477130423972291 0.12511402553039583 0.6957310393176626
0.10207648400000001 -0.6961106733769538 -0.12524191540368745 0.12559017921982707 0.6956806019433298
0.102248613 -0.6961291307539998 -0.12517769141733404 0.12553059790409773 0.6956844456195274
0.10242150000000001 -0.6961988188155825 -0.12519042990314072 0.12550491060552266 0.6956170486369326
0.10258557300000001 -0.696196927887821 -0.12526977590170252 0.12558487342309685 0.6955902244945686
0.10275158200000001 -0.6960073374738521 -0.12596924999991746 0.12630690799275804 0.6955228962660603
0.10298046300000001 -0.6957711802393324 -0.12674768115695545 0.1271275533637258 0.695468241723126
0.103175784 -0.6958580222628126 -0.1265841737256506 0.1269355063126716 0.695446214348622
0.10333982000000001 -0.695829047919472 -0.12670491904539852 0.12705998826454667 0.6954304846232985
0.10352514900000001 -0.6956795959140984 -0.12723489348738173 0.12761865477903545 0.695380946431841
0.10368598300000001 -0.6955780731443966 -0.12763233904089114 0.12805888413372404 0.6953287369195286
0.103871351 -0.6954131073798001 -0.12819701316592938 0.1286485328060941 0.6952810157817819
0.104071935 -0.6954574312217884 -0.1280566097660932 0.12847177464871828 0.6952952388534075
0.104266152 -0.6953056957638984 -0.12863172254749253 0.12906138240895948 0.6952316369120703
0.104425321 -0.695204690039624 -0.12906988983817097 0.12949954566274485 0.695169957749339
0.104606798 -0.6951288253391876 -0.12934561421971683 0.12980057939572273 0.6951384307123455
0.104780993 -0.6949131812981527 -0.13015952375278034 0.13064835513720285 0.6950432908348051
0.104975915 -0.6950358747267074 -0.1297992954999187 0.13026113380171436 0.6950606540089141
0.10515896400000001 -0.6952580160726479 -0.12915678754028517 0.12958669038249887 0.6950842430919519
0.10535208800000001 -0.6951967503241684 -0.12940474388986073 0.12986407037276945 0.6950476342120256
0.10551913 -0.6952670584228055 -0.12920584606251673 0.1296031765008915 0.6950630068247405
0.105667227 -0.6951435995808789 -0.1297266109010519 0.13010818182330172 0.694995139125809
0.10584370500000001 -0.6949906353704729 -0.13025569699025777 0.13066577432807475 0.6949445485563401
0.10603873500000001 -0.6949702729066641 -0.13033702695876173 0.13077435029393955 0.6949292399120848
0.10623515400000001 -0.6948946740224958 -0.1306416145715379 0.13110228505039606 0.6948858549516442
0.106424402 -0.6948720234182629 -0.1307304626393061 0.131213483610871 0.6948708073645229
0.106604324 -0.694799964648992 -0.1310814946342045 0.13155020087864336 0.6948130651743769
0.106782494 -0.6947736317514415 -0.13128882637942157 0.1317612998249306 0.6947602496971694
0.106973828 -0.6947881484882186 -0.13129605567781802 0.13177807568659997 0.694741184364436
0.107168073 -0.6946867229492213 -0.1317145208961987 0.13220698713506512 0.6946819088588873
0.107352688 -0.6945405886496209 -0.13220796373779747 0.13271312695062376 0.6946377840123102
0.107520082 -0.6944552314271272 -0.13264773858843704 0.13321607019944043 0.6945430063224945
0.107696251 -0.6944019724416388 -0.13290508283364266 0.13347324486377093 0.6944976836042593
0.10788583700000001 -0.6943303500626048 -0.13327208242786406 0.1338303452273764 0.6944302381979089
0.108077686 -0.6941460600277585 -0.13391205555646876 0.13448491341987295 0.6943649017534167
0.108265989 -0.6941779655878404 -0.13396135247488558 0.13447710093186457 0.6943250085229465
0.108448788 -0.694272730922128 -0.13374846761072828 0.13422496043185195 0.6943200864923773
0.108629394 -0.694071209753062 -0.13450821703621355 0.1350145896196711 0.6942216907670732
0.10879334500000001 -0.6941243470588846 -0.13442916760798718 0.13490298125992323 0.6942055714004949
0.109001596 -0.6941103257729045 -0.13456350568174255 0.1350354515398515 0.6941678078256743
0.10917781500000001 -0.6941597479780207 -0.13445570753351954 0.1349171796458584 0.6941622732727275
0.109342087 -0.6940771052874884 -0.13478381976419013 0.13525854395418263 0.6941148465008593
0.10952105100000001 -0.6939664756941281 -0.13518946767848963 0.13572174811477972 0.6940561544501628
0.109697476 -0.6939806431649466 -0.13518604527056485 0.1357043763810518 0.6940460520077207
0.109893955 -0.6938915336055692 -0.13549366249491201 0.13603147076259667 0.6940111281358484
0.11007536000000001 -0.6939026685115073 -0.1354479531784874 0.13598210580346007 0.6940185916195806
0.11026783300000001 -0.6939762060668602 -0.1352856163289399 0.13575903382029242 0.6940203975127305
0.110454668 -0.6939920848574471 -0.1352715396118866 0.13571676555443238 0.6940155302827805
0.11063924600000001 -0.6939225794548638 -0.13560733801934022 0.13606674704510477 0.6939509665290352
0.110812639 -0.69380767213118 -0.13604210494802246 0.13654790743115616 0.6938862505839115
0.11101292900000001 -0.6937616674532396 -0.13633555749294626 0.1368131631625238 0.693822400129208
0.11121550000000001 -0.693609004010204 -0.13690434281718625 0.13744422133198164 0.6937383054842904
0.111399733 -0.6939076005370569 -0.13590360900380535 0.1363658904474566 0.6938492594930973
0.11158691100000001 -0.6937986579819048 -0.13640782920494351 0.1368877287657333 0.6937564962055952
0.11174732700000001 -0.6939131742061623 -0.13606239900326636 0.13647287947049547 0.6937915273406255
0.11195411300000001 -0.6938995378712736 -0.13614475935795967 0.13653713047872854 0.6937763673130074
0.112157265 -0.6938813297691792 -0.1362022227217398 0.13663232794884894 0.6937645578167667
