0 -0.7067529998956005 0.00035399999994770805 0.0003529999999478558 0.7074602089259648
0.0008119140000000001 -0.7241516738198492 -0.014584853364427271 -0.032659008399017565 0.6887126176047755
0.001107436 -0.7239174594245119 -0.024759552633263366 -0.042256666149630744 0.6881460170398168
0.001353952 -0.7235413267612125 -0.034929390666627 -0.051846041438465315 0.6874445497891186
0.001538405 -0.7230233498781554 -0.045092373796490594 -0.06142525464063718 0.6866083533794672
0.001734436 -0.7223636306320385 -0.05524650970250428 -0.0709924281229359 0.6856375917526906
0.0019133770000000002 -0.7215622986681269 -0.06538980780266523 -0.08054568661198482 0.6845324552335268
0.00208733 -0.720619511394894 -0.07552027964364422 -0.09008315756193676 0.6832931604923117
0.0022359890000000003 -0.7195354539532187 -0.08563593929069285 -0.09960297152163039 0.6819199505025004
0.002377506 -0.7183103391801343 -0.09573480371705255 -0.10910326250113564 0.6804130944930376
0.0025128050000000003 -0.7169444075671584 -0.10581489319279255 -0.11858216833761721 0.6787728878955741
0.002667276 -0.7154379272131884 -0.11587423167299682 -0.1280378310604428 0.6769996522865516
0.002811769 -0.7137911937720021 -0.1259108471852262 -0.13746839725546564 0.6750937353241558
0.002982081 -0.7120045303943398 -0.1359227722161785 -0.1468720184284084 0.67305551068016
0.0031317750000000003 -0.7100782876646032 -0.14590804409746896 -0.1562468513672775 0.6708853779666698
0.003291618 -0.7080128435321792 -0.15586470539045846 -0.16559105850373604 0.6685837626577772
0.0034424480000000003 -0.7058086032373974 -0.16579080427005183 -0.1749028082733661 0.6661511160061492
0.0035821100000000003 -0.7034659992321406 -0.17568439490738794 -0.18418027547474564 0.6635879149545589
0.0037184590000000003 -0.7009854910951169 -0.18554353785135247 -0.19342164162727174 0.6608946620423867
0.003879477 -0.6983675654418323 -0.19536630040883166 -0.2026250953276614 0.6580718853070917
0.004030257000000001 -0.6956127358292433 -0.20515075702363583 -0.2117888326050531 0.6551201381806981
0.004189202 -0.6927215426551517 -0.2148949896540151 -0.2209110572746457 0.652039999381296
0.004343889 -0.6896945530523331 -0.22459708814869636 -0.2299899812898017 0.6488320727995819
0.004484364 -0.6865323607774273 -0.2342551506213619 -0.23902382509254383 0.6454969873804748
0.0046304530000000005 -0.6832355860946208 -0.24386728382349887 -0.2480108179623768 0.6420353969998125
0.0047888720000000004 -0.679804875654132 -0.25343160351554705 -0.25694919836336677 0.6384479803361672
0.00497091 -0.6762409023655428 -0.2629462348362646 -0.26583721428940466 0.6347354407377914
0.005137509 -0.6725443652659787 -0.272409312670246 -0.27467312360759033 0.6308985060847369
0.005274089 -0.6687159893831826 -0.2818189820135126 -0.2834551943996633 0.6269379286461617
0.005422473000000001 -0.6647565255934991 -0.2911733983371045 -0.29218170530141435 0.622854484932859
0.005572906000000001 -0.6606667504748136 -0.3004707279486049 -0.3008509458400125 0.6186489755450295
0.0057091730000000005 -0.6564474661544516 -0.3097091483515172 -0.30946121676917204 0.6143222250153423
0.0058913820000000006 -0.6520995001521019 -0.31888684860242644 -0.318010830402104 0.6098750816472943
0.006052653000000001 -0.6476237052177578 -0.32800202966587116 -0.32649811094216663 0.6053084173489262
0.006193141 -0.64302095916475 -0.33705290476685607 -0.3349213948111662 0.6006231274618983
0.006345535 -0.6382921646978761 -0.3460376997409313 -0.3432790309752319 0.5958201305859867
0.006501304 -0.6334382492366725 -0.3549546533817596 -0.35156938126819187 0.59090036839902
0.006642671 -0.6284601647338769 -0.3638020177861192 -0.35979082071239954 0.58586480547229
0.006791040000000001 -0.6233588874890967 -0.3725780586962452 -0.3679417378369248 0.58071442908149
0.006950607 -0.6181354179577487 -0.3812810558394568 -0.37602053499306065 0.5754502490131934
0.0071113850000000004 -0.6127907805552906 -0.3899093032649889 -0.38402562866706164 0.5700732973669368
0.007252740000000001 -0.6073260234568 -0.3984611096779589 -0.39195544979006286 0.564584628352925
0.007396482 -0.6017422183919344 -0.40693479877039196 -0.39980844404509486 0.5589853180854194
0.007538896000000001 -0.5960404604353305 -0.41532870954924367 -0.40758307217114853 0.5532764643718284
0.007670357000000001 -0.5902218677924799 -0.42364119666133093 -0.4152778102642005 0.5474591864975582
0.007837687000000001 -0.5842875815811202 -0.4318706307151031 -0.42289115007513844 0.5415346250066736
0.008014323 -0.5782387656082318 -0.44001539859919164 -0.4304215993045293 0.535503941478379
0.008162945000000001 -0.5720766061426281 -0.4480739037976315 -0.4378676818941343 0.5293683182994158
0.00831027 -0.5658023116832613 -0.4560445667017142 -0.4452279383151208 0.5231289584323734
0.008474474000000001 -0.5594171127232475 -0.4639258249183636 -0.4525009258528932 0.5167870851799936
0.008634332 -0.5529222615096944 -0.4717161335749629 -0.45968521888845415 0.5103439419455074
0.008770539 -0.5463190317993984 -0.47941396562056215 -0.4667794091762392 0.5038007919890418
0.00893477 -0.5396087186104428 -0.4870178121233545 -0.47378210611833177 0.4971589181801718
0.00910297 -0.5327926379698104 -0.4945261825643562 -0.4806919370349747 0.49041962274663947
0.009277073 -0.5258721266570257 -0.5019376051271669 -0.48750754743129604 0.4835842270193287
0.00944785 -0.5188485419439642 -0.5092506269837512 -0.4942276012601558 0.47665407117350356
0.009610214 -0.5117232613308349 -0.516463814576079 -0.5008507811810043 0.46963051396642197
0.009769603 -0.5044976822784828 -0.5235757538935618 -0.5073757888146616 0.46251493247133074
0.009921175 -0.49717322193706315 -0.5305850507461315 -0.5138013449938965 0.45530872180792664
0.01009428 -0.48975131687118756 -0.537490331032824 -0.5201261900096623 0.44801329486934827
0.010248041000000001 -0.4822334227816566 -0.5442902410057341 -0.5263490838528825 0.44063008204574095
0.010411100000000001 -0.47462101422387365 -0.5509834475291526 -0.5324688064516003 0.43316053094447626
0.010554597 -0.46691558432306485 -0.5575686383337083 -0.5384841579033213 0.42560610610709293
0.010711724 -0.45911864448644996 -0.5640445222652931 -0.5443939587023717 0.41796828872301167
0.010874328 -0.4512317241124902 -0.5704098295285254 -0.5501970499620072 0.4102485763401169
0.01104269 -0.44325637029738785 -0.5766633119244527 -0.5558922936310295 0.40244848257227067
0.011215826 -0.43519414753901603 -0.5828037430821584 -0.5614785727045776 0.3945695368038511
0.011369738 -0.42704663743848964 -0.5888299186838951 -0.5669547914287547 0.3866132838913708
0.011517237000000001 -0.4188154383996009 -0.5947406566832152 -0.5723198754985938 0.37858128386232104
0.011661505 -0.4105021653263987 -0.6005347975155865 -0.5775727722488917 0.37047511161127844
0.011833910000000001 -0.4021084493192211 -0.6062112043007473 -0.5827124508372171 0.3622963565934322
0.0120081 -0.3936359373695384 -0.6117687630359938 -0.5877379024183343 0.3540466225156191
0.012167805 -0.3850862920540467 -0.6172063827793273 -0.5926481403090618 0.3457275270250101
0.012318448000000001 -0.3764611912284973 -0.6225229958211779 -0.5974422001423548 0.3373407013956008
0.012488810000000001 -0.36776232772189804 -0.6277175578431041 -0.6021191400091397 0.3288877902126515
0.012638566 -0.3589914090317882 -0.6327890480614151 -0.6066780405859684 0.3203704510552914
0.012787986000000001 -0.3501501570214931 -0.6377364693531686 -0.6111180052461391 0.31179035417749584
0.012956619 -0.3412403076204398 -0.6425588483612311 -0.615438160151184 0.3031491821877029
0.013114013 -0.33226361052887304 -0.6472552355741832 -0.6196376543188041 0.2944486297273905
0.013281586000000001 -0.323221828928661 -0.6518247053755992 -0.6237156596621338 0.28569040314896865
0.013441452000000001 -0.3141167392022628 -0.6562663560554618 -0.627671370993605 0.2768762201934912
0.013612141000000001 -0.30495013066256277 -0.6605793097743049 -0.6315040059846082 0.26800780966872234
0.013774621 -0.2957238052969361 -0.6647627124673585 -0.6352128050690978 0.25908691112832133
0.013984332 -0.2864395775299575 -0.6688157336717472 -0.6387970312752925 0.25011527455305277
0.014146009000000001 -0.2770992740104749 -0.6727375662535886 -0.6422559699638666 0.24109466003521923
0.014298044000000001 -0.26770473343056583 -0.6765274260031761 -0.6455889284428924 0.23202683746790342
0.014453051000000001 -0.2582578063863866 -0.6801845510540301 -0.6487952354182052 0.222913586241074
0.014593866 -0.24876035529437332 -0.6837082010634491 -0.6518742402208978 0.21375669494735944
0.014738074 -0.23921425438110766 -0.6870976560654991 -0.6548253117286273 0.20455796110130506
0.014898843 -0.22962138977208169 -0.6903522148672832 -0.6576478368599142 0.19531919087737576
0.015076491000000001 -0.21998365971466952 -0.6934711927982726 -0.6603412184633902 0.18604219887407103
0.015232200000000001 -0.21030297498533618 -0.6964539185271892 -0.6629048723347218 0.1767288079147771
0.015373739 -0.20058125955331144 -0.6992997295102349 -0.6653382229526634 0.16738084890065402
0.015527601 -0.19082045160669592 -0.7020079653891521 -0.6676406972957438 0.15800016073835402
0.015677059 -0.1810225050997291 -0.7045779582495675 -0.6698117157184472 0.14858859037702565
0.015846579 -0.17118939206404174 -0.7070090179512436 -0.6718506782101308 0.13914799300802314
0.016018749000000002 -0.16132310606453878 -0.709300409507464 -0.6737569432014788 0.12968023251230792
0.016202093 -0.15142566741309132 -0.7114513172322209 -0.675529793962869 0.12018718229483547
0.016336692 -0.14149913115807977 -0.7134607860730553 -0.6771683835995869 0.11067072674192936
0.016483077000000002 -0.13154559960053763 -0.7153276219746381 -0.6786716415935544 0.10113276371702104
0.016629701 -0.12156724246938926 -0.7170502150962329 -0.6800381078993712 0.09157520885943747
0.016773820000000002 -0.11156633062709921 -0.7186262093861807 -0.6812656226793709 0.08200000316895752
0.016945331 -0.1015452949243299 -0.7200518448330611 -0.6823507083045254 0.07240912693663526
0.017112046000000002 -0.09150683472875717 -0.7213205422455522 -0.6832872387341008 0.06280462683884384
0.017259267000000002 -0.08145413208530351 -0.7224195424133791 -0.6840632770419804 0.053188672893160746
0.017392473000000002 -0.07139131187661273 -0.7233208177227257 -0.68465251517976 0.043563691533442514
0.017549033000000002 -0.06132454314853478 -0.7239516438948953 -0.6849865213954913 0.03393272617363983
0.017692808 -0.05126504754619706 -0.7240696488141785 -0.6848366929267864 0.02430065672888731
0.017864902000000002 -0.041238142120968976 -0.7224114926765411 -0.6830073579234098 0.014680221279266529
0.018051845 -0.031295025466168386 -0.6971462155665513 -0.6585610755646782 0.00516570830110584
0.018208385 0.018185075527644944 0.6989736195481037 0.660856848526645 0.005354504381810185
0.018361055 0.009973708970579465 0.7233918430695133 0.683132970217938 0.014875764027811109
0.018512973000000002 8.40750416916287e-05 0.7256596570133558 0.6849891525271188 0.024496426763003818
0.018659755 -0.009962792567786483 0.7261850004805482 0.6852158210627681 0.034128238992234654
0.018822792 -0.020053218298678753 0.7261992560582458 0.6849624797470071 0.04375881179911138
0.018996141 -0.030158880362019153 0.7259419796991798 0.6844535554763965 0.053383332722396135
0.019171068000000003 -0.04026845551303436 0.7254856057634469 0.6837570727268005 0.06299877870765891
0.019340124 -0.05037582760372515 0.7248581625525942 0.6828994205937877 0.07260273119355086
0.019496746000000002 -0.060476907617136214 0.7240724131281504 0.6818926567798906 0.08219302374153149
0.019643515 -0.07056852935886378 0.7231349095282783 0.6807430019791352 0.0917676115045353
0.019804754 -0.0806479964478567 0.7220493574635382 0.6794539996598338 0.10132451521669576
0.019980788000000003 -0.0907128729781707 0.720818039180719 0.6780278533691504 0.1108617944996724
0.020147154 -0.10076087771504731 0.7194424772870345 0.6764660510803887 0.1203775341188503
0.020294878000000002 -0.11078982675920361 0.7179237694029457 0.6747696801403471 0.12986983649332381
0.020434605 -0.12079760070651653 0.7162627678028749 0.6729395964263098 0.13933681744799783
0.020576913000000002 -0.13078212498138841 0.7144601809877144 0.6709765200385245 0.14877660374667462
0.020722581 -0.140741357629644 0.7125166336803976 0.6688810918475303 0.1581873316518182
0.020902142000000002 -0.15067328152297368 0.7104327036062343 0.6666539081736572 0.16756714610071974
0.021065292000000003 -0.16057589927112542 0.7082089447734996 0.6642955427445587 0.17691420026480822
0.021227428000000003 -0.1704472298503306 0.7058459026221077 0.661806560986047 0.1862266553543264
0.021376911000000002 -0.18028530635043946 0.7033441241194972 0.6591875295472501 0.19550268058431597
0.021526103 -0.19008817446950743 0.7007041646298858 0.6564390227812714 0.20474045324893902
0.021703738 -0.19985389151879931 0.6979265926716939 0.6535616272324671 0.21393815886999248
0.02187725 -0.20958052578309908 0.6950119932617855 0.6505559447893149 0.22309399139711178
0.022038845 -0.2192661561327525 0.6919609702949666 0.6474225949259932 0.2322061534443837
0.022195476000000002 -0.228908871816762 0.6887741482525718 0.6441622163100111 0.24127285655288477
0.022344431 -0.23850677238789567 0.6854521734364183 0.6407754679612072 0.250292321471839
0.02251736 -0.24805796772525213 0.6819957148616371 0.6372630300882123 0.2592627784531463
0.022662632000000002 -0.25756057812950034 0.6784054649006345 0.6336256046895533 0.2681824675555025
0.022795724 -0.2670127344728511 0.6746821397429135 0.6298639159805575 0.2770496389553246
0.022969917000000003 -0.27641257839049665 0.6708264797166678 0.6259787106894651 0.28586255326246246
0.023118759000000003 -0.2857582625037372 0.6668392495053799 0.6219707582541902 0.2946194818390651
0.023287702 -0.2950479506673546 0.6627212382834802 0.617840850942474 0.30331870712048165
0.023452348 -0.30427981823561456 0.6584732597888786 0.6135898039122955 0.3119585229372339
0.023595925 -0.31345205234258394 0.6540961523456226 0.6092184552250764 0.3205372348373458
0.023742033000000003 -0.32256285219338904 0.649590778846598 0.6047276658210854 0.3290531604084564
0.023926529000000002 -0.3316104293638085 0.6449580267038394 0.6001183194641944 0.3375046295992625
0.024072153000000002 -0.3405930081061057 0.640198807772233 0.5953913226614752 0.3458899850398954
0.024241205000000002 -0.3495088256594676 0.6353140582510581 0.5905476045618524 0.3542075823609277
0.024389498000000003 -0.35835613256370824 0.6303047385668344 0.5855881168370941 0.3624557905107641
0.024540758000000003 -0.36713319297517244 0.6251718332402129 0.5805138335477471 0.3706329920711567
0.024678138000000002 -0.3758382849839346 0.61991635073902 0.5753257509960075 0.3787375835707083
0.024841357 -0.3844697009316141 0.614539323319212 0.5700248875672083 0.3867679757961363
0.024998217000000003 -0.3930257477291554 0.6090418068550729 0.5646122835611811 0.3947225941012016
0.025152347000000002 -0.401504747174104 0.6034248806597672 0.5590890010145477 0.4025998787131473
0.025311473 -0.40990503626693386 0.5976896472971591 0.5534561235148251 0.41039828503653025
0.025466062 -0.4182249675260755 0.5918372323856286 0.5477147560070049 0.4181162839543475
0.025610839000000003 -0.4264629093013248 0.5858687843944818 0.5418660245932254 0.4257523621263459
0.02575681 -0.4346172460853662 0.5797854744334758 0.5359110763259787 0.43330502228444157
0.025939543000000002 -0.44268637882317524 0.5735884960358678 0.5298510789952865 0.44077278352514676
0.026114605000000003 -0.45066872521909895 0.5672790649353647 0.523687220910179 0.448154181598924
0.026272861 -0.4585627200414159 0.5608584188372524 0.5174207106747544 0.4554477691964088
0.026434337000000002 -0.46636681542422703 0.5543278171839862 0.5110527769590855 0.46265211623140867
0.026564745 -0.4740794811665201 0.5476885409154676 0.5045846682651844 0.469765810120615
0.026715333 -0.48169920502828084 0.5409418922241961 0.4980176526882197 0.47678745605996614
0.026897746 -0.4892244930235118 0.5340891943054756 0.49135301767313516 0.4837156772975935
0.027078968000000002 -0.4966538697100761 0.5271317911028457 0.4845920697668627 0.4905491154032798
0.027234919000000003 -0.5039858784762219 0.5200710470488487 0.4777361343662081 0.497286430534393
0.027380643000000003 -0.5112190818237289 0.5129083468012966 0.47078655546158826 0.5039263016982042
0.027510992 -0.5183520616475625 0.5056450949751295 0.46374469537669033 0.5104674270105591
0.027665715 -0.5253834195119491 0.49828271586997835 0.45661193450418364 0.516908523950839
0.027822051 -0.5323117769228095 0.49082265319354357 0.44938967103756766 0.5232483296131538
0.027999605 -0.5391357755964544 0.4832663697808812 0.442079320699257 0.5294856009537134
0.028165612000000003 -0.5458540777244832 0.4756153473096771 0.43468231646498584 0.5356191150343349
0.028308157 -0.552465366234807 0.4678710860116142 0.42720010828461896 0.541647669262023
0.028444601000000003 -0.5589683450487295 0.4600351043798903 0.4196341627994381 0.547570081624589
0.028587088 -0.5653617393340331 0.4521089388730012 0.41198596305600377 0.5533851909222399
0.028727548000000002 -0.571644295753989 0.44409414361483196 0.404257008216641 0.5590918569951128
0.028898661000000003 -0.5778147827122576 0.4359922900911572 0.396448813266648 0.5646889609466871
0.029081631 -0.5838719905935883 0.4278049668426168 0.3885629087182751 0.5701754053630492
0.029246766 -0.5898147320003002 0.4195337791542334 0.3806008403115651 0.5755501145279496
0.029408052 -0.5956418419844584 0.4111803487415603 0.37256416871211623 0.5808120346336159
0.029553313 -0.6013521782757163 0.4027463134335184 0.36445446920583485 0.5859601339872805
0.029700007 -0.606944621504761 0.39423332685199675 0.35627333139074985 0.590993403213378
0.029855498 -0.6124180754223093 0.3856430580882881 0.3480223588659558 0.5959108554513781
0.030011006000000003 -0.6177714671136275 0.3769771913764354 0.3397031689177545 0.6007115265492036
0.030176635 -0.6230037472085068 0.3682374257635492 0.331317392203062 0.6053944752522046
0.030334225000000003 -0.6281138900866555 0.35942547477717174 0.3228666724301414 0.6099587833876507
0.030481386000000003 -0.6331008940784724 0.3505430660897604 0.31435266603673984 0.6144035560446995
0.030621836000000003 -0.6379637816611516 0.3415919411803566 0.30577704186569477 0.6187279217498053
0.030784713000000002 -0.6427015996500731 0.33257385499350917 0.2971414808380615 0.6229310326375467
0.030954541000000002 -0.6473134193854595 0.32349057559552835 0.2884476756238587 0.6270120646168145
0.03112213 -0.651798336914233 0.31434388382813905 0.27969733031047145 0.6309702175323509
0.031274397 -0.656155473167049 0.3051355729595925 0.2708921600687902 0.6348047153216013
0.031427898 -0.6603839741304838 0.29586744833333317 0.2620338908171643 0.6385148061668315
0.031573757 -0.6644830110143084 0.28654132701426316 0.2531242588832175 0.6420997626425071
0.031715318 -0.6684517804138369 0.27715903743269255 0.24416501066360652 0.645558881857889
0.031892311 -0.6722895044673264 0.2677224190260477 0.2351579022817954 0.6488914855948137
0.032054867 -0.6759954310083609 0.25823332187839926 0.22610469924389975 0.6520969204406472
0.032215607 -0.6795688337132221 0.2486936063578901 0.21700717609268202 0.6551745579163726
0.032387286 -0.6830090122431964 0.2391051427521338 0.20786711605976047 0.658123794599794
0.032526643 -0.6863152923818141 0.2294698109016568 0.19868631071610823 0.6609440522438198
0.032681417000000004 -0.6894870261669568 0.2197894998314559 0.18946655962090256 0.6636347778898223
0.032840965 -0.692523592017829 0.21006610738074138 0.18020966996879975 0.6661954439760404
0.033017888 -0.6954243948567811 0.20030153983095103 0.17091745623570825 0.6686255484409935
0.033173541 -0.6981888662259303 0.1904977115320925 0.16159173982312403 0.6709246148219072
0.03333398 -0.7008164643985728 0.18065654452750182 0.15223434870110394 0.6730921923481157
0.033483428 -0.7033066744853612 0.17077996817708416 0.14284711704994313 0.6751278560294319
0.033630006000000004 -0.7056590085352314 0.16086991877911458 0.1334318849006331 0.6770312067394603
0.033771858 -0.7078730056310465 0.15092833919067486 0.12399049777416557 0.6788018712938435
0.033946741 -0.7099482319799559 0.14095717844679784 0.11452480631975914 0.6804395025234188
0.034106865 -0.7118842809984331 0.13095839137839677 0.10503666595207425 0.6819437793422808
0.034267338 -0.7136807733919895 0.12093393822905592 0.0955279364874946 0.6833144068107264
0.034425679 -0.7153373572295453 0.11088578427075556 0.08600048177954102 0.6845511161930767
0.034577372 -0.7168537080124346 0.10081589941860956 0.07645616935349328 0.6856536650103613
0.034726316 -0.71822952873804 0.09072625784468981 0.06689687004029081 0.6866218370878574
0.034900279 -0.7194645499580463 0.08061883759101535 0.0573244576097852 0.6874554425974705
0.035064421000000005 -0.7205585298312898 0.07049562018178128 0.047740808403414936 0.6881543180949505
0.035227309000000005 -0.7215112541712064 0.06035859023490373 0.03814780096637787 0.6887183265519373
0.035375128 -0.7223225364878565 0.05020973507295922 0.028547315679371098 0.689147357382828
0.035528497 -0.7229922180245316 0.04005104433359274 0.018941234389972614 0.6894413264664593
0.03567853 -0.7235201677889264 0.029884509579473858 0.009331440043736799 0.6896001761626044
0.035839259000000005 -0.7239062825788682 0.019712123907875332 -0.0002801836849233876 0.6896238753232776
0.036006296 -0.7241504870026154 0.009535881559953557 -0.009891752761994504 0.6895124192988451
0.03618345 -0.7242527334936973 -0.0006422224701938877 -0.019501383163188682 0.6892658299389439
0.036328522 -0.7242130023203092 -0.010820192826615564 -0.02910719124326398 0.6888841555882058
0.036478764000000004 -0.7240313015892594 -0.020996034182661147 -0.038707294105266826 0.6883674710767864
0.03664042 -0.7237076672444617 -0.03116775163212734 -0.04829980996962329 0.6877158777057039
0.036791225000000004 -0.7232421630599791 -0.04133335108031698 -0.05788285854300646 0.6869295032269891
0.036959918 -0.7226348806276155 -0.05149083963493399 -0.06745456138690653 0.6860085018186515
0.03712987 -0.721885939339067 -0.061638225996738086 -0.0770130422858317 0.6849530540544642
0.037292625 -0.7209954863626254 -0.07177352084987981 -0.08655642761506621 0.6837633668685767
0.037446323000000004 -0.7199636966144473 -0.08189473725184088 -0.09608284670791258 0.6824396735149613
0.037594583 -0.7187907727243947 -0.09199989102290118 -0.10559043222234664 0.6809822335216981
0.03774901 -0.7174769449964491 -0.10208700113505588 -0.11507732050701132 0.6793913326401143
0.037915765000000004 -0.7160224713637103 -0.11215409010030498 -0.12454165196647637 0.6776672827887822
0.038086025 -0.7144276373379884 -0.12219918435823827 -0.1339815714256927 0.6758104219923912
0.038232765 -0.7126927559540138 -0.13222031466284123 -0.14339522849356987 0.6738211143154966
0.038387719 -0.7108181677082446 -0.14221551646843816 -0.15278077792559946 0.6716997497911756
0.038540181 -0.708804240492318 -0.1521828303147043 -0.16213637998545818 0.6694467443445877
0.038691764000000003 -0.7066513695211404 -0.16212030221066423 -0.1714602008055151 0.6670625397114629
0.038863203000000006 -0.7043599772556414 -0.17202598401759947 -0.18075041274617037 0.6645476033515332
0.039041192 -0.7019305133201987 -0.18189793383079386 -0.19000519475395652 0.6619024283569237
0.039202092 -0.6993634544147623 -0.19173421636003538 -0.19922273271832813 0.6591275333555195
0.039350485000000004 -0.6966593042216838 -0.20153290330879675 -0.20840121982706672 0.6562234624093336
0.039515488 -0.6938185933072849 -0.21129207375202538 -0.2175388569202332 0.6531907849078907
0.039660581 -0.6908418790181784 -0.22100981451245788 -0.22663385284259419 0.6500300954566455
0.039829627 -0.6877297453723593 -0.23068422053538748 -0.2356844247944473 0.6467420137604689
0.040004513000000005 -0.6844828029451036 -0.24031339526180778 -0.24468879868078253 0.6433271845022127
0.040179123000000004 -0.6811016887496848 -0.24989545099985366 -0.2536452094586961 0.6397862772163871
0.040335879000000005 -0.6775870661129473 -0.2594285092944699 -0.2625519014830004 0.6361199861579632
0.040489265 -0.6739396245457473 -0.2689107012952174 -0.2714071288499407 0.6323290301663493
0.040627125 -0.6701600796083146 -0.27834016812215934 -0.28020915573896715 0.6284141525245392
0.040772806 -0.6662491727705352 -0.2877150612297329 -0.2889562567524708 0.6243761208134876
0.040950864000000003 -0.6622076712672154 -0.29703354276854427 -0.2976467172534297 0.6202157267617198
0.041116061 -0.6580363679483334 -0.30629378594499546 -0.30627883370087805 0.6159337860902275
0.041274623 -0.6537360811243371 -0.3154939753786816 -0.3148509139831386 0.6115311383526598
0.04142796 -0.6493076544065073 -0.32463230745747046 -0.32336127774874024 0.6070086467708579
0.04157269 -0.6447519565424233 -0.3337069906901844 -0.331808256734945 0.6023671980657609
0.041719729000000004 -0.6400698812465816 -0.3427162460568202 -0.3401901950938199 0.5976077022837191
0.04189918 -0.6352623470262028 -0.35165830735621123 -0.3485054497157743 0.5927310926182408
0.042079281 -0.6303302970022552 -0.36053142155106094 -0.35675239055048685 0.5877383252272282
0.042244891 -0.625274698725765 -0.3693338491102649 -0.36492940092515214 0.5826303790457197
0.042410552000000004 -0.6200965439894347 -0.37806386434844147 -0.3730348778599664 0.5774082555941872
0.042563209000000005 -0.6147968486346386 -0.3867197557625846 -0.38106723238078066 0.5720729787824279
0.042698230000000004 -0.6093766523538164 -0.3952998263657511 -0.38902488982882677 0.5666255947090932
0.042883684000000005 -0.6038370184883622 -0.4038023940177061 -0.39690629016746476 0.561067171456882
0.043059449 -0.5981790338220102 -0.41222579175242197 -0.4047098882858324 0.5553987988834673
0.043230912 -0.5924038083698249 -0.420568368102356 -0.41243415429934355 0.5496215884081717
0.043380943000000005 -0.5865124751628175 -0.42882848741939184 -0.4200775738469257 0.5437366727944606
0.043525374000000006 -0.5805061900282803 -0.4370045301923663 -0.42763864838491444 0.5377452059282845
0.043680133 -0.5743861313658831 -0.44509489336106 -0.4351158954775093 0.5316483625923276
0.043842178 -0.568153499919635 -0.45309799062655526 -0.442507849083684 0.5254473382362004
0.044019796 -0.5618095185457408 -0.4610122527578343 -0.44981305984044917 0.5191433487426479
0.044192737 -0.5553554319764861 -0.4688361278945118 -0.4570300953423524 0.5127376301898002
0.044374355000000004 -0.5487925065801942 -0.4765680818455466 -0.4641575404170925 0.5062314386095392
0.044522572 -0.5421220301173753 -0.4842065983838141 -0.471193997397121 0.4996260497420288
0.044681194 -0.5353453114931481 -0.49175017953636785 -0.4781380863870768 0.492922758786465
0.044854002000000004 -0.5284636805060643 -0.49919734587022685 -0.48498844552691267 0.48612288014811156
0.045025132 -0.5214784875934242 -0.5065466367735036 -0.49174373125052423 0.4792277471816792
0.045188574 -0.5143911035732438 -0.5137966107316531 -0.4984026185396972 0.47223871193111616
0.045339895000000005 -0.5072029193829882 -0.5209458455986253 -0.5049638011731595 0.46515714486587056
0.045485564000000006 -0.4999153458152354 -0.5279929388626454 -0.5114259919704793 0.45798443461370975
0.045619081000000006 -0.49252981325044753 -0.534936507906322 -0.5177879230305482 0.4507219876901535
0.045783135 -0.4850477713870347 -0.541775190260742 -0.5240483459643197 0.4433712282246129
0.045972095000000004 -0.477470688968914 -0.5485076438531441 -0.5302060321214206 0.4359335976833243
0.046159468 -0.4698000535108348 -0.5551325472477282 -0.5362597728102423 0.4284105545891422
0.046328474 -0.46203737102171316 -0.5616485998790344 -0.5422083795109739 0.4208035742383153
0.046466943000000004 -0.4541841657262983 -0.5680545222772626 -0.548050684080994 0.4131141484143389
0.04661523 -0.44624197978553404 -0.574349056284792 -0.5537855389519342 0.4053437850989875
0.046793737 -0.4382123730160172 -0.5805309652629658 -0.5594118173175548 0.3974940081806701
0.046975222000000004 -0.4300969226090249 -0.5865990342880762 -0.5649284133114293 0.3895663571602381
0.047148772000000005 -0.42189722284969766 -0.5925520703352599 -0.5703342421732561 0.38156238685437843
0.04731283 -0.4136148848369784 -0.5983889024486714 -0.5756282404022537 0.37348366709681335
0.047469041000000003 -0.40525153620513865 -0.6041083818960421 -0.5808093658959178 0.3653317824374426
0.047610673000000006 -0.3968088208477579 -0.6097093823052142 -0.5858765980718558 0.35710833183970614
0.047758046000000005 -0.3882883986452908 -0.6151907997797332 -0.5908289379700215 0.3488149283763777
0.047937067 -0.3796919451975001 -0.6205515529898036 -0.5956654083318761 0.3404531989241444
0.048129092000000005 -0.37102115156238485 -0.6257905832340745 -0.6003850536522903 0.33202478385728235
0.048292408 -0.3622777240035184 -0.6309068544664655 -0.6049869401987639 0.32353133674087925
0.048458783000000005 -0.3534633837481787 -0.6358993532807441 -0.6094701559911809 0.31497452402411935
0.048608877 -0.3445798667592012 -0.6407670888435373 -0.6138338107334245 0.30635602473423246
0.048754006 -0.3356289235241899 -0.6455090927637904 -0.6180770356856655 0.2976775301718944
0.048942557000000005 -0.32661231886662945 -0.6501244188831866 -0.6221989834628816 0.2889407436090011
0.049124433 -0.31753183178463773 -0.6546121429672827 -0.6261988277407157 0.2801473799900108
0.049280153 -0.3083892553245955 -0.6589713622706876 -0.6300757628437993 0.27129916563834333
0.049444468000000005 -0.2991863964989875 -0.6632011949409742 -0.6338290031835462 0.2623978379697227
0.049608305000000005 -0.289925076260392 -0.6673007792138395 -0.6374577825011011 0.25344514521492595
0.049773119000000005 -0.2806071295472625 -0.6712692723353756 -0.6409613528555155 0.24444284615509415
0.049958299000000005 -0.2712344054219227 -0.6751058491235261 -0.644338983274998 0.23539270987382574
0.050125417000000005 -0.26180876732800085 -0.6788097000472159 -0.64758995795766 0.22629651553156174
0.050299566000000004 -0.2523320935036732 -0.6823800286526628 -0.6507135738623372 0.21715605216978126
0.050458515 -0.24280627760011045 -0.6858160480948992 -0.6537091374631929 0.2079731185551782
0.050610805 -0.23323322957293044 -0.6891169764258355 -0.6565759603418626 0.1987495230778922
0.050775282000000005 -0.22361487694091853 -0.6922820301286705 -0.6593133531396737 0.18948708372347872
0.050953737000000006 -0.21395316654507457 -0.6953104151392179 -0.66192061715892 0.18018762814664357
0.051138732000000006 -0.20425006699876863 -0.698201314202664 -0.6643970325348202 0.17085299388721287
0.051313548 -0.19450757210704683 -0.7009538687832592 -0.6667418413081937 0.1614850287880224
0.051463486 -0.18472770566845767 -0.7035671527053368 -0.6689542227544838 0.15208559170436428
0.051632483 -0.17491252828638512 -0.7060401329445437 -0.6710332566741976 0.14265655364275592
0.051797302 -0.16506414716359075 -0.7083716099208638 -0.6729778674713842 0.13319979954609495
0.051982234 -0.1551847304312633 -0.7105601241124138 -0.674786736652979 0.12371723107695984
0.052152176 -0.14527652855756965 -0.7126038054467093 -0.676458161650171 0.11421077098732957
0.052320507 -0.13534190715044778 -0.7145001216540576 -0.6779898198167087 0.1046823700949434
0.052480154 -0.12538339875130705 -0.7162454400735166 -0.6793783572682641 0.09513401871144533
0.052632899000000004 -0.11540378758940713 -0.7178342264809746 -0.6806186367234268 0.08556776602674494
0.052785582000000004 -0.10540625432505175 -0.7192574919964009 -0.6817022785481256 0.07598575450427189
0.052946847000000005 -0.0953946363049941 -0.720499559011939 -0.6826146206846508 0.06639028452361566
0.053134193 -0.08537392586223728 -0.7215306946514585 -0.6833277887506418 0.05678394516745366
0.053298990000000004 -0.07535130152083133 -0.7222882643428339 -0.6837829507947101 0.047169905632758996
0.053477345 -0.06533847994618214 -0.7226203009048506 -0.6838371238661588 0.037552655297608276
0.053646302 -0.0553577627695066 -0.7220733308715949 -0.6830628632010796 0.02794027240546923
0.053815076 -0.045459525749357875 -0.7187394028633172 -0.6796569801314615 0.018353807571465194
0.053987378 -0.03575689952824727 -0.6959858046826661 -0.6577953834903126 0.008897164154687689
0.05415198500000001 -0.03852066836589499 0.3393933428535063 0.38185627643527065 0.002936428220687992
0.054314743000000006 0.011915567392201357 0.708828878318018 0.6696147550412026 0.01151920252432141
0.054485413 0.0030440166769035173 0.7216112633033587 0.6812801543834959 0.021039158336955015
0.054641775000000004 -0.006708871369445343 0.7243933592528079 0.6836235098368691 0.030636539736017643
0.054798947 -0.016663861168168353 0.725258149090939 0.6841700440558418 0.040251212240272075
0.054981307 -0.0266930756476886 0.7254277013623198 0.684063247289182 0.0498678454296618
0.055174895 -0.0367545754313965 0.7252284297213005 0.6836092889425678 0.0594797990022174
0.055337908000000005 -0.0468298251228813 0.7247772216849464 0.6829180078022699 0.0690830812072053
0.055489781 -0.056908769524001715 0.7241243681218067 0.6820367470827909 0.07867473228985633
0.055650716 -0.06698502716337375 0.7232944609500687 0.6809887064904897 0.08825226403861747
0.055826484 -0.07705401794802524 0.72230074065255 0.6797864114940746 0.09781342979996255
0.056000397 -0.08711212991418402 0.7211509083159261 0.678437174450512 0.10735611812127849
0.05616846700000001 -0.09715630982516622 0.7198497478317768 0.6769455603544269 0.11687829897731788
0.056339903000000004 -0.10718384599721029 0.7184004126545666 0.6753145976327456 0.12637799465031532
0.056515304 -0.1171922458393148 0.7168051013554482 0.6735464142018498 0.13585326309068171
0.056677347 -0.1271791632799309 0.715065432550076 0.6716425906708479 0.14530218800122627
0.056869457000000005 -0.1371423539541835 0.7131826628919159 0.6696043658089319 0.1547228727346964
0.057037109 -0.14707964656792025 0.7111578189327642 0.66743276088823 0.1641134364499239
0.057211044 -0.15698892406593823 0.7089917796430959 0.6651286575335849 0.17347201165612813
0.057350120000000004 -0.1668681109467506 0.706685329603017 0.6626928479230128 0.18279674263809562
0.057508036000000005 -0.17671516454615654 0.7042391941858637 0.6601260680050458 0.19208578445607014
0.057670391 -0.18652806895074048 0.7016540633659766 0.6574290199828663 0.2013373023298598
0.05783908200000001 -0.1963048306945598 0.6989306081552411 0.6546023878408329 0.2105494712853541
0.058023332000000004 -0.2060434756898918 0.6960694921534878 0.6516468482572443 0.21972047598371
0.058187967 -0.21574204702780664 0.6930713797929587 0.6485630783942902 0.2288485106797898
0.058356519 -0.22539860340202758 0.6899369423039227 0.645351761534586 0.2379317792734117
0.058520999000000004 -0.23501121798610666 0.6866668620824555 0.6420135912072834 0.24696849542811267
0.058691035 -0.2445779776447741 0.6832618359203207 0.6385492742381571 0.2559568827394974
0.058868584 -0.25409698239462203 0.6797225774125547 0.6349595330218517 0.2648951749403905
0.059048179000000006 -0.2635663450529255 0.6760498187629221 0.6312451072243651 0.2737816161334242
0.059230409000000005 -0.27298419102980026 0.6722443121427577 0.627406755062797 0.2826144610442083
0.05938954900000001 -0.282348658230548 0.6683068307146087 0.6234452542677312 0.2913919752899755
0.059566585000000005 -0.2916578970434117 0.6642381694014949 0.6193614028047031 0.3001124356597924
0.059721654000000006 -0.30091007039395157 0.6600391454609401 0.6151560194107248 0.30877413040343205
0.059897818000000005 -0.31010335385173066 0.6557105989076835 0.6108299439874474 0.31737535952659296
0.060070069000000004 -0.3192359357782549 0.6512533928178297 0.6063840378819643 0.32591443509073453
0.060235697000000005 -0.3283060175075953 0.6466684135392781 0.6018191840787915 0.3343896815160936
0.060400655000000004 -0.33731181355294176 0.641956570827232 0.597136287320847 0.3427994358868138
0.060562743 -0.34625155183379336 0.6371187979193431 0.5923362741732044 0.3511420482572659
0.060707356000000004 -0.35512347391953203 0.6321560515616543 0.5874200930402295 0.35941588195886276
0.060896585 -0.363925835286002 0.6270693119941141 0.5823887141444035 0.3676193139067691
0.061090636000000004 -0.3726569055823386 0.6218595829025091 0.5772431294733357 0.37575073490603134
0.061266204000000005 -0.3813149689058347 0.6165278913422565 0.5719843527001294 0.3838085499567059
0.061445002000000006 -0.3898983240830136 0.611075287638362 0.5666134190811913 0.39179117855766105
0.06161838 -0.3984052849554159 0.605502845265012 0.5611313853347704 0.3996970550087502
0.061771857000000006 -0.4068341806688402 0.5998116607075682 0.5555393295028724 0.407524628711121
0.061968955000000006 -0.4151833559650252 0.5940028533092402 0.5498383507986956 0.41527236446543503
0.062153636000000005 -0.42345117147489125 0.5880775651042622 0.544029569441337 0.4229387427678076
0.062331791000000004 -0.43163600401259733 0.5820369606390912 0.538114126479209 0.4305222601033128
0.062498183000000006 -0.43973624686981355 0.575882226782865 0.5320931836033389 0.43802142923689336
0.062672644 -0.44775031010966077 0.5696145725281551 0.5259679229515508 0.4454347795015502
0.062846236 -0.45567662085985866 0.5632352287828722 0.5197395469043317 0.4527608570836862
0.06301896 -0.46351362360470055 0.5567454481540585 0.5134092778730899 0.4599982253054929
0.063187907 -0.4712597804754957 0.5501465047241508 0.5069783580813721 0.4671454649042848
0.06337408500000001 -0.478913571539183 0.5434396938202676 0.5004480493395379 0.4742011743086833
0.06354148600000001 -0.4864734950848586 0.536626331776938 0.4938196328133274 0.4811639699115528
0.06370031500000001 -0.49393806790797096 0.5297077556926612 0.487094408786668 0.4880324863396289
0.063869707 -0.5013058255919788 0.522685323180627 0.48027369641904233 0.4948053767197418
0.06405590600000001 -0.5085753227872841 0.5155604121138913 0.4733588334977062 0.5014813129415636
0.064241105 -0.5157451334872788 0.5083344203652569 0.46635117618498384 0.5080589859168185
0.064401336 -0.522813851301332 0.5010087655420754 0.45925209876086065 0.5145371058348822
0.06456753400000001 -0.5297800897246053 0.49358488471618384 0.45206299336106454 0.5209144024147081
0.064734374 -0.536642482404539 0.486064234149148 0.444785269710813 0.5271896251530216
0.064916502 -0.5433996834039251 0.47844828901298525 0.4374203548543848 0.5333615435687072
0.065094126 -0.5500503674604196 0.4707385431064966 0.42996969288063586 0.5394289474433653
0.06527279200000001 -0.5565932302424285 0.46293650856736257 0.42243474464462843 0.5453906470579487
0.065438232 -0.5630269886012575 0.4550437155801307 0.41481698748546714 0.5512454734254356
0.065606565 -0.5693503808194255 0.4470617120801912 0.40711791494046023 0.5569922785195064
0.065760438 -0.5755621668550878 0.4389920634538816 0.39933903645572394 0.5626299354991413
0.065963187 -0.5816611285824655 0.43083635223479994 0.3914818770933201 0.5681573389291182
0.066144282 -0.5876460700282178 0.4225961777964437 0.3835479772350257 0.573573404996348
0.066322438 -0.5935158176036878 0.4142731560412608 0.3755388922828314 0.578877071722002
0.066503404 -0.5992692203329567 0.4058689190862092 0.36745619235625065 0.584067299169393
0.066674042 -0.6049051500766272 0.39738511494490625 0.35930146198652285 0.5891430696475659
0.06685287200000001 -0.6104225017513062 0.38882340720647196 0.3510762998078116 0.5941033879105413
0.067029746 -0.6158201935446941 0.3801854747111251 0.3427823182454496 0.5989472813521939
0.067211912 -0.6210971671262551 0.37147301122263704 0.3344211432013369 0.6036738001967039
0.067368259 -0.6262523878533908 0.36268772509771124 0.32599441373655297 0.6082820176845555
0.067532192 -0.6312848449730886 0.3538313389523712 0.3175037817512659 0.6127710302540367
0.067710175 -0.6361935518189732 0.34490558932543913 0.30895091166201144 0.6171399577182111
0.067909652 -0.640977546003736 0.33591222633917234 0.30033748007641814 0.6213879434373154
0.068085029 -0.6456358896068808 0.32685301335715156 0.29166517546545206 0.6255141544865576
0.068259631 -0.6501676693577443 0.3177297266394759 0.282935697833251 0.6295177818192756
0.068441785 -0.6545719968137583 0.3085441549953612 0.27415075838462644 0.6333980404254277
0.06860153100000001 -0.6588480085339105 0.29929809943320185 0.26531207919030103 0.6371541694853723
0.068781308 -0.6629948662473476 0.2899933728081806 0.25642139284995447 0.6407854325189263
0.06897101700000001 -0.667011757017111 0.28063179946749617 0.2474804421531535 0.6442911175296497
0.069154674 -0.6708978933989469 0.2712152148932852 0.23849097973822805 0.6476705371443447
0.06934053600000001 -0.6746525135951703 0.26174546534331644 0.22945476774918103 0.6509230287477269
0.069523209 -0.6782748816035324 0.2522244074895256 0.22037357749068234 0.6540479546122574
0.069695245 -0.6817642873610799 0.242653908054472 0.21124918908124024 0.657044702023096
0.069875583 -0.6851200468829575 0.23303584344578793 0.20208339110460372 0.6599126833981583
0.070065732 -0.6883415023961403 0.22337209938869845 0.1928779802594805 0.6626513364032484
0.070238991 -0.6914280224680434 0.21366457055668134 0.1836347610076307 0.6652601240622517
0.070427749 -0.6943790021300102 0.20391516020035155 0.17435554522041916 0.6677385348623553
0.070596042 -0.6971938629956368 0.19412577977463608 0.16504215182388904 0.6700860828542807
0.070770287 -0.6998720533739016 0.18429834856431906 0.15569640644243288 0.6723023077475152
0.070954641 -0.7024130483770995 0.1744347933080339 0.14632014104113308 0.6743867750005051
0.071124221 -0.7048163500235256 0.16453704782077275 0.13691519356684037 0.6763390759058195
0.07129673 -0.7070814873349283 0.1546070526149973 0.1274834075880687 0.6781588276702353
