0 -0.7067529998956005 0.00035399999994770805 0.0003529999999478558 0.7074602089259648
0.0008119140000000001 -0.7294496950532744 0.020180581854182002 -0.03465103675682721 0.6828581054321524
0.001107436 -0.7294496950532744 0.020180581854182002 -0.03465103675682721 0.6828581054321524
0.001353952 -0.7294496950532744 0.020180581854182002 -0.03465103675682721 0.6828581054321524
0.001538405 -0.7294496950532744 0.020180581854182002 -0.03465103675682721 0.6828581054321524
0.001734436 -0.7294496950532744 0.020180581854182002 -0.03465103675682721 0.6828581054321524
0.0019133770000000002 -0.7294496950532744 0.020180581854182002 -0.03465103675682721 0.6828581054321524
0.00208733 -0.7294496950532744 0.020180581854182002 -0.03465103675682721 0.6828581054321524
0.0022359890000000003 -0.7294496950532744 0.020180581854182002 -0.03465103675682721 0.6828581054321524
0.002377506 -0.7294496950532744 0.020180581854182002 -0.03465103675682721 0.6828581054321524
0.0025128050000000003 -0.7294496950532744 0.020180581854182002 -0.03465103675682721 0.6828581054321524
0.002667276 -0.7294496950532744 0.020180581854182002 -0.03465103675682721 0.6828581054321524
0.002811769 -0.7294496950532744 0.020180581854182002 -0.03465103675682721 0.6828581054321524
0.002982081 -0.7294496950532744 0.020180581854182002 -0.03465103675682721 0.6828581054321524
0.0031317750000000003 -0.7294496950532744 0.020180581854182002 -0.03465103675682721 0.6828581054321524
0.003291618 -0.7294496950532744 0.020180581854182002 -0.03465103675682721 0.6828581054321524
0.0034424480000000003 -0.7294496950532744 0.020180581854182002 -0.03465103675682721 0.6828581054321524
0.0035821100000000003 -0.7294496950532744 0.020180581854182002 -0.03465103675682721 0.6828581054321524
0.0037184590000000003 -0.7294496950532744 0.020180581854182002 -0.03465103675682721 0.6828581054321524
0.003879477 -0.7294496950532744 0.020180581854182002 -0.03465103675682721 0.6828581054321524
0.004030257000000001 -0.7294496950532744 0.020180581854182002 -0.03465103675682721 0.6828581054321524
0.004189202 -0.7294496950532744 0.020180581854182002 -0.03465103675682721 0.6828581054321524
0.004343889 -0.7294496950532744 0.020180581854182002 -0.03465103675682721 0.6828581054321524
0.004484364 -0.7294496950532744 0.020180581854182002 -0.03465103675682721 0.6828581054321524
0.0046304530000000005 -0.7294496950532744 0.020180581854182002 -0.03465103675682721 0.6828581054321524
0.0047888720000000004 -0.7294496950532744 0.020180581854182002 -0.03465103675682721 0.6828581054321524
0.00497091 -0.7294496950532744 0.020180581854182002 -0.03465103675682721 0.6828581054321524
0.005137509 -0.7294496950532744 0.020180581854182002 -0.03465103675682721 0.6828581054321524
0.005274089 -0.7294496950532744 0.020180581854182002 -0.03465103675682721 0.6828581054321524
0.005422473000000001 -0.7294496950532744 0.020180581854182002 -0.03465103675682721 0.6828581054321524
0.005572906000000001 -0.7294496950532744 0.020180581854182002 -0.03465103675682721 0.6828581054321524
0.0057091730000000005 -0.7294496950532744 0.020180581854182002 -0.03465103675682721 0.6828581054321524
0.0058913820000000006 -0.7294496950532744 0.020180581854182002 -0.03465103675682721 0.6828581054321524
0.006052653000000001 -0.7294496950532744 0.020180581854182002 -0.03465103675682721 0.6828581054321524
0.006193141 -0.7294496950532744 0.020180581854182002 -0.03465103675682721 0.6828581054321524
0.006345535 -0.7294496950532744 0.020180581854182002 -0.03465103675682721 0.6828581054321524
0.006501304 -0.7294496950532744 0.020180581854182002 -0.03465103675682721 0.6828581054321524
0.006642671 -0.7294496950532744 0.020180581854182002 -0.03465103675682721 0.6828581054321524
0.006791040000000001 -0.7294496950532744 0.020180581854182002 -0.03465103675682721 0.6828581054321524
0.006950607 -0.7294496950532744 0.020180581854182002 -0.03465103675682721 0.6828581054321524
0.0071113850000000004 -0.7294496950532744 0.020180581854182002 -0.03465103675682721 0.6828581054321524
0.007252740000000001 -0.7294496950532744 0.020180581854182002 -0.03465103675682721 0.6828581054321524
0.007396482 -0.7294496950532744 0.020180581854182002 -0.03465103675682721 0.6828581054321524
0.007538896000000001 -0.7294496950532744 0.020180581854182002 -0.03465103675682721 0.6828581054321524
0.007670357000000001 -0.7294496950532744 0.020180581854182002 -0.03465103675682721 0.6828581054321524
0.007837687000000001 -0.7294496950532744 0.020180581854182002 -0.03465103675682721 0.6828581054321524
0.008014323 -0.7294496950532744 0.020180581854182002 -0.03465103675682721 0.6828581054321524
0.008162945000000001 -0.7294496950532744 0.020180581854182002 -0.03465103675682721 0.6828581054321524
0.00831027 -0.7294496950532744 0.020180581854182002 -0.03465103675682721 0.6828581054321524
0.008474474000000001 -0.7294496950532744 0.020180581854182002 -0.03465103675682721 0.6828581054321524
0.008634332 -0.7294496950532744 0.020180581854182002 -0.03465103675682721 0.6828581054321524
0.008770539 -0.7294496950532744 0.020180581854182002 -0.03465103675682721 0.6828581054321524
0.00893477 -0.7294496950532744 0.020180581854182002 -0.03465103675682721 0.6828581054321524
0.00910297 -0.7294496950532744 0.020180581854182002 -0.03465103675682721 0.6828581054321524
0.009277073 -0.7294496950532744 0.020180581854182002 -0.03465103675682721 0.6828581054321524
0.00944785 -0.7294496950532744 0.020180581854182002 -0.03465103675682721 0.6828581054321524
0.009610214 -0.7294496950532744 0.020180581854182002 -0.03465103675682721 0.6828581054321524
0.009769603 -0.7294496950532744 0.020180581854182002 -0.03465103675682721 0.6828581054321524
0.009921175 -0.7294496950532744 0.020180581854182002 -0.03465103675682721 0.6828581054321524
0.01009428 -0.7294496950532744 0.020180581854182002 -0.03465103675682721 0.6828581054321524
0.010248041000000001 -0.7294496950532744 0.020180581854182002 -0.03465103675682721 0.6828581054321524
0.010411100000000001 -0.7294496950532744 0.020180581854182002 -0.03465103675682721 0.6828581054321524
0.010554597 -0.7294496950532744 0.020180581854182002 -0.03465103675682721 0.6828581054321524
0.010711724 -0.7294496950532744 0.020180581854182002 -0.03465103675682721 0.6828581054321524
0.010874328 -0.7294496950532744 0.020180581854182002 -0.03465103675682721 0.6828581054321524
0.01104269 -0.7294496950532744 0.020180581854182002 -0.03465103675682721 0.6828581054321524
0.011215826 -0.7294496950532744 0.020180581854182002 -0.03465103675682721 0.6828581054321524
0.011369738 -0.7294496950532744 0.020180581854182002 -0.03465103675682721 0.6828581054321524
0.011517237000000001 -0.7294496950532744 0.020180581854182002 -0.03465103675682721 0.6828581054321524
0.011661505 -0.7294496950532744 0.020180581854182002 -0.03465103675682721 0.6828581054321524
0.011833910000000001 -0.7294496950532744 0.020180581854182002 -0.03465103675682721 0.6828581054321524
0.0120081 -0.7294496950532744 0.020180581854182002 -0.03465103675682721 0.6828581054321524
0.012167805 -0.7294496950532744 0.020180581854182002 -0.03465103675682721 0.6828581054321524
0.012318448000000001 -0.7294496950532744 0.020180581854182002 -0.03465103675682721 0.6828581054321524
0.012488810000000001 -0.7294496950532744 0.020180581854182002 -0.03465103675682721 0.6828581054321524
0.012638566 -0.7294496950532744 0.020180581854182002 -0.03465103675682721 0.6828581054321524
0.012787986000000001 -0.7294496950532744 0.020180581854182002 -0.03465103675682721 0.6828581054321524
0.012956619 -0.7294496950532744 0.020180581854182002 -0.03465103675682721 0.6828581054321524
0.013114013 -0.7294496950532744 0.020180581854182002 -0.03465103675682721 0.6828581054321524
0.013281586000000001 -0.7294496950532744 0.020180581854182002 -0.03465103675682721 0.6828581054321524
0.013441452000000001 -0.7294496950532744 0.020180581854182002 -0.03465103675682721 0.6828581054321524
0.013612141000000001 -0.7294496950532744 0.020180581854182002 -0.03465103675682721 0.6828581054321524
0.013774621 -0.7294496950532744 0.020180581854182002 -0.03465103675682721 0.6828581054321524
0.013984332 -0.7294496950532744 0.020180581854182002 -0.03465103675682721 0.6828581054321524
0.014146009000000001 -0.7294496950532744 0.020180581854182002 -0.03465103675682721 0.6828581054321524
0.014298044000000001 -0.7294496950532744 0.020180581854182002 -0.03465103675682721 0.6828581054321524
0.014453051000000001 -0.7294496950532744 0.020180581854182002 -0.03465103675682721 0.6828581054321524
0.014593866 -0.7294496950532744 0.020180581854182002 -0.03465103675682721 0.6828581054321524
0.014738074 -0.7294496950532744 0.020180581854182002 -0.03465103675682721 0.6828581054321524
0.014898843 -0.7294496950532744 0.020180581854182002 -0.03465103675682721 0.6828581054321524
0.015076491000000001 -0.7294496950532744 0.020180581854182002 -0.03465103675682721 0.6828581054321524
0.015232200000000001 -0.7294496950532744 0.020180581854182002 -0.03465103675682721 0.6828581054321524
0.015373739 -0.7294496950532744 0.020180581854182002 -0.03465103675682721 0.6828581054321524
0.015527601 -0.7294496950532744 0.020180581854182002 -0.03465103675682721 0.6828581054321524
0.015677059 -0.7294496950532744 0.020180581854182002 -0.03465103675682721 0.6828581054321524
0.015846579 -0.7294496950532744 0.020180581854182002 -0.03465103675682721 0.6828581054321524
0.016018749000000002 -0.7294496950532744 0.020180581854182002 -0.03465103675682721 0.6828581054321524
0.016202093 -0.7294496950532744 0.020180581854182002 -0.03465103675682721 0.6828581054321524
0.016336692 -0.7294496950532744 0.020180581854182002 -0.03465103675682721 0.6828581054321524
0.016483077000000002 -0.7294496950532744 0.020180581854182002 -0.03465103675682721 0.6828581054321524
0.016629701 -0.7294496950532744 0.020180581854182002 -0.03465103675682721 0.6828581054321524
0.016773820000000002 -0.7294496950532744 0.020180581854182002 -0.03465103675682721 0.6828581054321524
0.016945331 -0.7294496950532744 0.020180581854182002 -0.03465103675682721 0.6828581054321524
0.017112046000000002 -0.7294496950532744 0.020180581854182002 -0.03465103675682721 0.6828581054321524
0.017259267000000002 -0.7294496950532744 0.020180581854182002 -0.03465103675682721 0.6828581054321524
0.017392473000000002 -0.7294496950532744 0.020180581854182002 -0.03465103675682721 0.6828581054321524
0.017549033000000002 -0.7294496950532744 0.020180581854182002 -0.03465103675682721 0.6828581054321524
0.017692808 -0.7294496950532744 0.020180581854182002 -0.03465103675682721 0.6828581054321524
0.017864902000000002 -0.7294496950532744 0.020180581854182002 -0.03465103675682721 0.6828581054321524
0.018051845 -0.7294496950532744 0.020180581854182002 -0.03465103675682721 0.6828581054321524
0.018208385 -0.7294496950532744 0.020180581854182002 -0.03465103675682721 0.6828581054321524
0.018361055 -0.7294496950532744 0.020180581854182002 -0.03465103675682721 0.6828581054321524
0.018512973000000002 -0.7294496950532744 0.020180581854182002 -0.03465103675682721 0.6828581054321524
0.018659755 -0.7294496950532744 0.020180581854182002 -0.03465103675682721 0.6828581054321524
0.018822792 -0.7294496950532744 0.020180581854182002 -0.03465103675682721 0.6828581054321524
0.018996141 -0.7294496950532744 0.020180581854182002 -0.03465103675682721 0.6828581054321524
0.019171068000000003 -0.7294496950532744 0.020180581854182002 -0.03465103675682721 0.6828581054321524
0.019340124 -0.7294496950532744 0.020180581854182002 -0.03465103675682721 0.6828581054321524
0.019496746000000002 -0.7294496950532744 0.020180581854182002 -0.03465103675682721 0.6828581054321524
0.019643515 -0.7294496950532744 0.020180581854182002 -0.03465103675682721 0.6828581054321524
0.019804754 -0.7294496950532744 0.020180581854182002 -0.03465103675682721 0.6828581054321524
0.019980788000000003 -0.7294496950532744 0.020180581854182002 -0.03465103675682721 0.6828581054321524
0.020147154 -0.7294496950532744 0.020180581854182002 -0.03465103675682721 0.6828581054321524
0.020294878000000002 -0.7294496950532744 0.020180581854182002 -0.03465103675682721 0.6828581054321524
0.020434605 -0.7294496950532744 0.020180581854182002 -0.03465103675682721 0.6828581054321524
0.020576913000000002 -0.7294496950532744 0.020180581854182002 -0.03465103675682721 0.6828581054321524
0.020722581 -0.7294496950532744 0.020180581854182002 -0.03465103675682721 0.6828581054321524
0.020902142000000002 -0.7294496950532744 0.020180581854182002 -0.03465103675682721 0.6828581054321524
0.021065292000000003 -0.7294496950532744 0.020180581854182002 -0.03465103675682721 0.6828581054321524
0.021227428000000003 -0.7294496950532744 0.020180581854182002 -0.03465103675682721 0.6828581054321524
0.021376911000000002 -0.7294496950532744 0.020180581854182002 -0.03465103675682721 0.6828581054321524
0.021526103 -0.7294496950532744 0.020180581854182002 -0.03465103675682721 0.6828581054321524
0.021703738 -0.7294496950532744 0.020180581854182002 -0.03465103675682721 0.6828581054321524
0.02187725 -0.7294496950532744 0.020180581854182002 -0.03465103675682721 0.6828581054321524
0.022038845 -0.7294496950532744 0.020180581854182002 -0.03465103675682721 0.6828581054321524
0.022195476000000002 -0.7294496950532744 0.020180581854182002 -0.03465103675682721 0.6828581054321524
0.022344431 -0.7294496950532744 0.020180581854182002 -0.03465103675682721 0.6828581054321524
0.02251736 -0.7294496950532744 0.020180581854182002 -0.03465103675682721 0.6828581054321524
0.022662632000000002 -0.7294496950532744 0.020180581854182002 -0.03465103675682721 0.6828581054321524
0.022795724 -0.7294496950532744 0.020180581854182002 -0.03465103675682721 0.6828581054321524
0.022969917000000003 -0.7294496950532744 0.020180581854182002 -0.03465103675682721 0.6828581054321524
0.023118759000000003 -0.7294496950532744 0.020180581854182002 -0.03465103675682721 0.6828581054321524
0.023287702 -0.7294496950532744 0.020180581854182002 -0.03465103675682721 0.6828581054321524
0.023452348 -0.7294496950532744 0.020180581854182002 -0.03465103675682721 0.6828581054321524
0.023595925 -0.7294496950532744 0.020180581854182002 -0.03465103675682721 0.6828581054321524
0.023742033000000003 -0.7294496950532744 0.020180581854182002 -0.03465103675682721 0.6828581054321524
0.023926529000000002 -0.7294496950532744 0.020180581854182002 -0.03465103675682721 0.6828581054321524
0.024072153000000002 -0.7294496950532744 0.020180581854182002 -0.03465103675682721 0.6828581054321524
0.024241205000000002 -0.7294496950532744 0.020180581854182002 -0.03465103675682721 0.6828581054321524
0.024389498000000003 -0.7294496950532744 0.020180581854182002 -0.03465103675682721 0.6828581054321524
0.024540758000000003 -0.7294496950532744 0.020180581854182002 -0.03465103675682721 0.6828581054321524
0.024678138000000002 -0.7294496950532744 0.020180581854182002 -0.03465103675682721 0.6828581054321524
0.024841357 -0.7294496950532744 0.020180581854182002 -0.03465103675682721 0.6828581054321524
0.024998217000000003 -0.7294496950532744 0.020180581854182002 -0.03465103675682721 0.6828581054321524
0.025152347000000002 -0.7294496950532744 0.020180581854182002 -0.03465103675682721 0.6828581054321524
0.025311473 -0.7294496950532744 0.020180581854182002 -0.03465103675682721 0.6828581054321524
0.025466062 -0.7294496950532744 0.020180581854182002 -0.03465103675682721 0.6828581054321524
0.025610839000000003 -0.7294496950532744 0.020180581854182002 -0.03465103675682721 0.6828581054321524
0.02575681 -0.7294496950532744 0.020180581854182002 -0.03465103675682721 0.6828581054321524
0.025939543000000002 -0.7294496950532744 0.020180581854182002 -0.03465103675682721 0.6828581054321524
0.026114605000000003 -0.7294496950532744 0.020180581854182002 -0.03465103675682721 0.6828581054321524
0.026272861 -0.7294496950532744 0.020180581854182002 -0.03465103675682721 0.6828581054321524
0.026434337000000002 -0.7294496950532744 0.020180581854182002 -0.03465103675682721 0.6828581054321524
0.026564745 -0.7294496950532744 0.020180581854182002 -0.03465103675682721 0.6828581054321524
0.026715333 -0.7294496950532744 0.020180581854182002 -0.03465103675682721 0.6828581054321524
0.026897746 -0.7294496950532744 0.020180581854182002 -0.03465103675682721 0.6828581054321524
0.027078968000000002 -0.7294496950532744 0.020180581854182002 -0.03465103675682721 0.6828581054321524
0.027234919000000003 -0.7294496950532744 0.020180581854182002 -0.03465103675682721 0.6828581054321524
0.027380643000000003 -0.7294496950532744 0.020180581854182002 -0.03465103675682721 0.6828581054321524
0.027510992 -0.7294496950532744 0.020180581854182002 -0.03465103675682721 0.6828581054321524
0.027665715 -0.7294496950532744 0.020180581854182002 -0.03465103675682721 0.6828581054321524
0.027822051 -0.7294496950532744 0.020180581854182002 -0.03465103675682721 0.6828581054321524
0.027999605 -0.7294496950532744 0.020180581854182002 -0.03465103675682721 0.6828581054321524
0.028165612000000003 -0.7294496950532744 0.020180581854182002 -0.03465103675682721 0.6828581054321524
0.028308157 -0.7294496950532744 0.020180581854182002 -0.03465103675682721 0.6828581054321524
0.028444601000000003 -0.7294496950532744 0.020180581854182002 -0.03465103675682721 0.6828581054321524
0.028587088 -0.7294496950532744 0.020180581854182002 -0.03465103675682721 0.6828581054321524
0.028727548000000002 -0.7294496950532744 0.020180581854182002 -0.03465103675682721 0.6828581054321524
0.028898661000000003 -0.7294496950532744 0.020180581854182002 -0.03465103675682721 0.6828581054321524
0.029081631 -0.7294496950532744 0.020180581854182002 -0.03465103675682721 0.6828581054321524
0.029246766 -0.7294496950532744 0.020180581854182002 -0.03465103675682721 0.6828581054321524
0.029408052 -0.7294496950532744 0.020180581854182002 -0.03465103675682721 0.6828581054321524
0.029553313 -0.7294496950532744 0.020180581854182002 -0.03465103675682721 0.6828581054321524
0.029700007 -0.7294496950532744 0.020180581854182002 -0.03465103675682721 0.6828581054321524
0.029855498 -0.7294496950532744 0.020180581854182002 -0.03465103675682721 0.6828581054321524
0.030011006000000003 -0.7294496950532744 0.020180581854182002 -0.03465103675682721 0.6828581054321524
0.030176635 -0.7294496950532744 0.020180581854182002 -0.03465103675682721 0.6828581054321524
0.030334225000000003 -0.7294496950532744 0.020180581854182002 -0.03465103675682721 0.6828581054321524
0.030481386000000003 -0.7294496950532744 0.020180581854182002 -0.03465103675682721 0.6828581054321524
0.030621836000000003 -0.7294496950532744 0.020180581854182002 -0.03465103675682721 0.6828581054321524
0.030784713000000002 -0.7294496950532744 0.020180581854182002 -0.03465103675682721 0.6828581054321524
0.030954541000000002 -0.7294496950532744 0.020180581854182002 -0.03465103675682721 0.6828581054321524
0.03112213 -0.7294496950532744 0.020180581854182002 -0.03465103675682721 0.6828581054321524
0.031274397 -0.7294496950532744 0.020180581854182002 -0.03465103675682721 0.6828581054321524
0.031427898 -0.7294496950532744 0.020180581854182002 -0.03465103675682721 0.6828581054321524
0.031573757 -0.7294496950532744 0.020180581854182002 -0.03465103675682721 0.6828581054321524
0.031715318 -0.7294496950532744 0.020180581854182002 -0.03465103675682721 0.6828581054321524
0.031892311 -0.7294496950532744 0.020180581854182002 -0.03465103675682721 0.6828581054321524
0.032054867 -0.7294496950532744 0.020180581854182002 -0.03465103675682721 0.6828581054321524
0.032215607 -0.7294496950532744 0.020180581854182002 -0.03465103675682721 0.6828581054321524
0.032387286 -0.7294496950532744 0.020180581854182002 -0.03465103675682721 0.6828581054321524
0.032526643 -0.7294496950532744 0.020180581854182002 -0.03465103675682721 0.6828581054321524
0.032681417000000004 -0.7294496950532744 0.020180581854182002 -0.03465103675682721 0.6828581054321524
0.032840965 -0.7294496950532744 0.020180581854182002 -0.03465103675682721 0.6828581054321524
0.033017888 -0.7294496950532744 0.020180581854182002 -0.03465103675682721 0.6828581054321524
0.033173541 -0.7294496950532744 0.020180581854182002 -0.03465103675682721 0.6828581054321524
0.03333398 -0.7294496950532744 0.020180581854182002 -0.03465103675682721 0.6828581054321524
0.033483428 -0.7294496950532744 0.020180581854182002 -0.03465103675682721 0.6828581054321524
0.033630006000000004 -0.7294496950532744 0.020180581854182002 -0.03465103675682721 0.6828581054321524
0.033771858 -0.7294496950532744 0.020180581854182002 -0.03465103675682721 0.6828581054321524
0.033946741 -0.7294496950532744 0.020180581854182002 -0.03465103675682721 0.6828581054321524
0.034106865 -0.7294496950532744 0.020180581854182002 -0.03465103675682721 0.6828581054321524
0.034267338 -0.7294496950532744 0.020180581854182002 -0.03465103675682721 0.6828581054321524
0.034425679 -0.7294496950532744 0.020180581854182002 -0.03465103675682721 0.6828581054321524
0.034577372 -0.7294496950532744 0.020180581854182002 -0.03465103675682721 0.6828581054321524
0.034726316 -0.7294496950532744 0.020180581854182002 -0.03465103675682721 0.6828581054321524
0.034900279 -0.7294496950532744 0.020180581854182002 -0.03465103675682721 0.6828581054321524
0.035064421000000005 -0.7294496950532744 0.020180581854182002 -0.03465103675682721 0.6828581054321524
0.035227309000000005 -0.7294496950532744 0.020180581854182002 -0.03465103675682721 0.6828581054321524
0.035375128 -0.7294496950532744 0.020180581854182002 -0.03465103675682721 0.6828581054321524
0.035528497 -0.7294496950532744 0.020180581854182002 -0.03465103675682721 0.6828581054321524
0.03567853 -0.7294496950532744 0.020180581854182002 -0.03465103675682721 0.6828581054321524
0.035839259000000005 -0.7294496950532744 0.020180581854182002 -0.03465103675682721 0.6828581054321524
0.036006296 -0.7294496950532744 0.020180581854182002 -0.03465103675682721 0.6828581054321524
0.03618345 -0.7294496950532744 0.020180581854182002 -0.03465103675682721 0.6828581054321524
0.036328522 -0.7294496950532744 0.020180581854182002 -0.03465103675682721 0.6828581054321524
0.036478764000000004 -0.7294496950532744 0.020180581854182002 -0.03465103675682721 0.6828581054321524
0.03664042 -0.7294496950532744 0.020180581854182002 -0.03465103675682721 0.6828581054321524
0.036791225000000004 -0.7294496950532744 0.020180581854182002 -0.03465103675682721 0.6828581054321524
0.036959918 -0.7294496950532744 0.020180581854182002 -0.03465103675682721 0.6828581054321524
0.03712987 -0.7294496950532744 0.020180581854182002 -0.03465103675682721 0.6828581054321524
0.037292625 -0.7294496950532744 0.020180581854182002 -0.03465103675682721 0.6828581054321524
0.037446323000000004 -0.7294496950532744 0.020180581854182002 -0.03465103675682721 0.6828581054321524
0.037594583 -0.7294496950532744 0.020180581854182002 -0.03465103675682721 0.6828581054321524
0.03774901 -0.7294496950532744 0.020180581854182002 -0.03465103675682721 0.6828581054321524
0.037915765000000004 -0.7294496950532744 0.020180581854182002 -0.03465103675682721 0.6828581054321524
0.038086025 -0.7294496950532744 0.020180581854182002 -0.03465103675682721 0.6828581054321524
0.038232765 -0.7294496950532744 0.020180581854182002 -0.03465103675682721 0.6828581054321524
0.038387719 -0.7294496950532744 0.020180581854182002 -0.03465103675682721 0.6828581054321524
0.038540181 -0.7294496950532744 0.020180581854182002 -0.03465103675682721 0.6828581054321524
0.038691764000000003 -0.7294496950532744 0.020180581854182002 -0.03465103675682721 0.6828581054321524
0.038863203000000006 -0.7294496950532744 0.020180581854182002 -0.03465103675682721 0.6828581054321524
0.039041192 -0.7294496950532744 0.020180581854182002 -0.03465103675682721 0.6828581054321524
0.039202092 -0.7294496950532744 0.020180581854182002 -0.03465103675682721 0.6828581054321524
0.039350485000000004 -0.7294496950532744 0.020180581854182002 -0.03465103675682721 0.6828581054321524
0.039515488 -0.7294496950532744 0.020180581854182002 -0.03465103675682721 0.6828581054321524
0.039660581 -0.7294496950532744 0.020180581854182002 -0.03465103675682721 0.6828581054321524
0.039829627 -0.7294496950532744 0.020180581854182002 -0.03465103675682721 0.6828581054321524
0.040004513000000005 -0.7294496950532744 0.020180581854182002 -0.03465103675682721 0.6828581054321524
0.040179123000000004 -0.7294496950532744 0.020180581854182002 -0.03465103675682721 0.6828581054321524
0.040335879000000005 -0.7294496950532744 0.020180581854182002 -0.03465103675682721 0.6828581054321524
0.040489265 -0.7294496950532744 0.020180581854182002 -0.03465103675682721 0.6828581054321524
0.040627125 -0.7294496950532744 0.020180581854182002 -0.03465103675682721 0.6828581054321524
0.040772806 -0.7294496950532744 0.020180581854182002 -0.03465103675682721 0.6828581054321524
0.040950864000000003 -0.7294496950532744 0.020180581854182002 -0.03465103675682721 0.6828581054321524
0.041116061 -0.7294496950532744 0.020180581854182002 -0.03465103675682721 0.6828581054321524
0.041274623 -0.7294496950532744 0.020180581854182002 -0.03465103675682721 0.6828581054321524
0.04142796 -0.7294496950532744 0.020180581854182002 -0.03465103675682721 0.6828581054321524
0.04157269 -0.7294496950532744 0.020180581854182002 -0.03465103675682721 0.6828581054321524
0.041719729000000004 -0.7294496950532744 0.020180581854182002 -0.03465103675682721 0.6828581054321524
0.04189918 -0.7294496950532744 0.020180581854182002 -0.03465103675682721 0.6828581054321524
0.042079281 -0.7294496950532744 0.020180581854182002 -0.03465103675682721 0.6828581054321524
0.042244891 -0.7294496950532744 0.020180581854182002 -0.03465103675682721 0.6828581054321524
0.042410552000000004 -0.7294496950532744 0.020180581854182002 -0.03465103675682721 0.6828581054321524
0.042563209000000005 -0.7294496950532744 0.020180581854182002 -0.03465103675682721 0.6828581054321524
0.042698230000000004 -0.7294496950532744 0.020180581854182002 -0.03465103675682721 0.6828581054321524
0.042883684000000005 -0.7294496950532744 0.020180581854182002 -0.03465103675682721 0.6828581054321524
0.043059449 -0.7294496950532744 0.020180581854182002 -0.03465103675682721 0.6828581054321524
0.043230912 -0.7294496950532744 0.020180581854182002 -0.03465103675682721 0.6828581054321524
0.043380943000000005 -0.7294496950532744 0.020180581854182002 -0.03465103675682721 0.6828581054321524
0.043525374000000006 -0.7294496950532744 0.020180581854182002 -0.03465103675682721 0.6828581054321524
0.043680133 -0.7294496950532744 0.020180581854182002 -0.03465103675682721 0.6828581054321524
0.043842178 -0.7294496950532744 0.020180581854182002 -0.03465103675682721 0.6828581054321524
0.044019796 -0.7294496950532744 0.020180581854182002 -0.03465103675682721 0.6828581054321524
0.044192737 -0.7294496950532744 0.020180581854182002 -0.03465103675682721 0.6828581054321524
0.044374355000000004 -0.7294496950532744 0.020180581854182002 -0.03465103675682721 0.6828581054321524
0.044522572 -0.7294496950532744 0.020180581854182002 -0.03465103675682721 0.6828581054321524
0.044681194 -0.7294496950532744 0.020180581854182002 -0.03465103675682721 0.6828581054321524
0.044854002000000004 -0.7294496950532744 0.020180581854182002 -0.03465103675682721 0.6828581054321524
0.045025132 -0.7294496950532744 0.020180581854182002 -0.03465103675682721 0.6828581054321524
0.045188574 -0.7294496950532744 0.020180581854182002 -0.03465103675682721 0.6828581054321524
0.045339895000000005 -0.7294496950532744 0.020180581854182002 -0.03465103675682721 0.6828581054321524
0.045485564000000006 -0.7294496950532744 0.020180581854182002 -0.03465103675682721 0.6828581054321524
0.045619081000000006 -0.7294496950532744 0.020180581854182002 -0.03465103675682721 0.6828581054321524
0.045783135 -0.7294496950532744 0.020180581854182002 -0.03465103675682721 0.6828581054321524
0.045972095000000004 -0.7294496950532744 0.020180581854182002 -0.03465103675682721 0.6828581054321524
0.046159468 -0.7294496950532744 0.020180581854182002 -0.03465103675682721 0.6828581054321524
0.046328474 -0.7294496950532744 0.020180581854182002 -0.03465103675682721 0.6828581054321524
0.046466943000000004 -0.7294496950532744 0.020180581854182002 -0.03465103675682721 0.6828581054321524
0.04661523 -0.7294496950532744 0.020180581854182002 -0.03465103675682721 0.6828581054321524
0.046793737 -0.7294496950532744 0.020180581854182002 -0.03465103675682721 0.6828581054321524
0.046975222000000004 -0.7294496950532744 0.020180581854182002 -0.03465103675682721 0.6828581054321524
0.047148772000000005 -0.7294496950532744 0.020180581854182002 -0.03465103675682721 0.6828581054321524
0.04731283 -0.7294496950532744 0.020180581854182002 -0.03465103675682721 0.6828581054321524
0.047469041000000003 -0.7294496950532744 0.020180581854182002 -0.03465103675682721 0.6828581054321524
0.047610673000000006 -0.7294496950532744 0.020180581854182002 -0.03465103675682721 0.6828581054321524
0.047758046000000005 -0.7294496950532744 0.020180581854182002 -0.03465103675682721 0.6828581054321524
0.047937067 -0.7294496950532744 0.020180581854182002 -0.03465103675682721 0.6828581054321524
0.048129092000000005 -0.7294496950532744 0.020180581854182002 -0.03465103675682721 0.6828581054321524
0.048292408 -0.7294496950532744 0.020180581854182002 -0.03465103675682721 0.6828581054321524
0.048458783000000005 -0.7294496950532744 0.020180581854182002 -0.03465103675682721 0.6828581054321524
0.048608877 -0.7294496950532744 0.020180581854182002 -0.03465103675682721 0.6828581054321524
0.048754006 -0.7294496950532744 0.020180581854182002 -0.03465103675682721 0.6828581054321524
0.048942557000000005 -0.7294496950532744 0.020180581854182002 -0.03465103675682721 0.6828581054321524
0.049124433 -0.7294496950532744 0.020180581854182002 -0.03465103675682721 0.6828581054321524
0.049280153 -0.7294496950532744 0.020180581854182002 -0.03465103675682721 0.6828581054321524
0.049444468000000005 -0.7294496950532744 0.020180581854182002 -0.03465103675682721 0.6828581054321524
0.049608305000000005 -0.7294496950532744 0.020180581854182002 -0.03465103675682721 0.6828581054321524
0.049773119000000005 -0.7294496950532744 0.020180581854182002 -0.03465103675682721 0.6828581054321524
0.049958299000000005 -0.7294496950532744 0.020180581854182002 -0.03465103675682721 0.6828581054321524
0.050125417000000005 -0.7294496950532744 0.020180581854182002 -0.03465103675682721 0.6828581054321524
0.050299566000000004 -0.7294496950532744 0.020180581854182002 -0.03465103675682721 0.6828581054321524
0.050458515 -0.7294496950532744 0.020180581854182002 -0.03465103675682721 0.6828581054321524
0.050610805 -0.7294496950532744 0.020180581854182002 -0.03465103675682721 0.6828581054321524
0.050775282000000005 -0.7294496950532744 0.020180581854182002 -0.03465103675682721 0.6828581054321524
0.050953737000000006 -0.7294496950532744 0.020180581854182002 -0.03465103675682721 0.6828581054321524
0.051138732000000006 -0.7294496950532744 0.020180581854182002 -0.03465103675682721 0.6828581054321524
0.051313548 -0.7294496950532744 0.020180581854182002 -0.03465103675682721 0.6828581054321524
0.051463486 -0.7294496950532744 0.020180581854182002 -0.03465103675682721 0.6828581054321524
0.051632483 -0.7294496950532744 0.020180581854182002 -0.03465103675682721 0.6828581054321524
0.051797302 -0.7294496950532744 0.020180581854182002 -0.03465103675682721 0.6828581054321524
0.051982234 -0.7294496950532744 0.020180581854182002 -0.03465103675682721 0.6828581054321524
0.052152176 -0.7294496950532744 0.020180581854182002 -0.03465103675682721 0.6828581054321524
0.052320507 -0.7294496950532744 0.020180581854182002 -0.03465103675682721 0.6828581054321524
0.052480154 -0.7294496950532744 0.020180581854182002 -0.03465103675682721 0.6828581054321524
0.052632899000000004 -0.7294496950532744 0.020180581854182002 -0.03465103675682721 0.6828581054321524
0.052785582000000004 -0.7294496950532744 0.020180581854182002 -0.03465103675682721 0.6828581054321524
0.052946847000000005 -0.7294496950532744 0.020180581854182002 -0.03465103675682721 0.6828581054321524
0.053134193 -0.7294496950532744 0.020180581854182002 -0.03465103675682721 0.6828581054321524
0.053298990000000004 -0.7294496950532744 0.020180581854182002 -0.03465103675682721 0.6828581054321524
0.053477345 -0.7294496950532744 0.020180581854182002 -0.03465103675682721 0.6828581054321524
0.053646302 -0.7294496950532744 0.020180581854182002 -0.03465103675682721 0.6828581054321524
0.053815076 -0.7294496950532744 0.020180581854182002 -0.03465103675682721 0.6828581054321524
0.053987378 -0.7294496950532744 0.020180581854182002 -0.03465103675682721 0.6828581054321524
0.05415198500000001 -0.7294496950532744 0.020180581854182002 -0.03465103675682721 0.6828581054321524
0.054314743000000006 -0.7294496950532744 0.020180581854182002 -0.03465103675682721 0.6828581054321524
0.054485413 -0.7294496950532744 0.020180581854182002 -0.03465103675682721 0.6828581054321524
0.054641775000000004 -0.7294496950532744 0.020180581854182002 -0.03465103675682721 0.6828581054321524
0.054798947 -0.7294496950532744 0.020180581854182002 -0.03465103675682721 0.6828581054321524
0.054981307 -0.7294496950532744 0.020180581854182002 -0.03465103675682721 0.6828581054321524
0.055174895 -0.7294496950532744 0.020180581854182002 -0.03465103675682721 0.6828581054321524
0.055337908000000005 -0.7294496950532744 0.020180581854182002 -0.03465103675682721 0.6828581054321524
0.055489781 -0.7294496950532744 0.020180581854182002 -0.03465103675682721 0.6828581054321524
0.055650716 -0.7294496950532744 0.020180581854182002 -0.03465103675682721 0.6828581054321524
0.055826484 -0.7294496950532744 0.020180581854182002 -0.03465103675682721 0.6828581054321524
0.056000397 -0.7294496950532744 0.020180581854182002 -0.03465103675682721 0.6828581054321524
0.05616846700000001 -0.7294496950532744 0.020180581854182002 -0.03465103675682721 0.6828581054321524
0.056339903000000004 -0.7294496950532744 0.020180581854182002 -0.03465103675682721 0.6828581054321524
0.056515304 -0.7294496950532744 0.020180581854182002 -0.03465103675682721 0.6828581054321524
0.056677347 -0.7294496950532744 0.020180581854182002 -0.03465103675682721 0.6828581054321524
0.056869457000000005 -0.7294496950532744 0.020180581854182002 -0.03465103675682721 0.6828581054321524
0.057037109 -0.7294496950532744 0.020180581854182002 -0.03465103675682721 0.6828581054321524
0.057211044 -0.7294496950532744 0.020180581854182002 -0.03465103675682721 0.6828581054321524
0.057350120000000004 -0.7294496950532744 0.020180581854182002 -0.03465103675682721 0.6828581054321524
0.057508036000000005 -0.7294496950532744 0.020180581854182002 -0.03465103675682721 0.6828581054321524
0.057670391 -0.7294496950532744 0.020180581854182002 -0.03465103675682721 0.6828581054321524
0.05783908200000001 -0.7294496950532744 0.020180581854182002 -0.03465103675682721 0.6828581054321524
0.058023332000000004 -0.7294496950532744 0.020180581854182002 -0.03465103675682721 0.6828581054321524
0.058187967 -0.7294496950532744 0.020180581854182002 -0.03465103675682721 0.6828581054321524
0.058356519 -0.7294496950532744 0.020180581854182002 -0.03465103675682721 0.6828581054321524
0.058520999000000004 -0.7294496950532744 0.020180581854182002 -0.03465103675682721 0.6828581054321524
0.058691035 -0.7294496950532744 0.020180581854182002 -0.03465103675682721 0.6828581054321524
0.058868584 -0.7294496950532744 0.020180581854182002 -0.03465103675682721 0.6828581054321524
0.059048179000000006 -0.7294496950532744 0.020180581854182002 -0.03465103675682721 0.6828581054321524
0.059230409000000005 -0.7294496950532744 0.020180581854182002 -0.03465103675682721 0.6828581054321524
0.05938954900000001 -0.7294496950532744 0.020180581854182002 -0.03465103675682721 0.6828581054321524
0.059566585000000005 -0.7294496950532744 0.020180581854182002 -0.03465103675682721 0.6828581054321524
0.059721654000000006 -0.7294496950532744 0.020180581854182002 -0.03465103675682721 0.6828581054321524
0.059897818000000005 -0.7294496950532744 0.020180581854182002 -0.03465103675682721 0.6828581054321524
0.060070069000000004 -0.7294496950532744 0.020180581854182002 -0.03465103675682721 0.6828581054321524
0.060235697000000005 -0.7294496950532744 0.020180581854182002 -0.03465103675682721 0.6828581054321524
0.060400655000000004 -0.7294496950532744 0.020180581854182002 -0.03465103675682721 0.6828581054321524
0.060562743 -0.7294496950532744 0.020180581854182002 -0.03465103675682721 0.6828581054321524
0.060707356000000004 -0.7294496950532744 0.020180581854182002 -0.03465103675682721 0.6828581054321524
0.060896585 -0.7294496950532744 0.020180581854182002 -0.03465103675682721 0.6828581054321524
0.061090636000000004 -0.7294496950532744 0.020180581854182002 -0.03465103675682721 0.6828581054321524
0.061266204000000005 -0.7294496950532744 0.020180581854182002 -0.03465103675682721 0.6828581054321524
0.061445002000000006 -0.7294496950532744 0.020180581854182002 -0.03465103675682721 0.6828581054321524
0.06161838 -0.7294496950532744 0.020180581854182002 -0.03465103675682721 0.6828581054321524
0.061771857000000006 -0.7294496950532744 0.020180581854182002 -0.03465103675682721 0.6828581054321524
0.061968955000000006 -0.7294496950532744 0.020180581854182002 -0.03465103675682721 0.6828581054321524
0.062153636000000005 -0.7294496950532744 0.020180581854182002 -0.03465103675682721 0.6828581054321524
0.062331791000000004 -0.7294496950532744 0.020180581854182002 -0.03465103675682721 0.6828581054321524
0.062498183000000006 -0.7294496950532744 0.020180581854182002 -0.03465103675682721 0.6828581054321524
0.062672644 -0.7294496950532744 0.020180581854182002 -0.03465103675682721 0.6828581054321524
0.062846236 -0.7294496950532744 0.020180581854182002 -0.03465103675682721 0.6828581054321524
0.06301896 -0.7294496950532744 0.020180581854182002 -0.03465103675682721 0.6828581054321524
0.063187907 -0.7294496950532744 0.020180581854182002 -0.03465103675682721 0.6828581054321524
0.06337408500000001 -0.7294496950532744 0.020180581854182002 -0.03465103675682721 0.6828581054321524
0.06354148600000001 -0.7294496950532744 0.020180581854182002 -0.03465103675682721 0.6828581054321524
0.06370031500000001 -0.7294496950532744 0.020180581854182002 -0.03465103675682721 0.6828581054321524
0.063869707 -0.7294496950532744 0.020180581854182002 -0.03465103675682721 0.6828581054321524
0.06405590600000001 -0.7294496950532744 0.020180581854182002 -0.03465103675682721 0.6828581054321524
0.064241105 -0.7294496950532744 0.020180581854182002 -0.03465103675682721 0.6828581054321524
0.064401336 -0.7294496950532744 0.020180581854182002 -0.03465103675682721 0.6828581054321524
0.06456753400000001 -0.7294496950532744 0.020180581854182002 -0.03465103675682721 0.6828581054321524
0.064734374 -0.7294496950532744 0.020180581854182002 -0.03465103675682721 0.6828581054321524
0.064916502 -0.7294496950532744 0.020180581854182002 -0.03465103675682721 0.6828581054321524
0.065094126 -0.7294496950532744 0.020180581854182002 -0.03465103675682721 0.6828581054321524
0.06527279200000001 -0.7294496950532744 0.020180581854182002 -0.03465103675682721 0.6828581054321524
0.065438232 -0.7294496950532744 0.020180581854182002 -0.03465103675682721 0.6828581054321524
0.065606565 -0.7294496950532744 0.020180581854182002 -0.03465103675682721 0.6828581054321524
0.065760438 -0.7294496950532744 0.020180581854182002 -0.03465103675682721 0.6828581054321524
0.065963187 -0.7294496950532744 0.020180581854182002 -0.03465103675682721 0.6828581054321524
0.066144282 -0.7294496950532744 0.020180581854182002 -0.03465103675682721 0.6828581054321524
0.066322438 -0.7294496950532744 0.020180581854182002 -0.03465103675682721 0.6828581054321524
0.066503404 -0.7294496950532744 0.020180581854182002 -0.03465103675682721 0.6828581054321524
0.066674042 -0.7294496950532744 0.020180581854182002 -0.03465103675682721 0.6828581054321524
0.06685287200000001 -0.7294496950532744 0.020180581854182002 -0.03465103675682721 0.6828581054321524
0.067029746 -0.7294496950532744 0.020180581854182002 -0.03465103675682721 0.6828581054321524
0.067211912 -0.7294496950532744 0.020180581854182002 -0.03465103675682721 0.6828581054321524
0.067368259 -0.7294496950532744 0.020180581854182002 -0.03465103675682721 0.6828581054321524
0.067532192 -0.7294496950532744 0.020180581854182002 -0.03465103675682721 0.6828581054321524
0.067710175 -0.7294496950532744 0.020180581854182002 -0.03465103675682721 0.6828581054321524
0.067909652 -0.7294496950532744 0.020180581854182002 -0.03465103675682721 0.6828581054321524
0.068085029 -0.7294496950532744 0.020180581854182002 -0.03465103675682721 0.6828581054321524
0.068259631 -0.7294496950532744 0.020180581854182002 -0.03465103675682721 0.6828581054321524
0.068441785 -0.7294496950532744 0.020180581854182002 -0.03465103675682721 0.6828581054321524
0.06860153100000001 -0.7294496950532744 0.020180581854182002 -0.03465103675682721 0.6828581054321524
0.068781308 -0.7294496950532744 0.020180581854182002 -0.03465103675682721 0.6828581054321524
0.06897101700000001 -0.7294496950532744 0.020180581854182002 -0.03465103675682721 0.6828581054321524
0.069154674 -0.7294496950532744 0.020180581854182002 -0.03465103675682721 0.6828581054321524
0.06934053600000001 -0.7294496950532744 0.020180581854182002 -0.03465103675682721 0.6828581054321524
0.069523209 -0.7294496950532744 0.020180581854182002 -0.03465103675682721 0.6828581054321524
0.069695245 -0.7294496950532744 0.020180581854182002 -0.03465103675682721 0.6828581054321524
0.069875583 -0.7294496950532744 0.020180581854182002 -0.03465103675682721 0.6828581054321524
0.070065732 -0.7294496950532744 0.020180581854182002 -0.03465103675682721 0.6828581054321524
0.070238991 -0.7294496950532744 0.020180581854182002 -0.03465103675682721 0.6828581054321524
0.070427749 -0.7294496950532744 0.020180581854182002 -0.03465103675682721 0.6828581054321524
0.070596042 -0.7294496950532744 0.020180581854182002 -0.03465103675682721 0.6828581054321524
0.070770287 -0.7294496950532744 0.020180581854182002 -0.03465103675682721 0.6828581054321524
0.070954641 -0.7294496950532744 0.020180581854182002 -0.03465103675682721 0.6828581054321524
0.071124221 -0.7294496950532744 0.020180581854182002 -0.03465103675682721 0.6828581054321524
0.07129673 -0.7294496950532744 0.020180581854182002 -0.03465103675682721 0.6828581054321524
