0 -0.7067529998956005 0.00035399999994770805 0.0003529999999478558 0.7074602089259648
0.0008119140000000001 -0.7046267650419492 -0.002730706334694773 0.0003837885248649414 0.7095727714165756
0.001107436 -0.705424854562026 -0.0027355417025752486 0.0022863384882582014 0.7087757501735336
0.001353952 -0.7045992528978916 -0.0044389973209690145 0.004634852470093449 0.7095764273572637
0.001538405 -0.7040160078192562 -0.004769320004946735 0.0036772029474910523 0.7101585685601565
0.001734436 -0.7057732745196473 -0.0034849023361140517 0.0022777259413194924 0.7084255447074581
0.0019133770000000002 -0.7057337232391725 -0.0034113249911780458 0.0013773607041614006 0.7084676263755956
0.00208733 -0.7032022669325553 -0.00450470256784935 0.00445102697230654 0.7109616500167801
0.0022359890000000003 -0.7028794503549576 -0.0022815820155611057 0.007942503258850984 0.7112609853592438
0.002377506 -0.7048816790210347 -0.0018232589889309975 0.003860668597466894 0.7093120537148139
0.0025128050000000003 -0.7038102190795658 -0.0012449498960583022 0.004289891739899382 0.7103740018101663
0.002667276 -0.7046563525367228 -0.0021100200159693307 0.006264554300467622 0.7095179546738692
0.002811769 -0.707783958911928 0.0007142216810119655 0.00653723229340929 0.7063983451200114
0.002982081 -0.7074562806391481 0.0030938457701383637 0.011615208371475061 0.7066548846764317
0.0031317750000000003 -0.7028641053483631 0.002398642847252888 0.01766001676288889 0.7111008506064883
0.003291618 -0.7017336218598573 0.00011488939087322123 0.017443757209649607 0.7122258252031344
0.0034424480000000003 -0.7012991182257886 0.00018938012042022984 0.014636704163890108 0.7127168286227851
0.0035821100000000003 -0.7000821847145764 -0.0002444898047753344 0.01948289762948102 0.7137963936375419
0.0037184590000000003 -0.6968903113742242 0.0015613171672126589 0.0273353144096385 0.7166548937861001
0.003879477 -0.6986087002310865 0.0006162805916382713 0.023144172254414338 0.7151292550653501
0.004030257000000001 -0.696736290836049 0.0001161016389178148 0.027259627897988383 0.7168092076970674
0.004189202 -0.7002605499742294 -0.00020935052336394088 0.020730394272264356 0.7135862730430462
0.004343889 -0.6994933787545644 0.0010855222794084428 0.02260986029452669 0.7142804973799626
0.004484364 -0.7003853778785499 0.0008726892040109208 0.020716733051384315 0.7134636485758417
0.0046304530000000005 -0.7015407134618233 0.0009987374011556356 0.0183023766219957 0.7123936081191817
0.0047888720000000004 -0.7029443402780132 -0.0001435401414055078 0.014382808863406416 0.7110994084349497
0.00497091 -0.700856272866556 0.0005487241618267952 0.018776294743371662 0.7130551412346061
0.005137509 -0.7043161880800491 0.0006735610553974784 0.012591439871776647 0.7097744072350377
0.005274089 -0.704276380378343 -0.00012339005786755002 0.012753469162606204 0.7098113227051199
0.005422473000000001 -0.7046291677738462 -0.00033598724554464255 0.012020301086986672 0.7094738440539484
0.005572906000000001 -0.7033381916620184 -0.0004104073215804177 0.013671173834591257 0.7107237991803966
0.0057091730000000005 -0.7031087041750329 -0.0007146629683675338 0.014131975083159757 0.710941577522652
0.0058913820000000006 -0.703453734382554 -0.0014351198877238602 0.013165886859301026 0.710617649258274
0.006052653000000001 -0.7078327976952743 -0.0031879505876976017 0.00472980071704618 0.7063569893921263
