0 -0.7067529998956005 0.00035399999994770805 0.0003529999999478558 0.7074602089259648
0.0008119140000000001 -0.697586045229707 0.00041214318409140115 -0.004143818898745942 0.716488917153439
0.001107436 -0.6975860452296836 0.000412143212697123 -0.004143818869389769 0.7164889171536151
0.001353952 -0.6975860452296638 0.0004121432367100539 -0.004143818844746886 0.7164889171537631
0.001538405 -0.6975860452296496 0.0004121432546694873 -0.004143818826316285 0.7164889171538733
0.001734436 -0.6975860452296346 0.0004121432734705436 -0.004143818807021998 0.7164889171539889
0.0019133770000000002 -0.6975860452296198 0.0004121432908045454 -0.004143818789233194 0.7164889171540958
0.00208733 -0.6975860452296055 0.00041214330773387003 -0.00414381877185977 0.7164889171542002
0.0022359890000000003 -0.6975860452295951 0.0004121433221575397 -0.004143818757057694 0.7164889171542883
0.002377506 -0.6975860452295831 0.0004121433359275338 -0.004143818742926424 0.7164889171543734
0.0025128050000000003 -0.6975860452295727 0.0004121433490523924 -0.0041438187294573 0.7164889171544541
0.002667276 -0.69758604522956 0.0004121433640127767 -0.004143818714104376 0.7164889171545463
0.002811769 -0.6975860452295487 0.00041214337807274625 -0.004143818699675559 0.7164889171546328
0.002982081 -0.6975860452295357 0.00041214339456352347 -0.004143818682752169 0.7164889171547341
0.0031317750000000003 -0.6975860452295242 0.0004121434088956944 -0.00414381866804398 0.7164889171548222
0.003291618 -0.6975860452295113 0.0004121434244222975 -0.004143818652110055 0.7164889171549178
0.0034424480000000003 -0.6975860452294992 0.0004121434390861209 -0.004143818637061507 0.716488917155008
0.0035821100000000003 -0.6975860452294881 0.00041214345264899014 -0.004143818623142815 0.7164889171550917
0.0037184590000000003 -0.6975860452294772 0.00041214346592336333 -0.0041438186095201805 0.7164889171551733
0.003879477 -0.6975860452294649 0.00041214348154961595 -0.004143818593483984 0.7164889171552693
0.004030257000000001 -0.6975860452294522 0.00041214349621074205 -0.004143818578438247 0.7164889171553597
0.004189202 -0.6975860452294398 0.0004121435116044431 -0.004143818562640704 0.7164889171554546
0.004343889 -0.6975860452294285 0.00041214352664562144 -0.004143818547204907 0.7164889171555466
0.004484364 -0.697586045229417 0.00041214354030454905 -0.004143818533187625 0.7164889171556308
0.0046304530000000005 -0.6975860452294056 0.0004121435545223692 -0.004143818518596844 0.716488917155718
0.0047888720000000004 -0.6975860452293925 0.0004121435697623966 -0.004143818502956951 0.7164889171558124
0.00497091 -0.6975860452293781 0.000412143587491023 -0.004143818484763231 0.7164889171559213
0.005137509 -0.6975860452293657 0.0004121436037227925 -0.004143818468105587 0.716488917156021
0.005274089 -0.697586045229354 0.00041214361697314923 -0.004143818454507675 0.716488917156103
0.005422473000000001 -0.6975860452293424 0.0004121436314193188 -0.004143818439682508 0.7164889171561918
0.005572906000000001 -0.6975860452293307 0.0004121436460738094 -0.0041438184246435665 0.7164889171562818
0.0057091730000000005 -0.6975860452293194 0.00041214365924978287 -0.004143818411121932 0.7164889171563631
0.0058913820000000006 -0.697586045229305 0.00041214367699037865 -0.004143818392915896 0.7164889171564723
0.006052653000000001 -0.697586045229293 0.00041214369267967476 -0.00414381837681499 0.7164889171565685
0.006193141 -0.697586045229281 0.00041214370634785376 -0.00414381836278821 0.7164889171566529
0.006345535 -0.6975860452292687 0.0004121437211551057 -0.004143818347592484 0.7164889171567441
0.006501304 -0.6975860452292568 0.00041214373632113673 -0.0041438183320286325 0.7164889171568372
0.006642671 -0.6975860452292454 0.00041214374997811646 -0.004143818318013341 0.7164889171569214
0.006791040000000001 -0.6975860452292336 0.00041214376441649876 -0.004143818303196169 0.7164889171570102
0.006950607 -0.6975860452292209 0.00041214377996268695 -0.004143818287242155 0.716488917157106
0.0071113850000000004 -0.6975860452292089 0.00041214379554976123 -0.00414381827124613 0.7164889171572015
0.007252740000000001 -0.6975860452291974 0.0004121438093183888 -0.004143818257116255 0.7164889171572862
0.007396482 -0.6975860452291859 0.0004121438233022908 -0.004143818242765541 0.7164889171573723
0.007538896000000001 -0.6975860452291748 0.0004121438371720332 -0.004143818228531879 0.7164889171574575
