0 -0.7067529998956005 0.00035399999994770805 0.0003529999999478558 0.7074602089259648
0.0008119140000000001 -0.8535479336079832 -0.018918000164570122 -0.026131223622622275 0.5200152919393322
0.001107436 0.3801248606868731 -0.02874070061858811 0.014637973702724447 0.9243727722640097
0.001353952 -0.905668102117343 -0.015918864218558933 -0.02806149098379482 0.42275940635398845
0.001538405 0.4704624421298925 -0.02713509758225679 0.01743568693749026 0.8818304833820843
0.001734436 -0.801348885239325 -0.02127389225102968 -0.024250065694929917 0.5973272421591872
0.0019133770000000002 -0.4279271241654765 -0.03016050019674052 -0.011433072086960911 0.903237646393703
0.00208733 0.33470572493533457 -0.029419345842869333 0.013220952416427652 0.9417706709709972
0.0022359890000000003 -0.8325646259900461 -0.019926119614854323 -0.02537011656991523 0.552988293483722
0.002377506 0.5733213023450013 -0.02483337786246617 0.020582816257026272 0.8186956420623671
0.0025128050000000003 -0.8963071575621169 -0.016523063027399615 -0.027709545314292858 0.44225956662732224
0.002667276 -0.1513685530883322 -0.032170962701377 -0.00230868446847927 0.9879511220925064
0.002811769 -0.797613552615309 -0.02142462852097767 -0.024116885255548188 0.6023059593579267
0.002982081 -0.7824890358148772 -0.022014444935660987 -0.023579281078724063 0.6218284235722046
0.0031317750000000003 -0.04154277474791272 -0.03222905480817689 0.0012550581238675881 0.9986160492982619
0.003291618 0.7734413284885918 -0.018330731374775377 0.026541625990771475 0.6330469075466704
0.0034424480000000003 -0.38911953378089126 -0.030619753946192322 -0.01013843436416851 0.9206224933341479
0.0035821100000000003 0.004888221885326914 -0.03213578776912257 0.0027521900455132952 0.9994678355076708
0.0037184590000000003 -0.9705699975782031 -0.010152475433724238 -0.030628252919316375 0.23865203340987104
0.003879477 0.15553581667560348 -0.03135221297349555 0.007570861690594202 0.9873036422063266
0.004030257000000001 -0.8391420721373878 -0.019619873631236545 -0.025607909834637795 0.5429552714554701
0.004189202 -0.72821477613998 -0.02389584047140581 -0.02166898969784641 0.6845896724552148
0.004343889 -0.17461674648918588 -0.03210758417689491 -0.0030671876889313957 0.9841081222260109
0.004484364 -0.3727895089632629 -0.030794229626303314 -0.009595170145862163 0.9273552466376374
0.0046304530000000005 0.8796411003356382 -0.012946261921353648 0.0295468328769922 0.474543486073711
0.0047888720000000004 0.874667828445431 -0.013252664554885333 0.02941050996128618 0.4836487067825662
0.00497091 0.7514133443026265 -0.019225752862965847 0.02590026451727312 0.6590430700889104
0.005137509 -0.8111265033159281 -0.0208691916648851 -0.024599493375369364 0.5839806183412598
0.005274089 0.6258286412244637 -0.023427227687845012 0.022170623350313185 0.7792934036847656
0.005422473000000001 0.9850795559241539 -0.0028233127766094704 0.032141940799098656 0.16905037277179466
0.005572906000000001 -0.9403039811498045 -0.013302623936034022 -0.029394269218268904 0.33880349824435846
0.0057091730000000005 0.7545044813703249 -0.01910359593839061 0.025990544584602995 0.6555017830444105
0.0058913820000000006 -0.37787710450356155 -0.030741035601835397 -0.009764329586531183 0.9252937797510177
0.006052653000000001 -0.997154165176808 -0.004724689425835493 -0.03192566580849635 0.06820321537331459
0.006193141 0.5083946679751316 -0.026349829216014666 0.018601433505829025 0.8605199502857717
0.006345535 -0.06549397338944583 -0.0322499387877209 0.00048057210900037244 0.9973315944382792
0.006501304 0.7277362791581583 -0.02012694641085463 0.025205949760894242 0.6850982563811773
0.006642671 -0.19242825635629843 -0.032046688665408704 -0.0036493070514691337 0.9807808804722411
0.006791040000000001 0.44318210515557405 -0.027657783245150763 0.016593890259007406 0.8958512408578176
0.006950607 -0.787250330203143 -0.021832205560172104 -0.023748245981201243 0.6157892946865793
0.0071113850000000004 -0.8968897936512596 -0.016486443509309574 -0.027731371590660855 0.44107644664825985
0.007252740000000001 0.5204008159040803 -0.02608639188865443 0.01896920451315702 0.8533128458145544
0.007396482 0.6929777964761743 -0.0213496489082114 0.024178540454005335 0.720237136913352
0.007538896000000001 -0.8995132074170565 -0.016320016261548068 -0.02782977183374786 0.4357014410997769
0.007670357000000001 -0.20357935786511194 -0.032003062783565156 -0.004014193294099798 0.9785270720866954
0.007837687000000001 -0.888744201724513 -0.016987118759841543 -0.027427133679722288 0.45726712204138437
0.008014323 -0.9697456827066392 -0.010257503943893322 -0.03059310082054367 0.24197595215018822
0.008162945000000001 0.9358410389405977 -0.008816000374995905 0.031033028745748262 0.35094288549263486
0.00831027 -0.8482816308620361 -0.01917975816827787 -0.02593950171449902 0.528561938108718
0.008474474000000001 -0.8435415562558274 -0.019410197636917478 -0.025767352088615355 0.5360944447755935
0.008634332 -0.5560708560497893 -0.028150252897813647 -0.015747759348438483 0.8305088774717827
0.008770539 -0.6509659526116937 -0.02607414284813602 -0.018990216776580363 0.7584214818926818
0.00893477 0.9472879592067206 -0.007748644512548457 0.03131734735123467 0.31875722557690345
0.00910297 -0.35772758764583085 -0.030945609519616966 -0.009094862053985912 0.9332688829433861
0.009277073 0.8726588827288512 -0.01337442805236397 0.02935527934294155 0.48726449349463713
0.00944785 -0.4289226407355668 -0.030147871030293604 -0.011466351249636884 0.9027653593359127
0.009610214 -0.03545449167606944 -0.03222078955513399 0.0014516902012066215 0.9988507853542884
0.009769603 -0.8846629693320118 -0.017229442034646887 -0.027275384890004133 0.4651146058643148
0.009921175 0.45278659538625043 -0.027477645675612738 0.01689057304635112 0.8910354876101232
0.01009428 -0.8405722024952644 -0.019552153247193792 -0.02565970414757658 0.5407386395208552
0.010248041000000001 0.9719368212716795 -0.0049205113117337055 0.0318864600808859 0.2330271508253185
0.010411100000000001 -0.5187510443297022 -0.02882035416096003 -0.014484361718101104 0.8543168138049775
0.010554597 -0.9084004512307648 -0.015735689122222212 -0.028164767126376715 0.41685615329253894
0.010711724 -0.9503419212783341 -0.012385161293651577 -0.029793310152656016 0.3095344442798221
0.010874328 -0.8818922573397711 -0.017390883162559233 -0.027172610521391364 0.47034698399745156
0.01104269 0.5601192301200728 -0.02516054922925289 0.020181450486414943 0.8277840785444116
0.011215826 0.9973874273111393 0.0005625078203451133 0.032265408142200025 0.06506897426526197
0.011369738 -0.9596527600499875 -0.011435795239940197 -0.030171341796560714 0.2793359574205991
0.011517237000000001 -0.017822564185733202 -0.032190097592816116 0.0020205997357752295 0.999320920171373
0.011661505 0.3001837370970239 -0.02988173387872998 0.012139584677224752 0.9533360821962897
0.011833910000000001 -0.7617940356558134 -0.022772329880141398 -0.022847623898977258 0.6470159935949517
0.0120081 0.8926846372403295 -0.012106011476446096 0.029901391711179708 0.4495267084645183
0.012167805 0.8541461092195779 -0.01444644072404585 0.028842250436881923 0.5190320961130064
0.012318448000000001 0.7299166472171285 -0.020046406121896964 0.02527008643899649 0.6827748553803854
0.012488810000000001 -0.9199428551321743 -0.014923366790809023 -0.02860413520583986 0.3907240494895726
0.012638566 -0.4891733768886224 -0.02930002082028121 -0.013487199617102132 0.8715900618996283
0.012787986000000001 0.8187014897861908 -0.016288008883098594 0.027842861942161158 0.5733130728792943
0.012956619 0.5571048619638679 -0.025233848401488086 0.020089694814372457 0.8298156842523916
0.013114013 -0.7086792731583205 -0.024496097360107816 -0.02098758249163336 0.7047932385823319
0.013281586000000001 -0.689201699491167 -0.025059584458346336 -0.020311008952263836 0.7238513290640715
0.013441452000000001 -0.4872511220066701 -0.02932969428292799 -0.013422514731770377 0.8726660996547526
0.013612141000000001 -0.40185037085146796 -0.030476112808048465 -0.010562575318708741 0.9151371627587495
0.013774621 -0.9170126684486084 -0.015135829605033025 -0.02849209460619182 0.3975516510556684
0.013984332 0.5592574812621505 -0.025181553203419742 0.020155223316019648 0.8283664007481623
0.014146009000000001 -0.17887938064646414 -0.03209399043902614 -0.0032064209426376456 0.9833422571876936
0.014298044000000001 -0.39301281650730996 -0.030576542272200295 -0.010268085420545777 0.9189672156288823
0.014453051000000001 0.9622545170249407 -0.006145439730813067 0.03167218717053197 0.2702371340868655
0.014593866 0.9600622687897606 -0.00639899881141481 0.031621735690069576 0.27792475873328437
0.014738074 -0.7146248366899448 -0.02431726991541114 -0.021194656237009682 0.6987640671898693
0.014898843 -0.5476410512541948 -0.02830822145974991 -0.015461851260156647 0.836091610027457
0.015076491000000001 -0.9867397054694168 -0.007629183925006192 -0.031354955426250775 0.15909601376286034
0.015232200000000001 -0.9295879947678378 -0.014189746773506854 -0.028975684428482956 0.36718742238200297
0.015373739 -0.7942407903478872 -0.02155896795837804 -0.02399677386082776 0.6067466478161055
0.015527601 0.7100904338200696 -0.020761674355238947 0.02468550080846371 0.7033715054920344
0.015677059 -0.5894191896708731 -0.0274853580487161 -0.016882028965675738 0.8071832535503907
0.015846579 -0.9721578147180606 -0.009945481403132369 -0.030696339792681784 0.2321041655958887
0.016018749000000002 0.8776801438575146 -0.013067970171171813 0.02949315359545393 0.4781613913522306
0.016202093 0.917678687949465 -0.010316118760576485 0.030566176341812468 0.39601380808135594
0.016336692 0.08498379830690442 -0.03181132440578421 0.005321601719864305 0.995860320610808
0.016483077000000002 -0.6264369408705776 -0.026667176353042197 -0.0181475522115365 0.7788047329333185
0.016629701 0.5451840181974741 -0.02551875723886121 0.019726428584677453 0.8376959421999541
0.016773820000000002 0.9775500697804255 -0.004106490770867137 0.03200222702676937 0.20823489686310812
0.016945331 0.39978632251246893 -0.028421129188229487 0.015249299404885284 0.9160409339159722
0.017112046000000002 -0.9608149629991602 -0.011309145087434325 -0.030219182736748323 0.27531390099903463
0.017259267000000002 -0.9476994739339117 -0.012636169209068557 -0.029687502529347775 0.31753362673361324
0.017392473000000002 -0.5821291207234534 -0.027636322557973485 -0.01663362156744768 0.8124565883452383
0.017549033000000002 -0.9995563524474209 -0.00323603347834734 -0.03212303557036937 0.021865447284066624
0.017692808 -0.6835525063827004 -0.02521688309244868 -0.020115271536312318 0.7291885821541356
0.017864902000000002 0.6637303181687115 -0.022297001107571938 0.02330741547045629 0.7472765077568735
0.018051845 0.9208010117174215 -0.010072190631690854 0.030647569474174706 0.38869843384182334
0.018208385 -0.4881640670266742 -0.029315626636165926 -0.013453233777520078 0.8721558374284519
0.018361055 0.8206064843511424 -0.01619508303811699 0.027897066404196976 0.5705833698452333
0.018512973000000002 0.3815350855754569 -0.02871831142168498 0.014681864326032884 0.9237916837850491
0.018659755 -0.997990788290131 -0.004317682247449357 -0.03198545461233131 0.05551883249203824
0.018822792 -0.9956932379461607 -0.005333007530473563 -0.03182948996210017 0.0871796413635585
0.018996141 0.8033999531387137 -0.017012718834186414 0.027405711158459873 0.5945658309069098
0.019171068000000003 -0.37942096287039606 -0.03072469072910686 -0.009815678279743648 0.9246619207146904
0.019340124 -0.16989314313970336 -0.03212193396800951 -0.0029129550813122734 0.9849346489545922
0.019496746000000002 -0.5122516567037303 -0.028929533409082442 -0.014264941557712069 0.8582296543071704
0.019643515 -0.25910524107846583 -0.03172158734244564 -0.005836291060558486 0.9653105152092862
0.019804754 0.5839738474488724 -0.024561952756526353 0.020906069236412795 0.811131599156337
0.019980788000000003 -0.9896126052342227 -0.007024887531888674 -0.03149658733743993 0.14012629820710662
0.020147154 -0.9988517450648019 -0.003731504842675785 -0.03206040541894687 0.037279277163656185
0.020294878000000002 0.9479500686214035 -0.007683287062093245 0.031333498289505164 0.316783326518037
0.020434605 0.7759615516521061 -0.018224549421072524 0.026614697055488065 0.6299553483517483
0.020576913000000002 -0.985532220144167 -0.007861978139717453 -0.03129712797508229 0.16641213487101297
0.020722581 0.038369756017953116 -0.03202539072575395 0.003828293030161966 0.9987430508351148
0.020902142000000002 -0.9999174835696221 -0.0029192977321272694 -0.03216018638799032 0.012019766044072745
0.021065292000000003 -0.4535071161769515 -0.029822032373923394 -0.012289310714686346 0.8906689418086682
0.021227428000000003 -0.999008909956906 -0.003612406650002953 -0.03207506040995901 0.03357503555277509
0.021376911000000002 -0.9048791188418156 -0.015971162571908004 -0.02803171708765989 0.42444556897767444
0.021526103 0.5020303587580618 -0.02648651260949333 0.01840624273545014 0.8642484484717932
0.021703738 0.9586252289003024 -0.00656126871739789 0.03158834353657157 0.2828419122394103
0.02187725 0.9582536823625865 -0.006602698397779765 0.03157966721940587 0.2840969590503511
0.022038845 0.905874921843499 -0.01119463914950358 0.030254924898935547 0.42231610032676875
0.022195476000000002 0.8870124666829172 -0.01247825476197276 0.02974776350271516 0.4606179884504206
0.022344431 -0.9284382426753393 -0.014280133446345164 -0.028931158095471015 0.3700841286381012
0.02251736 0.9461199260310228 -0.007862863165502044 0.03128876751012257 0.3222059451017851
0.022662632000000002 0.7503439011211939 -0.019267760857067412 0.025869009561082183 0.6602603495359879
0.022795724 -0.9920932985538812 -0.006424043918525131 -0.03162522646369943 0.12129626498123339
0.022969917000000003 0.8619856704988864 -0.014002987508978593 0.02906035586406081 0.5059054812334416
0.023118759000000003 -0.08842857512457425 -0.03225249189489378 -0.0002624491774241158 0.9955602282859288
0.023287702 -0.8153651462123155 -0.020689017305111867 -0.024751352334468242 0.5780479257627603
0.023452348 0.8879121123422681 -0.012419955688917033 0.029772190298189297 0.4588818232892921
0.023595925 0.6356572568864957 -0.023144025369605793 0.02246621680014096 0.7712975768270106
0.023742033000000003 0.9972988246632706 0.0005163674078651433 0.03226629258749275 0.06649213819139142
0.023926529000000002 0.4456441503222738 -0.027612006595032344 0.016669975287701307 0.894629180501957
0.024072153000000002 0.9968031483415492 0.0002898760887089542 0.032268660735540154 0.07347321287321018
0.024241205000000002 0.09849827865561439 -0.03173605183546238 0.005753479061648759 0.9946145546535545
0.024389498000000003 0.8906566465946707 -0.012240391009978946 0.029846569421730317 0.45353222029774193
0.024540758000000003 0.3469048582671304 -0.029245058408693365 0.013602197059521813 0.937345733227435
0.024678138000000002 -0.7055150012230444 -0.02458994478980282 -0.020877482946191205 0.707960873170207
0.024841357 0.48613619698256344 -0.026819095351845016 0.017918064812342715 0.8732878453510383
0.024998217000000003 -0.689768013135136 -0.02504367419323715 -0.020330642400492645 0.7233118938296292
0.025152347000000002 0.2557616838915633 -0.030411754072836646 0.010742850911684107 0.9662018152787695
0.025311473 0.09145935817585882 -0.031776000076793626 0.005528598867277819 0.9952864654702845
0.025466062 0.18764510757770383 -0.03108842479199585 0.00859010193348342 0.9817073176874527
0.025610839000000003 -0.6259359438828362 -0.026678846318992377 -0.018130376654524175 0.7792073226176262
0.02575681 -0.9951331318916449 -0.005527578460125108 -0.031795716884047046 0.09325697653810615
0.025939543000000002 0.22911253893147268 -0.030695738964551075 0.009902190926422324 0.9728655204559119
0.026114605000000003 0.9359608194417451 -0.00880542879952358 0.031036052490499302 0.35062461317951515
0.026272861 0.7679217603120774 -0.018560495355948232 0.02638136601225384 0.6397313332751801
0.026434337000000002 -0.9257345528567422 -0.014489506003381525 -0.028826707625569114 0.37679739357680375
0.026564745 -0.7903692517160086 -0.021711154133587707 -0.023859062260579243 0.6117813844985935
0.026715333 0.8894834610691711 -0.012317454082222103 0.029814799998685904 0.45582846114429865
0.026897746 0.5577946118597957 -0.025217123931982006 0.020110694300434266 0.8293522971277476
0.027078968000000002 -1.0007750825459547 -0.0028620152456313268 -0.03219269714382962 0.010176836565231598
0.027234919000000003 0.24271583066292624 -0.030553912178021198 0.010331566849195036 0.9695612965056281
0.027380643000000003 -0.8828362613496783 -0.017336164959155537 -0.027207603625733535 0.4685731434048854
0.027510992 -0.9504604833046792 -0.012373764431792693 -0.029798068397088984 0.3091713635731771
0.027665715 -0.021218905749342914 -0.03219678998079545 0.00191107680940158 0.9992545810933423
0.027822051 0.42733838931820584 -0.02794595159564376 0.01610374975455243 0.9035164141994312
0.027999605 0.9552415350010154 -0.00693194176477246 0.03150878856805859 0.29406618533292067
0.028165612000000003 0.5581242917058473 -0.025209116362066682 0.020120730303795197 0.8291303845137076
0.028308157 0.9137075705950167 -0.010619048145015818 0.030462062115940537 0.40509118201575073
0.028444601000000003 -0.992233001847769 -0.006388401212013728 -0.03163261623511876 0.12017988686584709
0.028587088 -0.9559112623211934 -0.01183050515813393 -0.030018371653620674 0.29188067491704267
0.028727548000000002 -0.47157122703358956 -0.029565122401427564 -0.01289541094415486 0.8812379600464084
0.028898661000000003 0.3257523247721331 -0.02954360670606928 0.012940846924963308 0.9449048593594546
0.029081631 -0.9224988410252489 -0.01473417262796893 -0.028702177744893063 0.38464855049506885
0.029246766 -0.057062686387606844 -0.0322447037791105 0.0007533770645061041 0.9978494398658424
0.029408052 0.6117831096165242 -0.023820587256105225 0.021747286680662933 0.7903676559851723
0.029553313 -0.07004444233668704 -0.03225180446001963 0.00033325846989232683 0.9970223196353237
0.029700007 -0.4678694054065673 -0.029619002678653552 -0.01277110548435789 0.883208870625919
0.029855498 0.9641531084846722 -0.005919392840896004 0.0317153552415715 0.263379245980891
0.030011006000000003 0.8025326058032293 -0.017052673647385753 0.027380840480155245 0.5957356376712927
0.030176635 0.2709755532167643 -0.03023829310848257 0.01122186291049812 0.9620457343356913
0.030334225000000003 -0.9992008980925732 -0.0033682101749867863 -0.03210087595225784 0.02599044823639518
0.030481386000000003 -0.06584929566651236 -0.03225010898729586 0.00046907113772687255 0.9973082057839109
0.030621836000000003 0.28424781273480093 -0.030080143721887522 0.011639190801753714 0.9582082160773516
0.030784713000000002 0.9882524297740346 -0.0021814136255918462 0.03219257697416674 0.14940228368630773
0.030954541000000002 0.9822656945260002 -0.0033355934659264493 0.03209239402783433 0.18470896393374342
0.03112213 -0.3558046193010701 -0.030964284856742106 -0.0090310397768739 0.9340036638343577
0.031274397 0.8647062951258266 -0.013845587539096892 0.029135761826252157 0.5012413479503607
0.031427898 0.29180098717470354 -0.029987268957876987 0.011876457566243812 0.9559351461871075
0.031573757 0.9990583815080004 0.0016745718465282324 0.03222903570757672 0.030733507742119828
0.031715318 0.38730918280911514 -0.028625775037495613 0.014861502312218037 0.9213856037613297
0.031892311 0.6810391718479247 -0.021744795788526405 0.023823638207426397 0.7315364093470108
0.032054867 0.8451349320461932 -0.014938718947185575 0.028590131127962964 0.5335793086034295
0.032215607 0.020382506163241377 -0.032089194161360954 0.0032505423257230544 0.9992719373387002
0.032387286 -0.984520942769122 -0.008048679065234054 -0.0312493602169385 0.17228321779462344
0.032526643 -0.9702040296771083 -0.010199367523866082 -0.0306126255227293 0.24013589514867165
0.032681417000000004 0.9823593083261262 -0.003319316277434627 0.032094104771126473 0.18421175854919386
0.032840965 -0.9501670961209606 -0.012401968685719994 -0.029786293755314695 0.3100698923235976
0.033017888 0.9857821599057193 -0.0026881249518665553 0.03215372018666834 0.1649150548275329
0.033173541 0.2551472436506595 -0.030418582132216234 0.010723490768093813 0.9663641580255661
0.03333398 0.9501232589634762 -0.007465461186153043 0.03138623992095251 0.3102019824089704
0.033483428 -0.9667279912088776 -0.010629751960554054 -0.030465397515371934 0.2537647137143859
0.033630006000000004 0.9498416566365768 -0.00749395219513528 0.03137942721196206 0.3110630122275613
0.033771858 -0.930473374715168 -0.014119479696535354 -0.029010025649286016 0.36493619641430375
0.033946741 -0.9057597547465055 -0.015912734073997892 -0.028064954042211893 0.42256182965029304
0.034106865 -0.5217921539192902 -0.028768516626646982 -0.014587090473241245 0.8524626385730741
0.034267338 -0.35275183801530174 -0.03099363170167725 -0.008929743864490159 0.935160815732087
0.034425679 -0.2483598299849948 -0.031784517201647454 -0.005482995342803976 0.9681307155579901
0.034577372 0.8020903808607894 -0.01707300581641126 0.027368156765363576 0.5963308598789575
0.034726316 0.9291089056358525 -0.009396149918793017 0.03086194462545568 0.3683966004376935
0.034900279 -0.9500033411827435 -0.012417617657452588 -0.029779729142857665 0.31056851424720333
0.035064421000000005 -0.9857234656269789 -0.007825084429461423 -0.03130628832758373 0.16525265517679594
0.035227309000000005 -0.3937437305258608 -0.03056835730269879 -0.010292431587281273 0.9186542075225563
0.035375128 -0.3690466307733903 -0.030832692736549715 -0.009470775790252944 0.92885101548095
0.035528497 -0.4146633172810156 -0.03032466961394333 -0.010990005630150772 0.909403073494175
0.03567853 -0.19093876734877774 -0.032052192705891686 -0.003600594070688032 0.9810718976356371
0.035839259000000005 0.8049714677837432 -0.01693999307234074 0.027450746301097773 0.592435967375396
0.036006296 0.08402842057991027 -0.03181641454122035 0.0052910523872616595 0.9959412148558604
0.03618345 -0.17324220530606066 -0.0321118330938535 -0.003022300988028144 0.984350909078993
0.036328522 0.1574704415198357 -0.031337296639448835 0.007632351173427476 0.9869967868912375
0.036478764000000004 0.11145695518175504 -0.03165825738596557 0.006167140911263508 0.9932456694262535
0.03664042 -0.9854864402331588 -0.007869426193002528 -0.03129504549003491 0.16664677718084078
0.036791225000000004 -0.7033387902887175 -0.024653939158305452 -0.020801806659583554 0.7101223732495952
0.036959918 -0.8423024373642944 -0.019469635064120683 -0.02572241431057504 0.5380386506543654
0.03712987 -0.043601928822364355 -0.03223157627865687 0.001188531914980801 0.9985281546310787
0.037292625 -0.20698669050409416 -0.03198887823785935 -0.004125756886706539 0.9778118861108537
0.037446323000000004 0.7025583235088527 -0.02102368585913903 0.02446262361326509 0.7108946430334153
0.037594583 0.996435854693788 0.00014913527069933312 0.03226820623606563 0.07780644899061338
0.03774901 0.44602972005647695 -0.027604802453856953 0.01668188774673026 0.8944367047484192
0.037915765000000004 0.9627983066012915 -0.006081115039543739 0.03168458521075832 0.2682859001453784
0.038086025 -0.9466673551393842 -0.012732078582201408 -0.029646345889515462 0.32059192750567916
0.038232765 -0.8563633603492535 -0.018775436157176657 -0.02623393119110165 0.5153647340912106
0.038387719 0.7674968272506195 -0.01857800973262886 0.02636901394332883 0.6402405348299246
0.038540181 -0.9619231194760918 -0.011186064879766401 -0.030264984772551976 0.2714069582200956
0.038691764000000003 -0.47735164691201154 -0.029479689447791082 -0.013089619310013572 0.8781200725105958
0.038863203000000006 0.6319713658956057 -0.023251005297136973 0.02235542723667951 0.7743201712176337
0.039041192 -0.7477066371615727 -0.023258691817790902 -0.022351948055133575 0.66324510106606
0.039202092 -0.9734462691502315 -0.009772204260290003 -0.030752015450240467 0.226626217602383
0.039350485000000004 0.5629560309601234 -0.025091084553779935 0.02026776191019171 0.825857150558108
0.039515488 -0.6868795158905833 -0.025124556777980766 -0.020230523079847556 0.7260549780648157
0.039660581 -0.9958996079770246 -0.005246000323481923 -0.03184315948683437 0.08446555050139447
0.039829627 0.9805093184698643 -0.0036331336131782003 0.032059657907583 0.19379413781256014
0.040004513000000005 0.4042994347402058 -0.028345494779523153 0.01538943916795531 0.9140576885723125
0.040179123000000004 0.7352245147150509 -0.019848299907153883 0.025426054558085113 0.6770555117257966
0.040335879000000005 -0.9586458763161734 -0.011543647165262414 -0.030130044482411085 0.28276244141051327
0.040489265 0.3813056495148709 -0.02872195027104337 0.014674723239121919 0.9238861073730156
0.040627125 -0.916047863625871 -0.015204764022361629 -0.02845528566910161 0.39976804412563816
0.040772806 0.5475830728272987 -0.025462040518655422 0.01979958574909871 0.8361293145303833
0.040950864000000003 -0.9542706868325931 -0.011997528086903448 -0.029951782589945925 0.29719372726478394
0.041116061 0.8684204885110289 -0.013627585677866566 0.029238452291075287 0.494777126864604
0.041274623 -0.2539726051294267 -0.03175215387592049 -0.0056674954693698215 0.9666733604498944
0.04142796 -0.5722665994206293 -0.027835470650724094 -0.01629796775120766 0.8194328670430565
0.04157269 0.9618710154605172 -0.0061900734769777714 0.031663383788201216 0.27159055883747574
0.041719729000000004 -0.8173286317081875 -0.020604522580258734 -0.024821781499882668 0.5752676939548632
0.04189918 -0.4487518098760952 -0.02988716541859639 -0.01212995829495273 0.8930741053544761
0.042079281 -0.997097230121623 -0.00474536668963772 -0.031922159385232754 0.0688487838324481
0.042244891 -0.690921090359547 -0.025011162445646537 -0.020370627603980875 0.7222099235824985
0.042410552000000004 -0.9416121734264641 -0.01318815936308486 -0.029445864331237234 0.33514724715088645
0.042563209000000005 -0.1401705758229878 -0.03219503318743495 -0.0019438564358728648 0.989601774271233
0.042698230000000004 -0.6676679828339768 -0.02564511900115044 -0.0195660233327532 0.7437597598549652
0.042883684000000005 -0.48266762533815183 -0.029399721818341246 -0.013268336182120305 0.8752092843586826
0.043059449 -0.9882385766365699 -0.007322051620465447 -0.031428194163821525 0.14945143927109217
0.043230912 -0.9991379133515282 -0.0031369451623860767 -0.032117365214347195 0.018827100624480255
0.043380943000000005 0.9990827189557208 0.0021973633833504767 0.032187208965792816 0.014531479049782813
0.043525374000000006 -0.14408275782845223 -0.032187097408010075 -0.0020712763971246473 0.9890397934712419
0.043680133 0.9828062459799013 -0.00324005633630456 0.032102145787163666 0.1817899517069607
0.043842178 0.32157021789158524 -0.029600597630815812 0.01280992543104659 0.9463362129960906
0.044019796 0.9838093969122492 -0.0030597128424030224 0.03211999556754699 0.17627847727283505
0.044192737 -0.7760566587334558 -0.022255820865613132 -0.023351401831251898 0.6298374603290671
0.044374355000000004 0.23048958074520426 -0.030681672096847336 0.009945679488881311 0.9725400408909309
0.044522572 0.9373026296939606 -0.008685686175335104 0.031069817454693234 0.34701838673509383
0.044681194 0.9576916756914285 -0.006664853004423138 0.03156650146263622 0.2859794670957753
0.044854002000000004 0.9902369377481508 -0.0017308841210214533 0.03222025331825482 0.13559297220600033
0.045025132 0.9983471824570246 0.0011370041457008477 0.03224974505963762 0.047338231745167894
0.045188574 -0.7345148689992623 -0.023694242100206778 -0.021889384404395702 0.67782535386397
0.045339895000000005 0.5639251192510619 -0.02506725269864762 0.020297238775061014 0.8251957275126102
0.045485564000000006 -0.9740371177527142 -0.00969136373673295 -0.030777657626920564 0.2240713934547737
0.045619081000000006 0.5089274620120379 -0.02633829023454879 0.01861776626431641 0.8602048240138153
0.045783135 -0.8077484370514363 -0.021010686489515786 -0.024478635104242304 0.5886436948329222
0.045972095000000004 0.9128413856376726 -0.010684033763866735 0.030439263892872492 0.40703735819895503
0.046159468 0.14961097399403128 -0.03139709936944698 0.007382484138398137 0.9882187121812356
0.046328474 -0.9579285871592136 -0.011619918208539408 -0.03010067020612905 0.28518603167644685
0.046466943000000004 -0.012287665652487166 -0.03217838980988346 0.0021990206968820034 0.9994041563784483
0.04661523 -0.8891465674798177 -0.016962915297548332 -0.027442119599560756 0.45648373752629606
0.046793737 0.9582856391832725 -0.00659898589234404 0.03158040120668526 0.2839843836770325
0.046975222000000004 0.4471937595966904 -0.027583043458567602 0.016717850869253693 0.8938553199062017
0.047148772000000005 0.6347632704647258 -0.02317005127822396 0.02243935195403655 0.7720331269885575
0.04731283 -0.3510857049226506 -0.031009494737428794 -0.008874471430536022 0.9357875891063583
0.047469041000000003 -0.0930486051891315 -0.03225093059766899 -0.0004122936083115396 0.9951389767604555
0.047610673000000006 0.10538739974662421 -0.03169537780418833 0.005973446117284735 0.9939080303259062
0.047758046000000005 -0.9439099509492841 -0.012983799129884475 -0.02953675457614444 0.32862263717405
0.047937067 -0.40525164617416126 -0.030436586658044888 -0.010675984920918957 0.9136359733690226
0.048129092000000005 -0.3189177565995122 -0.031294648218816744 -0.00780903052918336 0.9472334124754916
0.048292408 -0.6519224719318084 -0.026050134916822294 -0.019023147798617763 0.7575992511940822
0.048458783000000005 0.8131726655436404 -0.016554246190263276 0.02768526448926967 0.581128130598012
0.048608877 0.27265155745220837 -0.03021867647673103 0.011274591210126106 0.9615721324747056
0.048754006 0.7290138380619595 -0.02007981523543604 0.025243534736257574 0.6837387624302909
0.048942557000000005 -0.5758112621750319 -0.027764563037527803 -0.016418550488435407 0.8169462592829131
0.049124433 -0.9765060353896241 -0.00934299062502751 -0.030885654957884773 0.213068070605271
0.049280153 0.9798965831265111 -0.003734498541078564 0.032048039612293425 0.19688814221581297
0.049444468000000005 -0.7773964244891105 -0.022206004164253813 -0.023398828788445576 0.6281835149876954
0.049608305000000005 0.5845969032292129 -0.024545864982295995 0.02092495872698739 0.8106825953799093
0.049773119000000005 0.6634702162388824 -0.022305113545402475 0.023299643069707613 0.7475072770353326
0.049958299000000005 0.997889298511025 0.000834035891410774 0.03225957138249587 0.05669253861805262
0.050125417000000005 -0.37841491241933756 -0.030735354717281005 -0.009782216027673134 0.9250740700756243
0.050299566000000004 -0.9887827650964153 -0.007207752663083912 -0.03145500964679761 0.14586340113306462
0.050458515 -0.6362926478894044 -0.02643400498222155 -0.018485722246754394 0.7707732849654573
0.050610805 0.7091291143365543 -0.02079540372347516 0.024657078555914456 0.7043406449138697
0.050775282000000005 0.03809746276501661 -0.032026432551757716 0.0038195531011581216 0.9987534148806317
0.050953737000000006 0.9092649596291736 -0.010948917695180587 0.030344852124754712 0.4149664139158541
0.051138732000000006 0.14887724907596683 -0.03140257899536776 0.007359149317049458 0.9883295798229704
0.051313548 0.025601861156729938 -0.032071753686904646 0.00341827475810987 0.9991517844591804
0.051463486 -0.3282319379965291 -0.03121617673687501 -0.008117197439285751 0.9440463589746101
0.051632483 0.9992657798364313 0.00196015240860731 0.03221250016326907 0.021898894016339987
0.051797302 -0.6984228792677115 -0.024796983520077486 -0.02063098096884547 0.7149580648849914
0.051982234 -0.21896131283560083 -0.031935865080093946 -0.004518087558594361 0.9752002762056935
0.052152176 -0.7963956859642811 -0.021473306305486477 -0.024073500737178666 0.6039146942041034
0.052320507 0.4165199093103941 -0.028136398621834095 0.015768557824440723 0.9085542087548925
0.052480154 -0.5468972431414527 -0.028321962022107603 -0.015436639925982735 0.8365780651327832
0.052632899000000004 -0.2877189150381746 -0.03153374332750291 -0.006778706951299697 0.9571715830214346
0.052785582000000004 -0.9980918651188606 -0.004217449916382212 -0.03199676728339911 0.05240350030915797
0.052946847000000005 0.9983794675563955 0.0011712119344983965 0.032248004563433366 0.046280469696408845
0.053134193 0.6851171037635573 -0.02161115929365534 0.02394497219264472 0.7277183035237088
0.053298990000000004 -0.5554961560900978 -0.028161140641708604 -0.015728258103007344 0.8308931491961506
0.053477345 0.019045965022229747 -0.03209351425558597 0.0032075786215907103 0.9992981753494717
0.053646302 0.26261761528848404 -0.030334610883396066 0.010958794287051318 0.9643607350751626
0.053815076 -0.08768378548943313 -0.03225267578409559 -0.00023829840392168903 0.9956260333233757
0.053987378 -0.4601465607588091 -0.02972935245117709 -0.012511941529531834 0.8872568115881612
0.05415198500000001 0.9061139445952087 -0.011177419679121423 0.030261273961053953 0.42180116885911473
0.054314743000000006 -0.887185052017064 -0.017080306276259755 -0.027369111949543345 0.4602840982882393
0.054485413 -0.818236808523175 -0.020565234008387792 -0.024854373961143907 0.5739753251615597
0.054641775000000004 -0.35029264217096334 -0.03101700671196771 -0.008848165418193287 0.9360847267926251
0.054798947 -0.9344447365943687 -0.013797993250406076 -0.029164569188313623 0.35464287808895173
0.054981307 0.15930155228391052 -0.03132306845532552 0.0076905417150102675 0.9867029371361159
0.055174895 0.20021951525837195 -0.03097559332488074 0.008988479127175337 0.979219988582133
0.055337908000000005 0.8459426869998006 -0.014895289748735399 0.02861278761851994 0.5322969628154668
0.055489781 0.6450706816203968 -0.022866411017747168 0.022748806345637335 0.7634417063532981
0.055650716 -0.13168864755275103 -0.032210499134362844 -0.0016677399436600873 0.9907662061447958
0.055826484 -0.44310310336513864 -0.029963214438251545 -0.011940774005695758 0.8958901466765241
0.056000397 0.9985789381688979 0.0013154640326329275 0.03224272595230794 0.04182529342860463
0.05616846700000001 -0.7739342566490346 -0.022334289670222753 -0.023276306089694304 0.6324436514504445
0.056339903000000004 -0.6256912340481916 -0.02668453483782295 -0.01812198825408766 0.7794036051063091
0.056515304 -0.7726735593392913 -0.022380638499523067 -0.023231720571478463 0.6339836118091863
0.056677347 0.28327429369819823 -0.030091962288915176 0.011608597499389514 0.9584964735163435
0.056869457000000005 -0.918143689523466 -0.01505433904767122 -0.02853529949642515 0.3949323262621262
0.057037109 -0.6912329781920502 -0.025002366050132167 -0.020381443152951567 0.7219117811996969
0.057211044 0.5803466032141058 -0.024655132024086538 0.02079606142238169 0.8137307034580614
0.057350120000000004 0.771328267171736 -0.018419140528515916 0.02648030992719886 0.6356198220014379
0.057508036000000005 -0.8875159378206094 -0.017060632507648596 -0.027381417236822508 0.4596470144878158
0.057670391 -0.9400478377218746 -0.013324904564968503 -0.029384177512339613 0.3395153148155386
0.05783908200000001 -0.14786258205731304 -0.032178951443719725 -0.002194424075212548 0.9884819690800376
0.058023332000000004 0.9939268422746358 -0.0007453917244867229 0.032259679131403624 0.10533592026898304
0.058187967 0.8357191762024387 -0.015434727526564778 0.02832519927120993 0.5482098507250082
0.058356519 -0.4168033529996237 -0.030298702083915788 -0.011061449856966138 0.9084244632094283
0.058520999000000004 -0.5893646692326333 -0.027486503544995843 -0.016880169875667893 0.8072232025335631
0.058691035 0.8060851221717521 -0.016888252370061363 0.02748264397782202 0.5909203253914956
0.058868584 -0.17224599195348692 -0.032114880613542784 -0.0029897714516523765 0.9845258802593467
0.059048179000000006 0.8615845813456039 -0.014026049864312209 0.029049227556179356 0.5065886771653738
0.059230409000000005 -0.044295965655083994 -0.032232401628581 0.0011661073123111943 0.9984977688575256
0.05938954900000001 -0.21509253035813994 -0.03195353984813996 -0.0043912885401667275 0.9760610223580035
0.059566585000000005 0.10760405432553921 -0.03168196574882004 0.00604419683532111 0.9936706195969526
0.059721654000000006 -0.4049023422178616 -0.030440673284465997 -0.010664335789350637 0.9137909918019841
0.059897818000000005 0.9937444074243074 -0.0007993766725205983 0.032258157896348026 0.10699489511577435
0.060070069000000004 -0.9316354036226763 -0.014026621907776437 -0.029055148387263453 0.36196186479806347
0.060235697000000005 -0.9443123530687224 -0.012947602823957974 -0.02955270466318623 0.3274673751647558
0.060400655000000004 -0.3218682856220639 -0.031270149521435794 -0.007906622112464998 0.946234976235207
0.060562743 0.9081705480014078 -0.011028801328646705 0.03031586606923467 0.41735639644875283
0.060707356000000004 -0.8672715965060359 -0.01820512108887949 -0.026633309322180148 0.49678941283544137
0.060896585 0.788583719432119 -0.01768015791491102 0.026979639834681383 0.6140810336689939
0.061090636000000004 0.6421117447632422 -0.02295436154508778 0.022660035301137676 0.7659323880056746
0.061266204000000005 0.9409958184677155 -0.008349250981487063 0.031162194463828546 0.3368800694984644
0.061445002000000006 0.8717999372622652 -0.01342614374586466 0.02933163682918167 0.4887997440442194
0.06161838 0.8681794973071019 -0.01364188487204561 0.02923180194997923 0.4952013402648181
0.061771857000000006 0.9571457056129807 -0.006725172623159197 0.03155370667539324 0.28780636619940525
0.061968955000000006 -0.605733323942946 -0.027135640819631213 -0.017438885097459344 0.7950136428786261
0.062153636000000005 -0.2769462343333431 -0.03160794837772322 -0.0064236186222898 0.960343922062575
0.062331791000000004 0.9927326360190434 -0.0010902792715962709 0.03224903120627154 0.11593230883487748
0.062498183000000006 0.26183884720790285 -0.03034345853096128 0.010934272058442971 0.9645724997262345
0.062672644 -0.9126252418262434 -0.015445799486798969 -0.028324988762992782 0.4075218794530469
0.062846236 0.7239876936645201 -0.020264303591464725 0.025095592932516626 0.68905827553799
0.06301896 -0.9020959150313663 -0.016153509218272067 -0.02792685896456398 0.4303272792460572
0.063187907 -0.8076125779623985 -0.02101634504477589 -0.024473777012579447 0.588830239322798
0.06337408500000001 -0.07001350085907869 -0.03225179176323839 0.0003342601463172153 0.9970244223147843
0.06354148600000001 0.9947851347499044 -0.0004627409885437893 0.032264496650947834 0.09664218174485034
0.06370031500000001 -0.1381989665561309 -0.03219884161292937 -0.0018796564288926854 0.989879067500998
0.063869707 0.9536767925399064 -0.0070980992765272005 0.031471571563513503 0.2990937696865624
0.06405590600000001 0.9675793996464227 -0.005494891284611443 0.03179190991932971 0.2504896099347282
0.064241105 -0.794022456318988 -0.021567565033567083 -0.02398900642576975 0.6070310320179492
0.064401336 -0.9435294368184008 -0.013017815491638362 -0.0295216889356372 0.3297085132677009
0.06456753400000001 0.14199604673656321 -0.031453070065322254 0.0071402321624524975 0.9893414347726005
0.064734374 -0.9822633312552148 -0.008442502698710276 -0.031144565077591117 0.1846778917870522
0.064916502 -0.9961943547776254 -0.005124917990900693 -0.03186242950606819 0.0806879907828445
0.065094126 -0.9514843517685864 -0.012273991336130507 -0.029839267185265864 0.3059939338164767
0.06527279200000001 -0.9857068367727895 -0.007826676949637767 -0.03130562059753895 0.1653033665907763
0.065438232 0.9915433544074869 -0.0014046729949916989 0.0322360595062653 0.12558398528281903
0.065606565 -0.8333853765225591 -0.01988830228401393 -0.025399757048918527 0.5517486547000275
0.065760438 -0.9469095253157056 -0.012709446193067617 -0.029656012752725096 0.31987034724063085
0.065963187 -0.003073404992822285 -0.032156711027616955 0.002495871559571881 0.9994748093362575
0.066144282 0.994622943816178 0.0024306993869444033 0.03202297055107595 0.00692802657352521
0.066322438 0.68459146375059 -0.02162844654127798 0.02392933738005525 0.7282123656608492
0.066503404 -0.9985479759774372 -0.003798086408323897 -0.03204518987048313 0.03936717691093664
0.066674042 0.43889526746096513 -0.027736836235743023 0.016461360533465388 0.8979588241782164
0.06685287200000001 -0.5106763839736522 -0.02895565548549416 -0.014211787492989878 0.8591674694635617
0.067029746 0.24178701188349913 -0.030563790199178476 0.010302265196467372 0.9697929340256088
0.067211912 0.8082585524478397 -0.01678662683010475 0.02754484339612051 0.5879422856461071
0.067368259 -0.9687239136357818 -0.010385137314137052 -0.03054973308639455 0.2460169072531448
0.067532192 -0.8440483056955226 -0.01938573570227247 -0.02578574213335689 0.5352945521184904
0.067710175 0.9976616112110899 0.0007501700784537444 0.03225900956081899 0.05927365125548828
0.067909652 0.1285688951963406 -0.03154707787763161 0.0067126987031500066 0.9911757337846523
0.068085029 -0.716128862657471 -0.024271472442830924 -0.021247083853663588 0.6972215111313633
0.068259631 -0.7868823687395218 -0.02184635535156093 -0.023735182693557275 0.6162580564002438
0.068441785 0.17058624387404556 -0.03123288387793019 0.008048953850811568 0.9848144292293033
0.06860153100000001 -0.648013600736485 -0.026147774354176964 -0.018888611041404667 0.7609447502774022
0.068781308 0.7417915153743478 -0.019599139195333223 0.025618691884140492 0.6698534804811375
0.06897101700000001 0.9987156474293816 0.0019104864028289595 0.03219865160833627 0.02339258207228861
0.069154674 -0.7025763430039328 -0.02467624277215494 -0.020775302456462013 0.7108760315203704
0.06934053600000001 0.14462121322970642 -0.03143398532415776 0.0072237630088696535 0.9889609235324712
0.069523209 -0.9690640072210852 -0.01034253395998928 -0.030564177349370048 0.24466812787704115
0.069695245 0.42680314361148974 -0.027955473351547338 0.01608717410603096 0.9037687434596502
0.069875583 0.22674492829382117 -0.03071974649421304 0.009827404623282517 0.9734195997146777
0.070065732 -0.9544887206986475 -0.011975160399934796 -0.029960645655111133 0.2964823318780204
0.070238991 -0.9624915186532101 -0.011121718907437485 -0.03028857485912242 0.269365309244408
0.070427749 0.6320569788627757 -0.023248502531022116 0.0223579990656669 0.7742494083284562
0.070596042 -0.7862820461042447 -0.021869461089042568 -0.023713868610050037 0.6170234727411998
0.070770287 0.891297640289786 -0.012197893837795725 0.029863895152232908 0.4522654531020124
0.070954641 0.6505605206427842 -0.0227015480626726 0.022913370314039134 0.7587683702986902
0.071124221 0.9827866120302043 -0.003242289746387005 0.03210169023842856 0.18185760978130833
0.07129673 0.38760074692029256 -0.028621052581867173 0.014870569114070207 0.9212625624884646
