0 -0.7067529998956005 0.00035399999994770805 0.0003529999999478558 0.7074602089259648
0.0008119140000000001 -0.9946386724881636 0.024139806693318524 -0.03488263422922995 0.0943100472261873
0.001107436 0.09871553545537459 -0.03506893516847907 -0.02402946459613358 0.9942072207029158
0.001353952 -0.9342055285315102 0.014050643317389925 -0.04004698024387902 0.35420170721147426
0.001538405 0.2990495328796128 -0.03923621204518151 -0.01639010984369164 0.9532897045835668
0.001734436 -0.5918877201032942 -0.009971328161407788 -0.041287476055555286 0.8049005179238876
0.0019133770000000002 0.91049535393324 -0.03838854949414223 0.018397554528309684 0.4113223307764856
0.00208733 -0.561246777325796 -0.01151531662200655 -0.04088583339677634 0.8265578026204651
0.0022359890000000003 0.8693106066144135 -0.03989743318871311 0.014827093834462353 0.4924301182815207
0.002377506 -0.6218435104998712 -0.008405441702943162 -0.04163241818756022 0.7819889633331089
0.0025128050000000003 -0.2821655382830147 -0.023455536966928373 -0.03543237754279253 0.9584242241455525
0.002667276 0.15836923419968335 -0.03645417672041486 -0.02187676296867676 0.9864642344856162
0.002811769 -0.12160791384710318 -0.028940973129637136 -0.031124491986596763 0.9916678886500929
0.002982081 -0.7355474214212464 -0.0018490467053634647 -0.04242352485886302 0.6761411217018269
0.0031317750000000003 0.14902259574686633 -0.0362450001068085 -0.02222070381268528 0.98791943308619
0.003291618 0.8282662879916455 -0.040927585492526466 0.011669115379769557 0.5587161361072153
0.0034424480000000003 -0.7959268842634626 0.002152704877211504 -0.042403727128226855 0.6039020489748731
0.0035821100000000003 0.7536290430036034 -0.042041289110630466 0.006568565536764202 0.6559212220589059
0.0037184590000000003 0.1809227362495449 -0.036946736315191346 -0.021036526035278752 0.982577918936632
0.003879477 -0.16110661234932944 -0.027673736932287255 -0.032253825725869316 0.9860215588367183
0.004030257000000001 -0.3876889585334399 -0.019338394757791273 -0.03783064873672166 0.9208105885378546
0.004189202 -0.9118533304609239 0.011681372333893065 -0.040805100918234416 0.4083160456635239
0.004343889 -0.004895595745893928 -0.032384398764975224 -0.027532861545391082 0.9990841933601644
0.004484364 -0.7859853432380558 0.00146172241855567 -0.04243412476188489 0.6167854154626271
0.0046304530000000005 0.4337977367450948 -0.04120169903734207 -0.01054347786830612 0.900005988150255
0.0047888720000000004 -0.9932004492502939 0.02364296491481699 -0.035222624179066436 0.10841239454819608
0.00497091 -0.29898354942011723 -0.022828006800548716 -0.0358388372572901 0.95331175229206
0.005137509 -0.4530164816416354 -0.016561132895170718 -0.0391221773060703 0.8904893326257758
0.005274089 -0.9212410332475357 0.012641373793698707 -0.040516352247676725 0.3866698588520766
0.005422473000000001 0.11225570398734318 -0.03539375013545912 -0.023549635712039288 0.9927695372359595
0.005572906000000001 -0.8526430485405121 0.00640734421174525 -0.04196594877224893 0.5207663938483995
0.0057091730000000005 -0.9249205368934375 0.013030675449965763 -0.040392159353193985 0.3777839006490679
0.0058913820000000006 -0.6506380804136842 -0.006842940644320154 -0.04191551479323576 0.7581994145044646
0.006052653000000001 -0.5149508679711389 -0.013747097681789588 -0.04019351493820855 0.8561665155105062
0.006193141 -0.4469993648812323 -0.016824818722221236 -0.03900988407988456 0.893524886198181
0.006345535 -0.4484979810032354 -0.01675929987979564 -0.03903798232689045 0.8927736123329945
0.006501304 -0.701656242129243 -0.003918739710827557 -0.0422853700019925 0.7112489781361168
0.006642671 -0.9826458610447257 0.02101275244319382 -0.036858655313626934 0.1805741302718275
0.006791040000000001 0.870137177078632 -0.039872547503312684 0.014894190206347717 0.49096806032150153
0.006950607 0.3736538294605788 -0.04041559366603453 -0.013230183915440724 0.9265928759629459
0.0071113850000000004 -0.0988222148276824 -0.029648357442136043 -0.030453008528799688 0.9941970423702811
0.007252740000000001 0.543822523387037 -0.04220893893224097 -0.005264215707459585 0.8381215643388751
0.007396482 0.7051717331822331 -0.04239747651675926 0.003567240347199993 0.7077588258521317
0.007538896000000001 -0.656015306074279 -0.006544496105824906 -0.041962752156988636 0.7535517336326014
0.007670357000000001 -0.7466310212849773 -0.0011469473022757166 -0.04244736291692425 0.6638817846756316
0.007837687000000001 0.30536071081939575 -0.03934429190621145 -0.016129822004844266 0.9512868609753472
0.008014323 0.5336007185363129 -0.04214122967669825 -0.005776556595833436 0.844666218921842
0.008162945000000001 0.9750125549785512 -0.03386779354122215 0.025813932281897076 0.2180301166161255
0.00831027 0.991154951650905 -0.03130418003779311 0.028880215602974203 0.12568947908285352
0.008474474000000001 -0.16521536659559438 -0.0275389024943353 -0.03236875318908479 0.9853414409924608
0.008634332 -0.8234884431442805 0.004147592722033282 -0.042252448237635166 0.5657422665733145
0.008770539 0.7222079206701337 -0.0422993238175233 0.004599532032329773 0.690366084691174
0.00893477 -0.5842858533359963 -0.01035964337438984 -0.041192278566299846 0.8104356332305087
0.00910297 0.7093433298414479 -0.04237597707116056 0.0038178712467941615 0.7035778143804972
0.009277073 -0.7179662657813053 -0.0029365911669950234 -0.042363598998667415 0.6947813635772822
0.00944785 -0.5109422958741379 -0.013934968218477117 -0.0401290279955711 0.8585647605703727
0.009610214 0.8679736305823603 -0.0399372927932761 0.014718897732424362 0.4947829255334095
0.009769603 -0.773417164290105 0.0006076080418105668 -0.04245612099140689 0.6324737137907691
0.009921175 0.9981853082358028 -0.028789739046477428 0.03139706672196141 0.04256144874468061
0.01009428 -0.9718852630283633 0.01906224549329221 -0.037908472772537644 0.2316001173659283
0.010248041000000001 0.8975940950462344 -0.03892741955411158 0.01722313448035193 0.43876287476645104
0.010411100000000001 0.5635239096132972 -0.04232305932135978 -0.004262884422624865 0.8250038725853615
0.010554597 -0.9319738344803137 0.013800205554574674 -0.040134413412327916 0.3600327139516234
0.010711724 -0.5623919374829071 -0.011458607714975776 -0.04090168605870374 0.8257790631053116
0.010874328 0.25101642523842005 -0.03836538037691869 -0.018330297175303375 0.9670485262221998
0.01104269 0.8822602845957901 -0.039485064330455136 0.015897287156739943 0.46883365518572256
0.011215826 0.42290372091396294 -0.04107083274026898 -0.01103987180245114 0.905176088269592
0.011369738 -0.927278657181381 0.0132844110528843 -0.04030898128266304 0.3719583342643715
0.011517237000000001 0.36286087617445595 -0.0402585443151799 -0.013698804803283005 0.9308724815462107
0.011661505 -0.8127747665667282 0.0033574398774531113 -0.04232368762265444 0.5810289251866095
0.011833910000000001 0.9614932169505402 -0.03523774693248988 0.023902649805350524 0.27151014398341805
0.0120081 -0.20317342196235882 -0.026266033545747344 -0.03340746649738993 0.9782201169857078
0.012167805 0.3987531757953075 -0.04076232041321404 -0.01212475010333459 0.9160716830404823
0.012318448000000001 -0.9532216742556319 0.016354468218171467 -0.03915833569496321 0.29927845874106224
0.012488810000000001 -0.9863586887897164 0.021812842448737775 -0.036388964787483165 0.15904898773782383
0.012638566 -0.9986584714434091 0.026345368734254276 -0.0332416314882766 0.029701474832079213
0.012787986000000001 0.33142739156654394 -0.039774669761424714 -0.015041224632783795 0.9425219473988159
0.012956619 0.125433436460273 -0.03570403433495274 -0.023077714555290733 0.9911907455391404
0.013114013 -0.877647245117432 0.008500111420256678 -0.04158940458970672 0.4774236930177893
0.013281586000000001 0.5320469864225751 -0.042130441622553236 -0.005854013795875724 0.8456457654644336
0.013441452000000001 -0.9748155667942212 0.019553383226913912 -0.03765642870490833 0.21893896243002992
0.013612141000000001 0.7896178863761787 -0.041604241033374616 0.008943463693167966 0.612121470864224
0.013774621 -0.990123864363912 0.022740883931094715 -0.03581399906751791 0.13362238901391169
0.013984332 0.9249676503444357 -0.03769006781457417 0.01979443211790587 0.37765392221445265
0.014146009000000001 -0.8575249239545666 0.006803491310645289 -0.0419029591986065 0.5126878770458544
0.014298044000000001 0.9972759040641631 -0.029339915458472133 0.03088141650095382 0.06021856530690439
0.014453051000000001 0.7268311414517665 -0.04226783353383798 0.004883775348807743 0.6854969516879101
0.014593866 -0.14768191386204327 -0.028110312587886876 -0.03187495708239363 0.9881213739959935
0.014738074 0.3757989688947236 -0.04044624375297072 -0.013136566784737826 0.9257249412980281
0.014898843 -0.9726722468549932 0.019191792204779193 -0.03784277485168393 0.22827242367208578
0.015076491000000001 -0.9934981383827095 0.0237407386793781 -0.03515653407156888 0.10564962084606055
0.015232200000000001 -0.9422796518666589 0.01498846109706595 -0.03970380476376122 0.33212649911258324
0.015373739 0.9874550821315692 -0.03206096231123136 0.028034424184199228 0.1520481033582346
0.015527601 0.46616688963062547 -0.041558984324324075 -0.0090418700051228 0.8836738801127157
0.015677059 -0.9954653064316216 0.024459790060859233 -0.03465811862656862 0.08514313590850721
0.015846579 -0.7860874387564757 0.0014687477254422697 -0.04243387246247457 0.616655290918028
0.016018749000000002 0.003832162024421305 -0.03262403132339874 -0.027249167276759197 0.9990888198601559
0.016202093 -0.8592087992631566 0.006941446561436964 -0.041880120855128995 0.5098608741187669
0.016336692 0.6218109153413596 -0.04252458461774088 -0.0011853440380849944 0.7820111509311616
0.016483077000000002 0.9978119769704421 -0.02904014938069933 0.031164632775920374 0.05056368097757474
0.016629701 0.2150614453459496 -0.037659135598638586 -0.0197366204210478 0.9756745512832913
0.016773820000000002 0.8341120833895517 -0.04080285372069685 0.01210030755781492 0.5499506722926766
0.016945331 -0.9939542617453707 0.023895340513289155 -0.03505121836615406 0.1012686937996403
0.017112046000000002 -0.16768907913016 -0.02745744836371471 -0.03243771299680034 0.9849234772424497
0.017259267000000002 -0.9315141194359741 0.013749051664144163 -0.04015205649547047 0.3612204604989232
0.017392473000000002 -0.924885605614368 0.013026942313356037 -0.040393369925604404 0.3778694097043773
0.017549033000000002 -0.9874967338990067 0.022078446047201345 -0.03622777889243349 0.15182321898139384
0.017692808 -0.31357771483027286 -0.022274884780571776 -0.036184302127615725 0.9486113759200964
0.017864902000000002 -0.9323343359061094 0.013840422147544378 -0.04012049130253854 0.3590981408699466
0.018051845 0.026444563383233848 -0.033233360648891035 -0.02650440729116078 0.9987460864373372
0.018208385 -0.5352490375239065 -0.012782893694607087 -0.040509158543243176 0.8436255528896626
0.018361055 -0.4443513819914483 -0.016940338158386324 -0.03896002503736412 0.8948446740515473
0.018512973000000002 -0.3995119720686434 -0.018849396158864325 -0.038075920061681104 0.915742927200725
0.018659755 0.8152697038718022 -0.04118248656450142 0.01072941445514966 0.5775155342898928
0.018822792 -0.9199108716898328 0.01250253275362526 -0.04055964733828618 0.38982379312986254
0.018996141 -0.9589553086330452 0.017125453857698755 -0.038825836021556606 0.280364029459828
0.019171068000000003 -0.712868772167097 -0.003246224526331518 -0.04234141189304797 0.7000105574091665
0.019340124 0.8481520337924564 -0.04047534833658395 0.01315952299821679 0.5280404346316397
0.019496746000000002 -0.9807274738708752 0.020631057246206074 -0.037074532052641926 0.1907182736184364
0.019643515 0.2933770808639179 -0.039137796988652496 -0.01662297816145123 0.955050678155316
0.019804754 -0.9860617535101036 0.021745315853022584 -0.03642952098116144 0.16087960908843113
0.019980788000000003 0.9756608491822701 -0.033790531869685336 0.025915361022789938 0.2151104388289038
0.020147154 -0.6013880440274062 -0.00948098070603874 -0.0414021715574959 0.7978272943787416
0.020294878000000002 0.0374079886301079 -0.03352279800488428 -0.026138250165205042 0.9983955409829307
0.020434605 0.9661474975736889 -0.03481019989888642 0.02452338566890201 0.25445209000034885
0.020576913000000002 -0.9279997486166389 0.013362691967766824 -0.0402829619619856 0.3701556264542061
0.020722581 0.9886126068070138 -0.031841418629809715 0.028284481820632448 0.14433026147726094
0.020902142000000002 0.5778206182085028 -0.04239187688462128 -0.003524413813364466 0.8150545014969283
0.021065292000000003 0.9815727939221178 -0.03301421995852664 0.026900947636260067 0.1862827148195675
0.021227428000000003 0.7853676381458619 -0.04166467837034507 0.008655532336851084 0.6175652266970567
0.021376911000000002 -0.9439534486346592 0.015189722059713168 -0.03962687275598107 0.3273390747872725
0.021526103 -0.6692518382475756 -0.005800434900730441 -0.04207107063243341 0.7418209736330105
0.021703738 -0.17504921196200884 -0.027213865681813484 -0.032641852254458426 0.9836420529631703
0.02187725 0.9876494754106553 -0.03202501183365364 0.028075641532955792 0.15078020218906862
0.022038845 0.4204779093453297 -0.04104098200347472 -0.011149805109888016 0.906305493396783
0.022195476000000002 0.8657803644305773 -0.0400016455205983 0.014542280935463446 0.4986108210630585
0.022344431 -0.9626414641189219 0.017646100208535822 -0.03859094966695054 0.26743366452853035
0.02251736 -0.499314730350913 -0.014475289822882402 -0.03993805656526257 0.8653786556440333
0.022662632000000002 0.9055701395456124 -0.038602643760945736 0.017942127248792124 0.4220552549265687
0.022795724 -0.17143262923013536 -0.027333786189819992 -0.03254173806007651 0.9842787984242085
0.022969917000000003 0.6485728214204969 -0.042542000670937455 0.00029118615173270125 0.759962754782856
0.023118759000000003 0.9019211487576289 -0.03875444971706714 0.017610468287760715 0.42979786564530226
0.023287702 -0.007696915050716355 -0.03230695955363163 -0.027623473787342562 0.9990665450983115
0.023452348 -0.1562477935157641 -0.02783244906082719 -0.03211729481872509 0.9868031521790311
0.023595925 0.9161253376708672 -0.038129872937893626 0.01892993885431299 0.3986253074476834
0.023742033000000003 0.9804920551324855 -0.033167124802856676 0.02671148812440563 0.19188998741124597
0.023926529000000002 0.014149062914163693 -0.03290410102723062 -0.026911115947427 0.9989959539285079
0.024072153000000002 -0.9975184152808929 0.02545497572952507 -0.033931002517039226 0.056193715423769865
0.024241205000000002 0.5186941689621754 -0.04203243139552347 -0.006515203877003647 0.8539011569725113
0.024389498000000003 0.9765848197761611 -0.033678028497526706 0.02606193839685629 0.2108759228370777
0.024540758000000003 0.9080726422013099 -0.03849522454594143 0.018172378646808315 0.41664368305751204
0.024678138000000002 0.21953258613948495 -0.03774944238581727 -0.01956383819480101 0.9746782440463858
0.024841357 0.9958674834653064 -0.0299523811593648 0.030285309759887587 0.08020975229980547
0.024998217000000003 0.9951948543080171 -0.030192984972376605 0.030044480621492613 0.08816410630364964
0.025152347000000002 -0.5187828254433244 -0.013566729116922955 -0.04025450477272505 0.8538500446079679
0.025311473 -0.6038989029689652 -0.009350430184774485 -0.04143167641588194 0.7959284519214359
0.025466062 0.39361140656422217 -0.04069342728058347 -0.012353012061050661 0.9182927140330337
0.025610839000000003 0.7249154762865025 -0.04228114068742754 0.004765778163635783 0.6875224684745304
0.02575681 -0.6362267381034463 -0.007632301180848337 -0.04178004208925413 0.7703322099720674
0.025939543000000002 0.9158698435689859 -0.03814195279181198 0.018905490635372946 0.3992119778434416
0.026114605000000003 0.9692180675187761 -0.03450517583312751 0.02495230731299516 0.24249352999774726
0.026272861 0.9978187017876811 -0.029036002232712785 0.031168512416200143 0.0504306943120213
0.026434337000000002 0.9148830469397622 -0.03818829704399323 0.018811327693524404 0.4014683026732504
0.026564745 -0.8874282120088377 0.009366811822314861 -0.04140146413647278 0.4589873090866038
0.026715333 0.9620121279128105 -0.03519194980760438 0.023970275408969777 0.26966575168806356
0.026897746 0.24647804714592714 -0.03827876670393287 -0.018509949549807187 0.9682152085171676
0.027078968000000002 -0.8291273412646165 0.004571614919366596 -0.042208066504195764 0.5574454513635045
0.027234919000000003 -0.8662048839715965 0.007522168276549353 -0.04177884706560696 0.497882560137321
0.027380643000000003 -0.690919830531521 -0.004552080712903189 -0.042222728773785585 0.7216829687688389
0.027510992 0.7815491634554987 -0.04171684877439246 0.00839864957989184 0.6223906106230426
0.027665715 0.6328381616933364 -0.04253789091922868 -0.0005821224603620484 0.773114512861677
0.027822051 0.9295763509697001 -0.037442587530349354 0.02026043921359694 0.36616304374860176
0.027999605 -0.9805983128966098 0.02060600737976251 -0.03708851791602442 0.19138124754855876
0.028165612000000003 0.04207396826386247 -0.03364479301138619 -0.02598141063342148 0.99820978524156
0.028308157 -0.8201172743873493 0.0038968268510342916 -0.04227667089244029 0.5706182208177388
0.028444601000000003 0.12343676216334558 -0.03565739158776744 -0.02314953338238661 0.9914413826455045
0.028587088 -0.4148064128654548 -0.018208053002719785 -0.03838579219558597 0.9089172886143364
0.028727548000000002 0.14556161288792374 -0.03616679733498869 -0.022347430994424794 0.9884353149764514
0.028898661000000003 0.674708508456902 -0.04250782123715627 0.0017764442642394258 0.7368570810498899
0.029081631 -0.9010793742423939 0.010631073652901925 -0.04109297025918268 0.4315719048661695
0.029246766 0.074228198795137 -0.03446615522071259 -0.024884247711456232 0.996334799554872
0.029408052 0.5937611585900237 -0.0424541284010481 -0.002688791916885165 0.8035160881027756
0.029553313 0.12902134497862414 -0.035787514848769145 -0.02294837794437744 0.9907300935195181
0.029700007 0.1449924069950996 -0.03615389727304836 -0.022368240408013336 0.9885189726956092
0.029855498 -0.5913626157611451 -0.009998265887879594 -0.041280997125651454 0.8052863903823217
0.030011006000000003 -0.43436379107079726 -0.017373209184120945 -0.03876956423625993 0.8997350662367636
0.030176635 0.9908758458807777 -0.03136756756207604 0.02881108900886966 0.12787122740635787
0.030334225000000003 0.5597359594505309 -0.04230282756033164 -0.004456854439441081 0.8275785538724089
0.030481386000000003 0.9485880214523285 -0.036254797271652185 0.02232385405250334 0.3136367326611881
0.030621836000000003 0.34173001445506473 -0.0399375520544914 -0.014604859856988766 0.93883560176723
0.030784713000000002 -0.8818141367885224 0.008865665481326463 -0.04151244835128713 0.46968281259220407
0.030954541000000002 -0.9938579131732516 0.023862171439189186 -0.035073897486412584 0.10220988166114646
0.03112213 0.7568786931990391 -0.04200841364855087 0.006777439901546126 0.6521686922077827
0.031274397 -0.9492798080752408 0.01584797517589072 -0.03936700796028168 0.3115556540160276
0.031427898 0.9631393716775143 -0.035090912552469204 0.0241184910853736 0.2656115131241321
0.031573757 -0.14486763123904842 -0.028201064823589025 -0.031794882502952 0.9885378873493964
0.031715318 -0.4320207076054439 -0.01747411512184963 -0.03872433638679987 0.9008624696176852
0.031892311 0.9516832914106464 -0.03602983149764439 0.02268648983754437 0.3041152516912588
0.032054867 -0.7663520522541792 0.00013645127904915086 -0.04246089386912042 0.6410160572715112
0.032215607 -0.5595896280830949 -0.011597246329554825 -0.04086278055759053 0.8276806057061942
0.032387286 0.9799196664531851 -0.033245898671554606 0.026613011860473365 0.1947919475477398
0.032526643 0.833093358769623 -0.04082506172145542 0.012024766793164835 0.5514926786506505
0.032681417000000004 0.9485605716574977 -0.03625674577459941 0.02232067744122699 0.31371974243870154
0.032840965 -0.3737466670482138 -0.01990759749096699 -0.03753511216234227 0.9265571928899317
0.033017888 -0.005210931015484812 0.019716810330686646 -0.02196809439173337 0.9995506472088141
0.033173541 -0.8677156119537068 0.007649223270984596 -0.04175557899693846 0.4952449671295051
0.03333398 -0.3881751884077642 -0.019318399394833086 -0.037840833006773725 0.920605721151618
0.033483428 -0.25870776987683447 -0.024313456286680617 -0.034850764231386056 0.9650205022698513
0.033630006000000004 -0.22279572174220894 -0.025588532075463476 -0.03392793653069429 0.9739384931501256
0.033771858 0.7528859969310348 -0.042048634682892376 0.006520950559022576 0.6567739831672851
0.033946741 0.998064343291345 -0.028875922069648674 0.03131748994054892 0.0453091904255823
0.034106865 -0.9988009883723394 0.026519842235455657 -0.03310204302815798 0.024441672416386628
0.034267338 0.7190317670549491 -0.04231973201686664 0.004405292984147158 0.6936735193708417
0.034425679 0.224406466257378 -0.03784708550043742 -0.019374817603432463 0.9735676414022072
0.034577372 -0.7762207592222854 0.0007963300917647908 -0.042452741580668876 0.6290297793866633
0.034726316 0.2711424708225768 -0.03874053660854999 -0.017526040909402078 0.9615995887870156
0.034900279 0.9800839783676609 -0.03322343592251507 0.02664115373322854 0.1939635163583487
0.035064421000000005 0.2047358633120043 -0.037447917333692585 -0.02013338695293809 0.9778934126045536
0.035227309000000005 0.9449968401160951 -0.03650319776970596 0.021913774587285714 0.32429658418108975
0.035375128 0.29598279030963637 -0.03918315437643103 -0.016516133494659933 0.954246344246269
0.035528497 -0.8495394022256247 0.0061583517794507455 -0.0420035778023193 0.5258142047823342
0.03567853 0.9532238062518897 -0.035913800798796816 0.02287040944792535 0.2992515958403268
0.035839259000000005 0.9887482805485212 -0.031814779779981484 0.028314556888389065 0.14339783710933915
0.036006296 -0.9749003087853051 0.019567959439629076 -0.037648824472724385 0.21856131253374378
0.03618345 -0.9113920563924401 0.011635338538664717 -0.04081832755760439 0.4093446007213172
0.036328522 -0.9727960185288541 0.019212318048211857 -0.0378323141370619 0.22774439132355676
0.036478764000000004 -0.963815108039801 0.017816544230817 -0.03851221123522473 0.2631725990857927
0.03664042 -0.983223456858201 0.02113148974207432 -0.036790432457960695 0.17740224381382394
0.036791225000000004 -0.9718972556251655 0.019064207433485848 -0.037907481922818266 0.2315497833319147
0.036959918 0.7319428514539296 -0.04223050461606738 0.005200174939758319 0.6800361789899659
0.03712987 -0.6175232116679757 -0.008634904697236215 -0.04158573724411029 0.7854050851832015
0.037292625 0.5616701611113908 -0.04231326148290696 -0.004357896793821938 0.8262670431908175
0.037446323000000004 0.8875250907701926 -0.03930271781250658 0.01634480424884084 0.45878901111112974
0.037594583 0.08009356983993524 -0.03461233263049974 -0.02468102291020163 0.9958804413901801
0.03774901 -0.5613464361567582 -0.01151038445612162 -0.04088721552069012 0.8264901240632807
0.037915765000000004 0.9963285649689286 -0.029771351702459755 0.030464000367155856 0.07426298171367894
0.038086025 0.8027467488474243 -0.04140107387297682 0.009846803251066846 0.5947996709625374
0.038232765 -0.21102164240351345 -0.025996666856421758 -0.03361699748926892 0.9765571858116322
0.038387719 -0.3949058918727614 -0.019040599164589646 -0.03798095447747255 0.9177386551544592
0.038540181 -0.1961395841113447 -0.02650563599245121 -0.03321814436962273 0.9796546685536682
0.038691764000000003 0.9612280578010483 -0.035260979371764346 0.023868236950285043 0.2724474088131588
0.038863203000000006 0.5612372358796026 -0.04231094476614426 -0.0043800619050458605 0.8265611677158315
0.039041192 -0.6939993229986984 -0.004371456406514948 -0.042241571265344016 0.718722115683668
0.039202092 -0.31007105400042867 -0.022408521564023176 -0.036101914890162755 0.9497633659506494
0.039350485000000004 -0.6490661051831039 -0.00692978007543847 -0.041901360657092865 0.7595455517054442
0.039515488 -0.05457728241789267 -0.030973101314759593 -0.02910781942470253 0.9976044917821824
0.039660581 -0.5320177995719786 -0.012937846349350591 -0.040460148466058186 0.8456669849058585
0.039829627 0.996230368430479 -0.02981119113562038 0.030424858159728858 0.07556892758866568
0.040004513000000005 0.07610823105961464 -0.034513132522967074 -0.024819211871185697 0.9961929469286765
0.040179123000000004 0.0998095696659129 -0.035095405014471746 -0.023990885181577243 0.9940979829573202
0.040335879000000005 0.9209355175334798 -0.037896023000830455 0.019395653481417786 0.38738284968372133
0.040489265 0.5720794726732279 -0.042365689558415964 -0.00382218647752532 0.8190943877857549
0.040627125 0.09218399786761124 -0.03491008489159758 -0.024259094244163244 0.9948341031541347
0.040772806 -0.5784028144125781 -0.010657740247530577 -0.04111656082755377 0.8146447232922115
0.040950864000000003 0.7656322490348386 -0.04191364207277576 0.007345337287267911 0.6418695753244676
0.041116061 0.8674459479457098 -0.039952892331232205 0.014676306407885068 0.4957074737953827
0.041274623 -0.9959269768975546 0.02465348149971953 -0.03452005929283918 0.07956141490163987
0.04142796 -0.9369167933671326 0.01435979899496038 -0.039936614105643004 0.34696654712546876
0.04157269 0.5108703302325344 -0.04197066654811436 -0.006898948396994339 0.8586048993941569
0.041719729000000004 0.5470362490250834 -0.04222904233592233 -0.005102134816077426 0.8360275224926984
0.04189918 0.6950028091656097 -0.042443259027958126 0.00296188968850516 0.7177470948102458
0.042079281 -0.04171235968127888 -0.03134626789007953 -0.028706514399975597 0.9982251381886272
0.042244891 0.9271191730209742 -0.03757620285379912 0.02001057227157262 0.3723407640353248
0.042410552000000004 -0.7645507470655999 1.7317858361503617e-05 -0.042461272122204914 0.6431634279812871
0.042563209000000005 -0.30849694728081883 -0.0224683584599208 -0.036064803999599424 0.950275821136772
0.042698230000000004 -0.6982902366437498 -0.004118395689929974 -0.04226665746133095 0.7145539264305546
0.042883684000000005 0.9845639797484924 -0.03255849127804712 0.027452811651074174 0.16976470645007516
0.043059449 0.6745603414119968 -0.04250816644242917 0.0017678960837019281 0.7369927245295081
0.043230912 0.756003175115223 -0.042017391770369956 0.006721062983904314 0.6531834085348813
0.043380943000000005 -0.3592023046033916 -0.020492941336285316 -0.0372196758973912 0.9322920354627199
0.043525374000000006 0.6427767234441216 -0.04254256808812776 -3.22698843832994e-05 0.7648713699492917
0.043680133 -0.6320411512707194 -0.007858771690604458 -0.04173833705848719 0.7737700782170642
0.043842178 0.539881917375908 -0.04218351152901374 -0.005462299045474376 0.8406653495116684
0.044019796 -0.7728415576492141 0.000568986508927096 -0.04245670908377284 0.6331769347954842
0.044192737 0.499381437402625 -0.04187429145231453 -0.007457656837128672 0.8653375682249564
0.044374355000000004 0.345221801246455 -0.039991814369761715 -0.014456169479495306 0.9375572418984705
0.044522572 0.9505679186538051 -0.03611212073667929 0.02255478096424797 0.30758385549992173
0.044681194 0.6607736300616912 -0.042532621745304394 0.0009789821544304133 0.7493785608210922
0.044854002000000004 -0.6124592377807393 -0.008902278753799732 -0.0415296781925518 0.7893603215588059
0.045025132 0.752210423097598 -0.04205525828898671 0.006477705711380752 0.6575476209771736
0.045188574 0.5926470843013314 -0.04245028674623236 -0.0027476234278376614 0.8043381484884332
0.045339895000000005 0.9820803177333705 -0.03294041820958855 0.026991606587729852 0.18358820770510526
0.045485564000000006 0.001672965396453983 0.019378394865916925 -0.021882020597249214 0.9995713361844232
0.045619081000000006 0.8868537043755886 -0.039326477647571426 0.0162873072987311 0.46008549051102454
0.045783135 -0.5437032808228853 -0.012374797950223343 -0.04063512567021591 0.8382018809853701
0.045972095000000004 -0.9681753404935471 0.018472227610024317 -0.03820069417260374 0.2466495349063376
0.046159468 0.04653556272208455 -0.033760780260172187 -0.025830879611919957 0.9980117317604789
0.046328474 -0.6160962226916129 -0.008710421042653464 -0.04157008603007815 0.7865249524451339
0.046466943000000004 -0.9938241872282937 0.023850627149445042 -0.03508178009330953 0.10253729301377468
0.04661523 -0.10400818927210956 -0.029488868617616043 -0.030607114056550085 0.9936679061504543
0.046793737 -0.9826391431699797 0.021011382641367347 -0.03685943932451376 0.1806106762426294
0.046975222000000004 -0.0032738819430643534 -0.032429112519509036 -0.027480306497676764 0.9990908202286384
0.047148772000000005 -0.5430029727327824 -0.012408750925154427 -0.040624816617208355 0.838655721205399
0.04731283 0.21822739776114913 -0.03772315287621895 -0.019614336884216124 0.9749713043695016
0.047469041000000003 -0.9234168183806841 0.012870627580908255 -0.04044371736903407 0.3814446642116481
0.047610673000000006 0.7804188864217726 -0.04173191236019997 0.008322932076963618 0.6238072922722362
0.047758046000000005 -0.31040820030557736 -0.022395693357226562 -0.03610985309317945 0.9496532317438714
0.047937067 -0.0763374815820548 -0.030329602004520718 -0.029776188178533045 0.9961757288343334
0.048129092000000005 0.2600594862971272 -0.03853575861371294 -0.017970460581695123 0.9646559601191718
0.048292408 0.8979918928226333 -0.038911825506832615 0.017258483183392778 0.4379481416537957
0.048458783000000005 0.9438249256505015 -0.0365815374125725 0.021782252768657067 0.3276916750234545
0.048608877 -0.14046661200822488 -0.02834245181754184 -0.0316692100016497 0.9891728349598479
0.048754006 -0.24887794398281335 -0.024667037408135365 -0.03460203204987556 0.9676021938734464
0.048942557000000005 -0.9982805912422705 0.025986257457660145 -0.033524230782027375 0.04045576991326971
0.049124433 0.9870736552391667 -0.032130493880675653 0.027954402112947405 0.1545049507475345
0.049280153 -0.6820834482370182 -0.0050658664863582606 -0.042164853588096025 0.73004015757434
0.049444468000000005 0.998010217766188 -0.028912782716400583 0.03128332165742395 0.04648642547765157
0.049608305000000005 -0.5165133053164762 -0.013673646318333513 -0.04021846056340975 0.8552248313714597
0.049773119000000005 -0.7642157866034954 -4.791845935483633e-06 -0.042461305529962495 0.643561394813876
0.049958299000000005 0.9629970058073799 -0.03510379270613705 0.02409967102559686 0.2661272172504909
0.050125417000000005 0.48674290712226875 -0.04176063809738904 -0.008065816935222027 0.8725092171484494
0.050299566000000004 0.6212133473013431 -0.042523625125934286 -0.0012178311167488605 0.782485932947122
0.050458515 -0.7380206699344259 -0.0016935174183630778 -0.04242980880023606 0.6734406684867519
0.050610805 -0.910913478813655 0.011587684013932379 -0.04083196063242908 0.4104084677167633
0.050775282000000005 0.4320581470716898 -0.04118115408844871 -0.010623041377544348 0.9008423952173777
0.050953737000000006 0.9731813915963395 -0.034079066945699836 0.025533319260995353 0.22606336450291792
0.051138732000000006 0.9956752236203351 -0.03002372089663567 0.03021430323265948 0.08256217262966642
0.051313548 -0.5562611305156867 -0.011761334309069093 -0.04081607693646371 0.8299212453433199
0.051463486 -0.9515423119803973 0.016136521123752794 -0.03924906726655358 0.3045756905261294
0.051632483 0.5922735829740361 -0.042448981455262644 -0.0027673324414374074 0.8046132168031211
0.051797302 -0.6447915353812899 -0.007164995964064202 -0.04186209338644258 0.7631776357813567
0.051982234 0.3446597657434548 -0.03998311271742246 -0.014480129951425096 0.9377640014065243
0.052152176 0.9963657082999601 -0.02975608451803362 0.030478973198042564 0.07376293201053928
0.052320507 0.994432986891146 -0.030439599244889128 0.02979359793745225 0.09637841923780231
0.052480154 0.2916390579945423 -0.039107402696636706 -0.01669412520169892 0.9555828467596752
0.052632899000000004 -0.7356509254559686 -0.001842550792259241 -0.04242379874651215 0.6760285068313193
0.052785582000000004 0.7811281632101672 -0.0417224796450621 0.008370429726593714 0.6229189057153031
0.052946847000000005 -0.35725516802117346 -0.020570659092018533 -0.03717690063929963 0.9330399085291282
0.053134193 0.5392843069001936 -0.04217958104881604 -0.005492276441468519 0.8410488416905413
0.053298990000000004 -0.5680671065146102 -0.01117645284985088 -0.040979303209139006 0.8218853606395652
0.053477345 0.9980207746162596 -0.028905670180756092 0.031289920976216475 0.04625917370195869
0.053646302 -0.6756633312460087 -0.005435069875509049 -0.04211934492759428 0.7359860620331466
0.053815076 -0.24344640475901747 -0.024860926315234625 -0.03446333747117608 0.968983003292774
0.053987378 0.248959676351214 -0.03832621930542863 -0.018411791188477834 0.9675800671533341
0.05415198500000001 -0.814651525719812 0.003494442252533584 -0.04231240237938659 0.5783946239010248
0.054314743000000006 0.34045577771076396 -0.0399176312389674 -0.014659019742140868 0.9392984399123174
0.054485413 -0.33039466350029717 -0.021627481286706433 -0.036573893731466633 0.9428859785897981
0.054641775000000004 0.41520681229267536 -0.04097523544720927 -0.011387934598173874 0.9087324402649855
0.054798947 0.6938510513236804 -0.04244786462640767 0.0028938163752967047 0.718860572783246
0.054981307 0.7660534662409771 -0.041908847905410065 0.007372861907237822 0.6413668031100179
0.055174895 -0.4609188137310453 -0.01621230537453138 -0.03926751600932487 0.8864248814397234
0.055337908000000005 -0.7095095744024889 -0.0034489252296798284 -0.0423256536601586 0.7034151034078772
0.055489781 -0.5275737158739915 -0.013150047668391602 -0.040391970394717314 0.8484465447131045
0.055650716 -0.2928446150037851 -0.023058286063692958 -0.03569150035401859 0.9552154017062834
0.055826484 0.2595084407173202 -0.03852546084245985 -0.017992458826281896 0.9648043477490349
0.056000397 -0.9703639446865701 0.018816336239229802 -0.038031653545148404 0.23789357465269947
0.05616846700000001 0.3647912475924038 -0.04028697939539675 -0.013615282351996695 0.9301176963190402
0.056339903000000004 -0.786549698220888 0.0015005743273722608 -0.04243271489112407 0.6160655688217599
0.056515304 0.8343462468513737 -0.04079772040027582 0.012117695492567079 0.5495953490192049
0.056677347 -0.9425220299888563 0.01501744934805209 -0.039692796202995886 0.3314380495083517
0.056869457000000005 -0.5896174273862499 -0.010087670884391109 -0.04125936053772386 0.806565058316971
0.057037109 -0.6911045255345232 -0.004541270762698414 -0.0422238784335309 0.7215061022728795
0.057211044 -0.15729305653504172 -0.027798373109996853 -0.032146723231303256 0.9866370826921177
0.057350120000000004 0.7149109190090802 -0.04234474905125765 0.004154516104787568 0.6979197948043033
0.057508036000000005 -0.9309442078963963 0.013685837238812396 -0.04017375845947588 0.36268670822606813
0.057670391 -0.9603366514256305 0.01731806739577145 -0.038739922752378406 0.27559538838064035
0.05783908200000001 0.966609223083869 -0.034765588310211544 0.02458682226680272 0.2526924038566745
0.058023332000000004 -0.44143455852073327 -0.01706721891905291 -0.038904793603337096 0.8962871512769865
0.058187967 -0.4846410041752281 -0.015147533825895806 -0.0396889103424806 0.8736809712994507
0.058356519 0.09601916180484106 -0.03500352852026502 -0.024124405375993585 0.9944712597985195
0.058520999000000004 -0.5726701858599025 -0.01094622033460287 -0.04104109132010629 0.8186847178419148
0.058691035 -0.557322249827452 -0.011709091766201316 -0.04083102384055517 0.8292090414551264
0.058868584 0.35414502022003125 -0.04012829498137414 -0.014074344322592022 0.9342231732141169
0.059048179000000006 -0.7681936230276413 0.00025866020079813953 -0.04246015836150947 0.6388079723053152
0.059230409000000005 0.9654254563746679 -0.03487912266623509 0.024424894441165503 0.2571780683605791
0.05938954900000001 -0.997424563713152 0.025399157609739785 -0.03397297186839082 0.057835506946432934
0.059566585000000005 -0.7447308886315948 -0.0012682577412317124 -0.042444075417149854 0.6660126090384506
0.059721654000000006 0.9977438948201157 -0.029081474682624515 0.031125913416191846 0.05188976594810728
0.059897818000000005 0.10139327120608911 -0.035133652207499436 -0.02393497919496966 0.9939376981288828
0.060070069000000004 -0.7239426857146094 -0.0025703697736760853 -0.042386905371362964 0.6885519088296387
0.060235697000000005 -0.9835217892802196 0.0211935693126684 -0.03675455992507188 0.1757407851218833
0.060400655000000004 0.6502472961172714 -0.04254137603094406 0.00038502111969025395 0.758530511516028
0.060562743 0.9909514730465031 -0.03135051426258761 0.028829716327664928 0.1272838109755372
0.060707356000000004 0.9751419123626256 -0.03385248404369178 0.025834080511262045 0.21745082079863892
0.060896585 -0.07124737923118966 -0.03048151709952737 -0.029621019518249792 0.9965526996721806
0.061090636000000004 0.6366928780146588 -0.04254054137798896 -0.00036956680269701497 0.7699430789167317
0.061266204000000005 -0.10598664813912537 -0.02942778918687883 -0.0306657075589894 0.9934588315441492
0.061445002000000006 0.20708617886749306 -0.03749632104376744 -0.020043350471270056 0.9773983857588103
0.06161838 0.06949100576105434 -0.03434727070364429 -0.02504768648533199 0.9966764161286084
0.061771857000000006 -0.6705374621177015 -0.005727436318354838 -0.042080973729261645 0.7406590983262173
0.061968955000000006 0.9324289666216462 -0.03728243833700393 0.020554769816060626 0.3588366523325493
0.062153636000000005 0.8701191938338132 -0.039873090906681605 0.014892728754177471 0.49099993030477
0.062331791000000004 -0.3700593375502598 -0.0200568047590518 -0.03745582623287736 0.9280360296319007
0.062498183000000006 -0.394090327073891 -0.01907436121948621 -0.03796406108063015 0.9180891638949017
0.062672644 -0.20938445141558423 -0.026053035156685965 -0.0335734373141147 0.9769095224857144
0.062846236 0.9587528699778705 -0.03547254571357384 0.023551483541328595 0.2810337344119335
0.06301896 -0.10988213817466876 -0.029307148308660543 -0.03078075526538397 0.9930355239541673
0.063187907 -0.08740221203401455 -0.02999643993458343 -0.030111008979438154 0.9952659915910983
0.06337408500000001 0.08243575948394698 -0.03467038935998511 -0.02459960325337964 0.995689293473223
0.06354148600000001 0.9852122363260238 -0.03245243703835317 0.027578571923819982 0.16596116815267475
0.06370031500000001 0.4377240814175423 -0.04124757417561835 -0.010363479547014085 0.8981029252832946
0.063869707 -0.5939562523411884 -0.009865046060394313 -0.04131285721336724 0.8033753163493061
0.06405590600000001 -0.08344500513442654 -0.03011605447850861 -0.0299916538849699 0.99560557201403
0.064241105 -0.2790683020898287 -0.023569963695923492 -0.035356558618298235 0.959330627722961
0.064401336 0.925743500152512 -0.03764933585954192 0.01987209583871323 0.37574805239295095
0.06456753400000001 -0.15195825804869714 -0.027971903607023976 -0.03199620056238771 0.9874727862130419
0.064734374 -0.9986850659467996 0.026375586016742895 -0.03321756249182912 0.02879214532066506
0.064916502 0.7213249293985731 -0.04230509677211349 0.004545448332903222 0.691288625533823
0.065094126 0.011072999752848955 -0.03282095831648333 -0.027012214904037987 0.9990347909662949
0.06527279200000001 0.7154575282719683 -0.04234152466172249 0.0041877009037513775 0.6973594364162158
0.065438232 0.9736172672923319 -0.03402967164065161 0.02559935814700329 0.22417865599169878
0.065606565 0.9199425373957573 -0.03794532081359333 0.0192986495462996 0.38973509233379566
0.065760438 0.6860839437498191 -0.04247592116792903 0.00243728868512211 0.7262772733156513
0.065963187 0.9755405273079706 -0.033804973469507595 0.02589644986969563 0.21565545597459365
0.066144282 0.39932406882052196 -0.040769900946114636 -0.012099347973644837 0.9158229681148201
0.066322438 -0.984017022264499 0.0212978012428771 -0.0366940139476665 0.1729463802663124
0.066503404 0.7338884653502106 -0.04221559082230396 0.005321199235850194 0.6779360213110897
0.066674042 0.8442635854015126 -0.04057018531388186 0.012862673812458187 0.5342355377334941
0.06685287200000001 -0.7384106013544454 -0.0016689377357469177 -0.042430749632538116 0.6730130977689864
0.067029746 -0.7079063240279931 -0.003545297434625048 -0.04231781883538309 0.7050285592151669
0.067211912 0.9545863181368776 -0.03580878161136235 0.02303510224065935 0.29487637330799704
0.067368259 -0.700151196375866 -0.004008137323161177 -0.04227710893805984 0.7127305823044647
0.067532192 -0.2699886934880695 -0.023903381956868645 -0.03513258040991638 0.9619253793459308
0.067710175 -0.9633254989193849 0.017745149450433942 -0.03854530430812529 0.2649591502822516
0.067909652 0.12227882448453158 -0.03563028110852758 -0.023191132079513448 0.9915848644830078
0.068085029 0.30051851776647415 -0.039261502199683974 -0.01632963840626124 0.9528276327643732
0.068259631 0.10523246032113574 -0.03522602659375775 -0.023799161696388668 0.993538552937028
0.068441785 0.9104159858696239 -0.038392087011971804 0.018390141552703167 0.4114979739535847
0.06860153100000001 -0.9972726333228938 0.025311872065072127 -0.03403831340288625 0.06039847125010092
0.068781308 0.731600767668292 -0.04223308627972006 0.0051789303381357295 0.6804041899312492
0.06897101700000001 0.4438965634186768 -0.04131829462395879 -0.01007932737790479 0.895068179848487
0.069154674 0.9049299426619588 -0.038629684880054915 0.01788359490718067 0.42342617175213976
0.06934053600000001 0.23355569976104965 -0.03802812290176444 -0.01901807909758294 0.9714133566936417
0.069523209 -0.26130619734936544 -0.024219408981188007 -0.034916022745291715 0.9643201557209021
0.069695245 0.4729417013972024 -0.041627616813870755 -0.008722388158339244 0.8800665931882802
0.069875583 0.750434580831626 -0.04207242111598608 0.006364240338163012 0.659573610406744
0.070065732 -0.7567264708463468 -0.0004956247004586316 -0.04245908097456005 0.6523511546284803
0.070238991 -0.2959853621404311 -0.02294064825354985 -0.03576702809469287 0.9542468819305011
0.070427749 0.7850876037687502 -0.041668572148044966 0.008636636108625806 0.6179211865698377
0.070596042 -0.3435435502191439 -0.021113679726729444 -0.03687207414870487 0.9381750858415386
0.070770287 0.11816184795438188 -0.03553353030808891 -0.023338728255810934 0.9920838924223121
0.070954641 0.5978478403338291 -0.04246755343293157 -0.0024724203519101767 0.8004800770416136
0.071124221 -0.6839111264586485 -0.0049601378960381515 -0.04217728141993911 0.7283282535717487
0.07129673 0.5106063113223374 -0.04196852721011495 -0.006911851472454218 0.8587619366131373
