0 -0.7067529998956005 0.00035399999994770805 0.0003529999999478558 0.7074602089259648
0.0008119140000000001 0.3295108250886453 0.006990710256833577 0.015406167915643094 0.9440002098038222
0.001107436 0.6785611772230609 0.012542347293829765 0.011350272143452682 0.7343490924705255
0.001353952 0.8865824073907421 0.015630142669488933 0.0064628597183706785 0.4622613600438918
0.001538405 0.9750613970826753 0.016757488087392178 0.0022811822311247427 0.2212899788056617
0.001734436 -0.9987590017750618 -0.016764837144046866 0.0023802264433066267 0.04683728355524212
0.0019133770000000002 -0.9565686588646558 -0.015666217356341345 0.006417722164209306 0.2910150912819517
0.00208733 -0.8586037157753709 -0.013668893796293926 0.009984804557415811 0.5123603461208361
0.0022359890000000003 -0.7351243259078188 -0.011332427339807995 0.012571859618735817 0.6777209970886916
0.002377506 -0.5879267335202006 -0.008651866398971086 0.014545456083142635 0.8087371210272316
0.0025128050000000003 -0.42627332651751415 -0.00578390910873674 0.015903690081745345 0.9044361061661007
0.002667276 -0.22400803499447736 -0.0022732281121192635 0.016768018092469916 0.9744403862018005
0.002811769 -0.024381943925311705 0.0011233499873544242 0.016882835748296885 0.9995595173636861
0.002982081 0.21041620623291382 0.005038788269823277 0.01615101059843022 0.9774654856433395
0.0031317750000000003 0.4054216544574175 0.008221622418304202 0.014785427879808041 0.9139732371050217
0.003291618 0.5971877895161244 0.011276321807397998 0.012609705704250745 0.8019230536288339
0.0034424480000000003 0.7513831237124778 0.013653978130083766 0.009984349292780548 0.6596493637156808
0.0035821100000000003 0.8646764573581386 0.015321566345040727 0.007164409395806717 0.5020443655030133
0.0037184590000000003 0.9440276686366129 0.016397042077245853 0.004144549540781974 0.3294324218542299
0.003879477 0.9936195068126662 0.016906418633542555 0.000409356693127355 0.11150910777787856
0.004030257000000001 -0.9949679332047242 -0.016618022600689085 0.0032467439232349397 0.0987527815964587
0.004189202 -0.9492288410477879 -0.015506133968805168 0.006794723583566058 0.3141305443025857
0.004343889 -0.8600396223593961 -0.013696844380540463 0.009946471710136066 0.509946381619129
0.004484364 -0.7443881683778051 -0.011504198556599496 0.012415019220515407 0.6675326025689389
0.0046304530000000005 -0.5938574493769174 -0.00875839550245819 0.014481622408400969 0.8043922568872635
0.0047888720000000004 -0.40538643612074776 -0.005417754000475289 0.016031959524121762 0.9139887644958914
0.00497091 -0.16255197906900562 -0.0012207892096765135 0.016876920550365222 0.9865548810518306
0.005137509 0.0693409670728009 0.002696554039102774 0.01670334210768128 0.9974495261636835
0.005274089 0.25643412417402195 0.005795873604563837 0.01589474739551301 0.9664136302916547
0.005422473000000001 0.44967643120958395 0.008934006811845965 0.014365856706445003 0.8930313056651421
0.005572906000000001 0.6260290370370343 0.011727511516019083 0.012190913684482238 0.7796162465493282
0.0057091730000000005 0.7612822586933732 0.013803150230336172 0.00977693016142482 0.6481999747601459
0.0058913820000000006 0.8998754964773493 0.015813975987827647 0.005998503263464541 0.43581880060605316
0.006052653000000001 0.9744061513170434 0.016750741173148165 0.002330337177714172 0.2241576107882475
0.006193141 0.9994013435501914 0.016883329203260106 -0.0009651684795743037 0.030182381532570447
0.006345535 -0.983235438020722 -0.016288634553939484 0.004619856464468116 0.18155277670919248
0.006501304 -0.9209316883652934 -0.014911182426902236 0.008014765400452914 0.389356193656735
0.006642671 -0.8275968566126878 -0.013070772852560057 0.010755113041590696 0.5610676655852639
0.006791040000000001 -0.6946254223768774 -0.010586381023913464 0.013205632965223079 0.7191724844448302
0.006950607 -0.5184849394109086 -0.007411911497710737 0.015214094913735656 0.854919272497686
0.0071113850000000004 -0.31613745411613964 -0.0038629380093809455 0.0164752029705655 0.948562467896543
0.007252740000000001 -0.1239720604694995 -0.0005632339599631832 0.016911398634912464 0.9921414292260273
0.007396482 0.07608512883655436 0.002809236594837707 0.016684719630622853 0.9969577631427154
0.007538896000000001 0.27152065964317557 0.0060433035560068064 0.015802231883029896 0.962283897473391
0.007670357000000001 0.4416223647836893 0.008804659299089988 0.01444555508529506 0.8970415212440096
0.007837687000000001 0.6366846243180421 0.011893550370212854 0.012028867044857831 0.7709387387945962
0.008014323 0.8055294772191425 0.014462884426876413 0.0087707453098933 0.592314241202944
0.008162945000000001 0.9102145725855493 0.01595478912468685 0.005612807653261302 0.4137914606986712
0.00831027 0.9752515041392497 0.01675943472672919 0.0022667975114359904 0.22045064447811588
0.008474474000000001 -0.9998327749365189 -0.01684692433120398 0.0017108273774638582 0.006904808529419842
0.008634332 -0.973523754036518 -0.016051478634723143 0.005384521871239783 0.22795801649536712
0.008770539 -0.913036497680319 -0.014749688862984934 0.008307812833731458 0.4075264173376014
0.00893477 -0.7972194985545682 -0.01249327500538901 0.011420178996206488 0.6034522091398272
0.00910297 -0.6349755328193366 -0.009499996748684389 0.014006778424640664 0.7723468346156006
0.009277073 -0.4312817650202737 -0.005871844873903115 0.01587147304337024 0.9020585662484494
0.00944785 -0.2062594819952958 -0.001968643929918333 0.016806385158071143 0.9783510085577813
0.009610214 0.016826586453907392 0.0018167314955288096 0.016822103209425607 0.9997152506181917
0.009769603 0.23535657499564128 0.00544954344803134 0.016016926357237848 0.9717618242926586
0.009921175 0.4337615666628879 0.008678284351934788 0.014521886526464155 0.9008688614213374
0.01009428 0.6366326777583806 0.01189274181526048 0.012029667004811064 0.7709816362365984
0.010248041000000001 0.7862129448866001 0.014176383298863497 0.009227002605007072 0.6177241276429393
0.010411100000000001 0.9052361119011609 0.015887243295272618 0.005801450984066521 0.4245721615662336
0.010554597 0.9715807935552684 0.016721029738618033 0.0025352472319538385 0.23610324284192086
0.010711724 0.9996719088274991 0.016871726739994784 -0.0011493712565835534 0.019237943852226765
0.010874328 -0.9782378927189609 -0.016164412984980368 0.005036234195960763 0.20679451962454382
0.01104269 -0.9034955025254902 -0.014556480592243735 0.008641429793708083 0.4282631334589766
0.011215826 -0.7747118110258282 -0.01206978165770675 0.011866444139736906 0.6320879034843933
0.011369738 -0.6233304741301315 -0.009289411676864482 0.014147185973789604 0.781775341118167
0.011517237000000001 -0.45046879410096136 -0.006209220061184077 0.01574270214784729 0.8926317709204293
0.011661505 -0.26359144211973984 -0.0029544365983059213 0.016661753331766525 0.9644859817133341
0.011833910000000001 -0.02614803610213421 0.001093574921765219 0.016884801236065533 0.9995148762220154
0.0120081 0.21526742477137756 0.005118765624514631 0.01612581108364304 0.9764085683194692
0.012167805 0.42541897344494645 0.008544023704225141 0.014601345302575985 0.9048383819264879
0.012318448000000001 0.603772827574852 0.01137955871883304 0.012516554145574477 0.7969769219983438
0.012488810000000001 0.7740210071794822 0.013994317227366585 0.009501074642196657 0.6329339373985592
0.012638566 0.8880004423961916 0.01564988789652531 0.006414849759306587 0.45953144072583285
0.012787986000000001 0.9638070692534978 0.016634986493279415 0.0030502265726434054 0.2660637265754398
0.012956619 0.9992077901553136 0.01688870142667258 -0.0008667555412401077 0.03602516609130122
0.013114013 -0.9831693761724002 -0.016286954422859372 0.004625759452136547 0.18191018449195084
0.013281586000000001 -0.9145179770910687 -0.014779873850742442 0.008254068063418307 0.4041909143791088
0.013441452000000001 -0.803800831662704 -0.012617774848780926 0.011282611158302258 0.5946576472741791
0.013612141000000001 -0.6414682482265327 -0.009617609060966334 0.013926359648966671 0.766962870431197
0.013774621 -0.45280908373995005 -0.006250425459347356 0.01572640664154106 0.8914468834419184
0.013984332 -0.17664175022463943 -0.0014615310838589101 0.016857867646913757 0.9841297517618629
0.014146009000000001 0.04667358598179993 0.002317308158384436 0.016760301478612665 0.9987668890931682
0.014298044000000001 0.25466674085775626 0.0057668619912188464 0.015905307614808066 0.9668808693905062
0.014453051000000001 0.45619944983997074 0.00903866482587481 0.014300189333750978 0.8897167353089929
0.014593866 0.6199206134476586 0.011632164804484747 0.012281986392698754 0.7844821722479673
0.014738074 0.764247542968367 0.01384773130443361 0.009713636732647656 0.6447011545405825
0.014898843 0.8879919451612688 0.015649769669076996 0.006415138477207695 0.4595478604414667
0.015076491000000001 0.9736448904443261 0.01674283209038616 0.0023866429668235683 0.22744144042060105
0.015232200000000001 0.9997747493314867 0.016863995885753092 -0.0012572243383456325 0.012824805212312457
0.015373739 -0.982853702134134 -0.016278941907624557 0.004653799734265582 0.18360811093094956
0.015527601 -0.9214539774625302 -0.014921922631469265 0.007994780336238985 0.3881185220146523
0.015677059 -0.8211453118055771 -0.012947490185478219 0.010903059205174506 0.5704681083965935
0.015846579 -0.6652264937659274 -0.010049258816921222 0.01361845257498103 0.7464497720132174
0.016018749000000002 -0.46946496913916486 -0.006544037590690696 0.015606651266680559 0.8827889049820543
0.016202093 -0.23069586754030233 -0.0023881352123740107 0.016752082510131543 0.9728787597854157
0.016336692 -0.04682402094907636 0.000744634001010319 0.016903909969896647 0.9987598382044078
0.016483077000000002 0.1559188122786422 0.0041377210680435955 0.01640532938112519 0.9876249634400082
0.016629701 0.35328812518212793 0.0073774301202211776 0.01522460432435591 0.9353615801139608
0.016773820000000002 0.5331228108185866 0.010265651702355216 0.013445885429073311 0.8458687209875088
0.016945331 0.7174457766785817 0.013138839804513075 0.01065360175714046 0.6964089525445942
0.017112046000000002 0.8582110613586511 0.015229350493874378 0.007358575060034218 0.5130182184077662
0.017259267000000002 0.9447288232934695 0.016405817446172016 0.00410962233960272 0.32741626501547866
0.017392473000000002 0.9889800889797057 0.016881176139991544 0.0010137565235907513 0.147079508401231
0.017549033000000002 -0.9973968781647364 -0.01670470166647882 0.002768879422254211 0.07009103848760694
0.017692808 -0.963622893356731 -0.015823385653318728 0.00602060408943508 0.26672887393694417
0.017864902000000002 -0.8729484706062062 -0.013949277413941377 0.009589659399991127 0.48751863939598067
0.018051845 -0.7179505934788624 -0.011015130531193662 0.012850516643121195 0.6958882643389928
0.018208385 -0.5500802483887455 -0.007974454123897148 0.014927225456791756 0.8349403010719775
0.018361055 -0.36177140618526393 -0.0046560145531309395 0.016269197442940413 0.9321132358301651
0.018512973000000002 -0.15740067166659297 -0.00113285256922322 0.016883018849985627 0.9873898464529971
0.018659755 0.04672593324647341 0.0023181848899114636 0.016760179920918186 0.9987644414726033
0.018822792 0.2709262423532535 0.006033562026958869 0.0158059577937331 0.9624514216477817
0.018996141 0.49352328026397846 0.009635712573648281 0.013904588157979002 0.8695680463936322
0.019171068000000003 0.6891658944470607 0.012705630499958607 0.01116705950971351 0.7244061248129317
0.019340124 0.8386921070325416 0.01494826595573267 0.00791445313465721 0.5443431457985055
0.019496746000000002 0.9365405762832081 0.01630213687077178 0.004503901849708465 0.3501509734053229
0.019643515 0.9881013747648014 0.016875000937258085 0.0011123585837738304 0.15287141717690586
0.019804754 -0.9972756338437687 -0.01669993546706346 0.0027973338879437562 0.07179552367717308
0.019980788000000003 -0.9502949987146473 -0.015529199175439082 0.006741935512804865 0.3108903435239572
0.020147154 -0.8535343899162744 -0.013570409872747416 0.010118099862716784 0.5207614744403702
0.020294878000000002 -0.7295439087788947 -0.01122916651652297 0.012664090211833097 0.6837245145539709
0.020434605 -0.5836144191823103 -0.00857447324797328 0.014591168501076869 0.8118545349585652
0.020576913000000002 -0.4118790236638826 -0.0055314745515422405 0.01599312894418247 0.9110813863105466
0.020722581 -0.21931222296071903 -0.002192591808810185 0.016778722080903235 0.9755079783817864
0.020902142000000002 0.029438487557401773 0.0020284185338669144 0.016797816239735305 0.999423380924301
0.021065292000000003 0.2531596009025852 0.00574211810943995 0.015914267048917963 0.9672765791927131
0.021227428000000003 0.46356722727437444 0.009156766430972772 0.0142247978022309 0.8859002396168336
0.021376911000000002 0.636103564631978 0.011884505596773572 0.012037809546513123 0.7714182424149258
0.021526103 0.7816227489653222 0.014107943292256385 0.009331390137707245 0.6235220680890566
0.021703738 0.9106588118827251 0.015960791766539806 0.005595695863535111 0.4128128748650325
0.02187725 0.9829506980976895 0.01683329853455121 0.0016276650122537275 0.18308991200041558
0.022038845 -0.9989729030608973 -0.016776137912346983 0.002299751564448475 0.04202869602783696
0.022195476000000002 -0.9663253653808892 -0.015884652027611194 0.005857393635291654 0.25676576288761294
0.022344431 -0.8925438811297266 -0.01433697742398513 0.00900046314668669 0.45064272211961354
0.02251736 -0.7589281861108479 -0.011774731218649507 0.0121589890975922 0.6509543171493316
0.022662632000000002 -0.6123847483207391 -0.009091881164805103 0.014274812989886271 0.7903786987483498
0.022795724 -0.4560671008776304 -0.00630780941558427 0.015703504756888646 0.8897844744519883
0.022969917000000003 -0.23038563446825794 -0.0023828032727616793 0.016752839725964048 0.9729522722314483
0.023118759000000003 -0.024978325215433618 0.001113295958771141 0.016883505324044416 0.9995447919375666
0.023287702 0.2093113113579854 0.005020567546314972 0.016156690767369263 0.9777026798483072
0.023452348 0.4263070316711885 0.008558322381422193 0.014592962363960784 0.9044203200476869
0.023595925 0.5941792878068229 0.011229113762536803 0.012651792578194708 0.8041547196218173
0.023742033000000003 0.7445164213559476 0.013550200853233099 0.010124844483227572 0.6673898245496116
0.023926529000000002 0.8899689414478829 0.015677246857281297 0.006347624968641739 0.45570737852965376
0.024072153000000002 0.9636421952105899 0.01663310409212318 0.003060495540522691 0.2666602573032349
0.024241205000000002 0.999275972093306 0.016886977881290517 -0.0008994985042523897 0.03408155627355326
0.024389498000000003 -0.9852217492562563 -0.016339731682509146 0.004436291919942689 0.17044482178993053
0.024540758000000003 -0.9282283500466996 -0.015061931330770868 0.007728175306705337 0.3716255423145719
0.024678138000000002 -0.840349454934113 -0.013315583969040845 0.010450821647127708 0.5417806467034465
0.024841357 -0.6971484098904224 -0.010632641507667356 0.01316844930383771 0.7167270285574262
0.024998217000000003 -0.5250206369757151 -0.007528065562955585 0.015157016536397547 0.8509212206944954
0.025152347000000002 -0.3312736424244723 -0.004125560100388155 0.016411515875276842 0.9433829634540563
0.025311473 -0.11543901317371974 -0.0004181166964064092 0.016915555840354306 0.9931704402500702
0.025466062 0.0987137571011452 0.0031868037552373325 0.016616599966825688 0.9949720232480634
0.025610839000000003 0.2960696372838583 0.006445089425973447 0.015642500182593645 0.9550165144587468
0.02575681 0.48279681215402087 0.009464445894939251 0.01402181200200222 0.875568987131224
0.025939543000000002 0.6877918897510815 0.012684499276785449 0.011191073195949993 0.7257108100004137
0.026114605000000003 0.8424364951667966 0.015002479324113008 0.007811109907455588 0.5385300955259874
0.026272861 0.9397557734532895 0.01634315009557203 0.004352509251206475 0.3414279475517254
0.026434337000000002 0.9921997279882246 0.016900332914853808 0.0006129807271725299 0.12350588156890431
0.026564745 -0.9981682690511252 -0.016736896989352063 0.0025682531285866673 0.05808086616598137
0.026715333 -0.964373754059059 -0.015840343177814607 0.005975937879945608 0.26400120108913594
0.026897746 -0.8677076560903092 -0.013846534160872838 0.009737251334572926 0.49678655677307026
0.027078968000000002 -0.717217268123043 -0.011001613432210035 0.012862079962377967 0.6966440423250959
0.027234919000000003 -0.551616364843141 -0.008001871202834843 0.014912560998848832 0.8339262387159602
0.027380643000000003 -0.37247547960075716 -0.004842614252051438 0.016214712284536355 0.9278877352831657
0.027510992 -0.19838951689208772 -0.0018337542914512648 0.016821586921350037 0.9799771788903917
0.027665715 0.014917778629189422 0.001784671370336563 0.016825546209397163 0.9997455555408218
0.027822051 0.23060854766299216 0.005371425075675302 0.016043323050312655 0.9728995103929933
0.027999605 0.46084057869156875 0.009113073381395187 0.014252850333507951 0.8873216830339135
0.028165612000000003 0.6514827684016952 0.012123519220630099 0.011796890756627983 0.7584748223414194
0.028308157 0.788103185746539 0.014204528287468966 0.00918358212526976 0.615310703475599
0.028444601000000003 0.8898890623868431 0.015676137840368178 0.006350366123745859 0.45586334377395576
0.028587088 0.9623410224328544 0.01661817511675259 0.0031407057158255062 0.2713185005971628
0.028727548000000002 0.9967144390488416 0.016910620626858327 -0.00013774294842257184 0.07921072483294112
0.028898661000000003 -0.987729163199335 -0.01640610513352903 0.004184963370247928 0.15525600137031562
0.029081631 -0.9165536040665273 -0.014821436352490837 0.008179306522955515 0.3995533942315035
0.029246766 -0.8015071825523595 -0.01257434923659178 0.011330939636402844 0.5977455410667757
0.029408052 -0.6481133396692214 -0.009738134177933018 0.013842428662788148 0.761355800433843
0.029553313 -0.48164483904135014 -0.006759144707005306 0.015514804249029335 0.8762030893786992
0.029700007 -0.29365211766374594 -0.0034735736550639946 0.0165615143561729 0.9557625669170619
0.029855498 -0.08440790173931459 0.00010864753303716851 0.01692018300922108 0.996287609943341
0.030011006000000003 0.13207422802225433 0.0037419791015526386 0.016500241648497897 0.991095423211242
0.030176635 0.3548940576729513 0.007403511859366073 0.015211927088554638 0.9347534397448503
0.030334225000000003 0.5496257099345256 0.0105270391239924 0.013242092683599483 0.8352397305011361
0.030481386000000003 0.7082510272272818 0.012998357815053487 0.010824677767143189 0.7057579978128837
0.030621836000000003 0.8319388758301022 0.014850164310619828 0.00809718030912804 0.5546094257885775
0.030784713000000002 0.9350512714676253 0.016283016748007997 0.004572639403107752 0.3541088449350749
0.030954541000000002 0.9919963371476367 0.016899320303541646 0.0006405477258029518 0.1251290124535456
0.03112213 -0.9939331492227839 -0.01658476866854554 0.0034118647380647696 0.10867474179096645
0.031274397 -0.9494645532186968 -0.015511228240911064 0.00678310661030782 0.31341737897634087
0.031427898 -0.8610918255701372 -0.01371734169408281 0.00991821659916535 0.5081676214130825
0.031573757 -0.7406318947731567 -0.011434495421952896 0.012479185917272583 0.6716977882039008
0.031715318 -0.5944975417572987 -0.008769899340379474 0.01447466543759886 0.8039193030214904
0.031892311 -0.3800676005067816 -0.00497510006879741 0.016174609985955418 0.9248038978162483
0.032054867 -0.16253250091075697 -0.0012204566225092889 0.016876944482132405 0.9865580902198691
0.032215607 0.05983895371362517 0.002537673385519916 0.016728274707274747 0.9980646395186866
0.032387286 0.29489322394899864 0.006425859274290329 0.01565041742291606 0.9553804264459483
0.032526643 0.4739046203704619 0.009322269826549621 0.01411680651398174 0.8804136651885051
0.032681417000000004 0.6507414155076406 0.012112015944699045 0.01180870920951034 0.7591109692262875
0.032840965 0.8018644119294642 0.01440872019744089 0.008859515911541433 0.5972665758613164
0.033017888 0.9235259244593181 0.016132718058785783 0.005078137367316541 0.3831629089310204
0.033173541 0.9843285040214891 0.01684522907805233 0.0014986411295392476 0.17553173075799688
0.03333398 -0.998727403671853 -0.016763234109113227 0.0023914199390153443 0.047506296930098946
0.033483428 -0.9673444038428277 -0.015907929310861945 0.005794012840091956 0.2528995285765167
0.033630006000000004 -0.8960444922671748 -0.014406897356997248 0.008888257337222203 0.44364141834111565
0.033771858 -0.7912272831376265 -0.012380192063841208 0.011542549328640295 0.6112878919282714
0.033946741 -0.6202357591159691 -0.009233523845576191 0.014183691189365856 0.7842328532110068
0.034106865 -0.43123593394316806 -0.005871039952132681 0.015871770447899315 0.9020804770467512
0.034267338 -0.21994228880738576 -0.002203409130940807 0.016777309047557015 0.9753661140738353
0.034425679 -0.002005463410415467 0.0015001850126594527 0.01685339554562258 0.9998548347735391
0.034577372 0.2081855977275112 0.005002001449405561 0.016162455419703348 0.9779430003405851
0.034726316 0.4056841882870271 0.00822586024609041 0.014783068675123497 0.913856736845363
0.034900279 0.6129160586143662 0.011522687370497801 0.01238482469874735 0.7899669289822043
0.035064421000000005 0.7756676786433528 0.014018960045609251 0.009464648463351235 0.6309148448853765
0.035227309000000005 0.8976776280653624 0.015783784958691226 0.006077584590002474 0.4403280722017139
0.035375128 0.9688550796182266 0.01669151322092737 0.0027232354674377275 0.2470502217626096
0.035528497 0.9991706796859529 0.016889576314058047 -0.000849654257225538 0.0370401559905265
0.03567853 -0.9854378548204799 -0.01634536370624479 0.00441555783741349 0.16919091648527115
0.035839259000000005 -0.9231446416360956 -0.014956740434703977 0.007929546782271856 0.38407992504421123
0.036006296 -0.8095505071059045 -0.012726809319464509 0.011159600756682844 0.5868061588634464
0.03618345 -0.6418199756154453 -0.00962398460620939 0.013921958654639159 0.7666685573887249
0.036328522 -0.4745708265640758 -0.006634169921765836 0.015568593905559223 0.8800546217409143
0.036478764000000004 -0.2819714578225871 -0.0032716640737796773 0.016602501263669335 0.9592735533409561
0.03664042 -0.06252085434681916 0.0004792824661214087 0.01691360891859797 0.9979002169021767
0.036791225000000004 0.14719816585987425 0.003993091261449603 0.01644118460752994 0.988962305974484
0.036959918 0.37369944705943225 0.0077085680630454125 0.015059505754919943 0.9273955534357013
0.03712987 0.581159369794263 0.011024511660402778 0.012830595134108846 0.8136139274075208
0.037292625 0.7487646102186735 0.013614432742213311 0.010038245008912624 0.6626201320080217
0.037446323000000004 0.8725654366191432 0.01543341768006475 0.006919937710336199 0.4882043454317515
0.037594583 0.954224096559932 0.016522438576627108 0.0036114598779940356 0.29861403169546546
0.03774901 0.9960130379927484 0.01691123075841374 4.041174072043744e-06 0.08759017300167214
0.037915765000000004 -0.9894258516120645 -0.01645251013673327 0.00399926416624826 0.1440479259070094
0.038086025 -0.9278419058417413 -0.015053907866342475 0.007743769386306786 0.3725893337947509
0.038232765 -0.8328700850007716 -0.01317181644341744 0.01063125663719279 0.5532096358024732
0.038387719 -0.694722194383628 -0.010588154896019459 0.013204212062392423 0.7190790028852936
0.038540181 -0.5276821416446178 -0.007575397586183532 0.01513344019144266 0.8492733068504709
0.038691764000000003 -0.3377929235439504 -0.004238804199129103 0.016382678519215654 0.941068319085883
0.038863203000000006 -0.10501501419163019 -0.00024099688903709673 0.016918941958006375 0.994326675754932
0.039041192 0.14244553131143275 0.003914219236654629 0.016460169393760046 0.9896580279675908
0.039202092 0.3569353363322173 0.007436657069441415 0.015195736730557892 0.9339758837326877
0.039350485000000004 0.5402736631503083 0.010378998067816779 0.013358524205611719 0.8413193181761041
0.039515488 0.7181570571314946 0.013149691672083495 0.010640194878339662 0.6956754366470854
0.039660581 0.8434561188854208 0.01501721904353403 0.007782709821166715 0.536931735022976
0.039829627 0.9454761273469084 0.01641514757557419 0.004072137297248165 0.32525198422915474
0.040004513000000005 0.9959875231301262 0.016911230594841085 8.944183765867174e-06 0.08787982686016446
0.040179123000000004 -0.9878641312951469 -0.016409747675052724 0.0041707034674569295 0.15439489471592852
0.040335879000000005 -0.9308899601544363 -0.01511732067410611 0.0076194236953946864 0.3649072390099495
0.040489265 -0.832167999544723 -0.013158348524636307 0.010647903698602855 0.554265189728406
0.040627125 -0.7108594649422388 -0.01088452711388486 0.01296122155743473 0.7031303968022444
0.040772806 -0.5542175515137714 -0.008048312573095157 0.014887573002000717 0.8321997899716853
0.040950864000000003 -0.33248129159860196 -0.004146531770952837 0.016406238272239148 0.9429580225847561
0.041116061 -0.10820091630149888 -0.00029511211641634834 0.016918104183736044 0.9939850362913841
0.041274623 0.11231756337081567 0.003413404693796909 0.01657145245836368 0.9935283089022983
0.04142796 0.32018929862875467 0.00683882214170659 0.015474252675685368 0.9472025079461467
0.04157269 0.5034608881411848 0.009794147734733144 0.013793365866763226 0.8638523900761671
0.041719729000000004 0.6684216540907058 0.012385828024694378 0.01152098699906631 0.7435901764180028
0.04189918 0.8317341630951072 0.014847184195762352 0.008102648027495692 0.5549163812295351
0.042079281 0.9432997608095138 0.016387910352961617 0.004180565254601985 0.33151096591988377
0.042244891 0.9940574099843175 0.01690789233549823 0.00034196011043210854 0.10753544483285993
0.042410552000000004 -0.9922145194657777 -0.016532378312261828 0.0036563700485663115 0.12338419180253295
0.042563209000000005 -0.9438129984268452 -0.015389838055904638 0.0070537352869412704 0.33004609027171705
0.042698230000000004 -0.865460192005106 -0.013802584359311509 0.009799379220704986 0.5006916385225346
0.042883684000000005 -0.7093397004040437 -0.010856566308603866 0.01298462910694252 0.7046635536237452
0.043059449 -0.5170665597539081 -0.007386717915680448 0.015226329977221034 0.8557778730827983
0.043230912 -0.2996637646547434 -0.0035775844169877603 0.016539399210988872 0.9538947936310515
0.043380943000000005 -0.09516901501710963 -7.385511081153061e-05 0.016920436584811342 0.9953173121933907
0.043525374000000006 0.10617005273080667 0.0033110403270061334 0.0165922457887682 0.99420403051626
0.043680133 0.3146770217798129 0.006748929909554638 0.015513706080828457 0.9490480224058746
0.043842178 0.5188623285521972 0.010039233519633971 0.013615892674189119 0.8546904148675215
0.044019796 0.7121787325887678 0.013058412184159205 0.010752102785080223 0.7017943594851592
0.044192737 0.8592048244756904 0.015243555217530855 0.007329077293696483 0.5113521176724054
0.044374355000000004 0.9599467092778483 0.016590381032708223 0.0032846333469401584 0.279671746495073
0.044522572 0.996861610547299 0.016910321652182838 -0.0001694400968505181 0.07733654846719769
0.044681194 -0.9894800416453997 -0.016454015894879923 0.003993085503745613 0.14367521642415965
0.044854002000000004 -0.927139673895684 -0.015039339707587283 0.00777198248797706 0.3743333269132945
0.045025132 -0.8123003471190021 -0.012779047352865464 0.011099805221882529 0.5829936846511631
0.045188574 -0.6593466186876512 -0.009942238160209664 0.013696705905747352 0.7516485805034554
0.045339895000000005 -0.48717039470207585 -0.006856844308942575 0.015471920945412094 0.8731429492781846
0.045485564000000006 -0.3010268313130887 -0.0036011765713635973 0.0165342878281081 0.9534655188746581
0.045619081000000006 -0.11908280699099985 -0.00048007079064942156 0.016913933450542658 0.9927401339053498
0.045783135 0.10874404805571057 0.0033539080162347332 0.016583618124823535 0.9939257854203033
0.045972095000000004 0.3635747674458443 0.00754441080126148 0.015142481514911826 0.9314113890198752
0.046159468 0.5916418909150849 0.011189277698963579 0.012687061844819086 0.8060233938545116
0.046328474 0.7636471761259143 0.013838709122366327 0.009726495624602084 0.6454121751312176
0.046466943000000004 0.873122679288501 0.015441289081409414 0.0069023386149542915 0.4872070516989893
0.04661523 0.9546045320999863 0.01652701577291979 0.003590418736315784 0.2973956185573587
0.046793737 0.9984086079322012 0.016901521677116997 -0.0005670719694898682 0.05379840705369015
0.046975222000000004 -0.9799377384038642 -0.016206064796382296 0.004900902752535718 0.1985834169007162
0.047148772000000005 -0.9041135424544892 -0.014568937102387403 0.008620440081825019 0.4269568320508536
0.04731283 -0.7835807615883403 -0.012236250678502106 0.011694881895709757 0.6210593320894684
0.047469041000000003 -0.6314348121449571 -0.009435919322640242 0.014049984407531541 0.775244244980992
0.047610673000000006 -0.46699123055894404 -0.006500390726031845 0.01562486057097958 0.8840999939110907
0.047758046000000005 -0.27667072867819664 -0.0031801161939231824 0.01662024380131594 0.9608157795590447
0.047937067 -0.03274531733369286 0.0009823068296195593 0.016891679638284696 0.999320494348538
0.048129092000000005 0.2332044897987704 0.0054141402481775085 0.0160289418866385 0.9722805284716258
0.048292408 0.44625088435354865 0.008879009620172382 0.0143999395405907 0.8947479830338089
0.048458783000000005 0.6402825668255803 0.011949531193669207 0.011973218497586374 0.7679531791472111
0.048608877 0.7860817294143965 0.014174428705958001 0.009230007260792232 0.617891096567752
0.048754006 0.8943476653594938 0.01573788372414007 0.006195599192254031 0.44705277879973
0.048942557000000005 0.9797669375947021 0.01680406367233479 0.0019068487883426575 0.19942601477268987
0.049124433 -0.9984412292845559 -0.016749330387589533 0.0024863638910979625 0.05318260609590349
0.049280153 -0.963616687876427 -0.015823245708230443 0.00602097113216169 0.26675129174561724
0.049444468000000005 -0.8800115798749426 -0.014088347489999643 0.009384402828792458 0.47465047217353373
0.049608305000000005 -0.7499579042517086 -0.011607691814886422 0.012318403229370037 0.6612689772573603
0.049773119000000005 -0.579337017416361 -0.008497760683195675 0.014635934417841225 0.8149123865411566
0.049958299000000005 -0.3527506036495467 -0.004498930140081501 0.016313269172664624 0.9355643476006212
0.050125417000000005 -0.1268007916666297 -0.000611366207957553 0.016909744544903172 0.9917838706106804
0.050299566000000004 0.11567539409995958 0.0034692921656998793 0.016559821938926966 0.9931429602575048
0.050458515 0.33149687174282166 0.007023051318322811 0.015391438362839129 0.9433046190918537
0.050610805 0.5229562858970612 0.010104285575141097 0.013567653125564624 0.8521916129852678
0.050775282000000005 0.7032759500194294 0.012922194940008309 0.010915549968274802 0.7107156996796204
0.050953737000000006 0.8558289872492917 0.015195257335475136 0.007428784306973937 0.51698226459143
0.051138732000000006 0.9593989269919101 0.01658396643665376 0.003316928801095363 0.2815451454515507
0.051313548 0.9989706189934026 0.01689367361755168 -0.0007645167329120581 0.04209182455356512
0.051463486 -0.9858557978584886 -0.016356300082750515 0.004374995723980649 0.16673834798521042
0.051632483 -0.9198140767594367 -0.014888224881130044 0.008057270261536164 0.3919891393278765
0.051797302 -0.806430076848313 -0.012667603192845342 0.011226694222415545 0.5910871545894149
0.051982234 -0.6300222502743249 -0.009410367650701978 0.014067094980366695 0.7763926364789718
0.052152176 -0.4304569626468461 -0.005857359723860628 0.015876817962718386 0.9024524482194596
0.052320507 -0.2097026952353956 -0.0020276921553141663 0.016799385436797584 0.9776187645112385
0.052480154 0.01133489424305115 0.0017244784865331757 0.0168318435880212 0.9997925961857675
0.052632899000000004 0.22056650641484285 0.005206082316164814 0.016097800276579376 0.9752251913179462
0.052785582000000004 0.42197904342284304 0.008488621977486814 0.014633648554836887 0.9064477296230821
0.052946847000000005 0.6112840068273787 0.011497157654342083 0.0124085446763066 0.7912305014229125
0.053134193 0.7942514815358901 0.014295914383145342 0.009040553901633507 0.607353669039009
0.053298990000000004 0.9117577779646249 0.015975623258203474 0.00555316140468248 0.4103799412507121
0.053477345 0.9847663826190182 0.0168489153200641 0.0014564371290996649 0.1730582691086836
0.053646302 -0.9980435597109928 -0.01673142987170584 0.0026034323781402185 0.060185831504449
0.053815076 -0.9565107178235358 -0.015664940988337747 0.006420831147180639 0.29120547597860097
0.053987378 -0.8598189230522723 -0.013692546765891187 0.009952380372186034 0.5103184141780744
0.05415198500000001 -0.7211416552695192 -0.011073979618942426 0.012799885777575104 0.6925808566042082
0.054314743000000006 -0.5466770727438476 -0.007913735849972877 0.014959471644307817 0.8371724823053125
0.054485413 -0.33366438352415073 -0.004167079616396575 0.016401039676537967 0.9425400365567759
0.054641775000000004 -0.12279957495078668 -0.0005432872602000119 0.016912043922351846 0.9922872326102096
0.054798947 0.09346579861193771 0.0030993104858058874 0.016633173058446978 0.9954787171599168
0.054981307 0.34107249599086414 0.007178881511101347 0.015319310686743146 0.9398847455187765
0.055174895 0.5795491272177334 0.01099917414918388 0.012852337809624399 0.8147617103926936
0.055337908000000005 0.7480553149723237 0.013603714717351029 0.01005277581425445 0.6634207762694622
0.055489781 0.8709281906194895 0.01541026770109804 0.006971387840299612 0.4911191405201234
0.055650716 0.958156796665784 0.016569347913063057 0.0033893314181647296 0.28574380508673
0.055826484 0.9987733542999085 0.016896925584156744 -0.0006895480172319684 0.04653821193453332
0.056000397 -0.9807356151449369 -0.0162258150748463 0.004835287540154748 0.19460471758375913
0.05616846700000001 -0.9085823668958417 -0.014659243225146602 0.008466169852595578 0.41736256794548027
0.056339903000000004 -0.7837836677995217 -0.012240065189452599 0.011690893438355906 0.6208032425056275
0.056515304 -0.6101252388301339 -0.009051153245475028 0.01430064714987922 0.792124208100279
0.056677347 -0.4170109831077466 -0.005621424702700221 0.015961774310577596 0.9087438920359692
0.056869457000000005 -0.1615314468502439 -0.0012033645708426153 0.016878165496754253 0.986722489417182
0.057037109 0.07104830782810137 0.002725087226387518 0.01669870042999486 0.9973293664874817
0.057211044 0.3086119055648435 0.006649959653815705 0.01555642721962405 0.9510375741012549
0.057350120000000004 0.4863598487464188 0.009521364972377936 0.013983195458984186 0.8735948210590421
0.057508036000000005 0.6654774597199443 0.012340308887553218 0.0115697639595046 0.7462262444749395
0.057670391 0.8153611855837962 0.014607699366539495 0.008527176231820746 0.5787054859149999
0.05783908200000001 0.9277579810831639 0.016188358375178284 0.004897635239599808 0.37279897902042486
0.058023332000000004 0.9919683755656387 0.016899178630938518 0.0006443095274670402 0.12535048665456122
0.058187967 -0.9944625970485572 -0.01660159057189137 0.0033293961912333743 0.10371810537691971
0.058356519 -0.9428616758970763 -0.015369550302960291 0.007097758654923113 0.3327540516208962
0.058520999000000004 -0.8425540316102479 -0.01335806524185299 0.010396526838914316 0.538345779346324
0.058691035 -0.6923069027914964 -0.010543893430598963 0.01323954975809604 0.7214046665920405
0.058868584 -0.4942358443874792 -0.0069818762445133225 0.015415963799179507 0.8691631213914018
0.059048179000000006 -0.263945758396447 -0.0029605463091779464 0.016660671179848995 0.9643890780312236
0.059230409000000005 -0.01299035932280078 0.001315288423281617 0.016868898898463314 0.9997724545270199
0.05938954900000001 0.2073213464183294 0.004987746176020501 0.016166865722805075 0.9781265839144113
0.059566585000000005 0.43942644461923036 0.008769369342448034 0.014467022146395817 0.8981192588965312
0.059721654000000006 0.6214799829547024 0.011656516221880336 0.01225886144481508 0.7832473917813385
0.059897818000000005 0.7934068764548334 0.014283375170943084 0.009060367321654161 0.6084565911648163
0.060070069000000004 0.9140063994989789 0.01600588907624589 0.005465210648574553 0.40534706692211325
0.060235697000000005 0.9825015588596887 0.01682930790860873 0.001668569736794908 0.18548497812124656
0.060400655000000004 -0.9988795292547566 -0.01677110122246575 0.002335965420792711 0.04419230097419063
0.060562743 -0.9635791223332009 -0.01582239860487998 0.0060231923375200155 0.2668869570811571
0.060707356000000004 -0.8904548292099385 -0.01429535383580056 0.009066345499699981 0.45475668370535405
0.060896585 -0.7409340186045063 -0.01144009902599551 0.01247405398060387 0.6713645076902283
0.061090636000000004 -0.5345903643423081 -0.007698337939844985 0.015071336485201798 0.8449418517045257
0.061266204000000005 -0.314021675638155 -0.003826261429401933 0.016483744735110523 0.9492649962536214
0.061445002000000006 -0.06977377708967301 0.00035654420287304907 0.016916685529827745 0.9974193293984016
0.06161838 0.17142718498241516 0.004394624702748757 0.01633828958484446 0.9850515051590801
0.061771857000000006 0.3741558635729502 0.007715963626843349 0.015055714647422797 0.927211507217067
0.061968955000000006 0.6112509005480822 0.011496639698493186 0.012409024902304855 0.7912560773578782
0.062153636000000005 0.7928079871897613 0.014274481050438903 0.009074384320362486 0.6092367275436272
0.062331791000000004 0.9184103945204991 0.016064835430145277 0.005289217736947794 0.39526736834077153
0.062498183000000006 0.9841223698021987 0.016843475510409885 0.0015183013406198382 0.17668376651148915
0.062672644 -0.9976483083184874 -0.016714810258567088 0.0027075197544829625 0.06641639379045586
0.062846236 -0.9526442862209458 -0.01558023992974556 0.006623344253465328 0.3036153015992827
0.06301896 -0.8528036705435535 -0.013556238091895488 0.010137058227057268 0.5219572472595242
0.063187907 -0.7075254952763715 -0.01082320201045327 0.013012426588500813 0.7064851085383513
0.06337408500000001 -0.5040009478686975 -0.0071548784923291765 0.015336521043649838 0.8635372854622391
0.06354148600000001 -0.29044319633157134 -0.00341808076376018 0.016573034397213297 0.956742599114026
0.06370031500000001 -0.07290430583097936 0.0003035422590299734 0.016917738654312318 0.9971953971876452
0.063869707 0.1613682869963384 0.004228037938731353 0.016382251425445173 0.9867492191460249
0.06405590600000001 0.40870963173237007 0.008274687131351346 0.014755771653313826 0.9125076622609722
0.064241105 0.627864138054165 0.011756132676296873 0.012163296476207217 0.7781391081990613
0.064401336 0.7845459708892449 0.01415154388528705 0.009265083231747658 0.6198399080406359
0.06456753400000001 0.9049799308075496 0.015883754216212877 0.005811007506305546 0.42511794055217916
0.064734374 0.9784661954271114 0.016791548152928326 0.002014410616653172 0.20571312662758506
0.064916502 -0.9987208489213302 -0.01676290346656683 0.0023937221163032375 0.04764389879093782
0.065094126 -0.9567366406299199 -0.01566991901613426 0.00640869569956462 0.29046236027003897
0.06527279200000001 -0.8554746815827573 -0.013608069754400548 0.010067450052478643 0.5175679047795393
0.065438232 -0.7146816950339769 -0.010954895541511323 0.012901856446108452 0.6992450265445449
0.065606565 -0.5327733522552399 -0.007665990005730825 0.015087798995928662 0.8460887341440051
0.065760438 -0.341646618049501 -0.004305782690182836 0.016365229968329408 0.939676129237541
0.065963187 -0.06715078797221047 0.00040094142125491087 0.01691567551666629 0.9975993538703317
0.066144282 0.1845387009979021 0.004611522930443039 0.016278317956160526 0.9826796110914215
0.066322438 0.4206752128324537 0.008467616856739107 0.014645822640475164 0.9070535621738783
0.066503404 0.633953881324166 0.011851034038168265 0.012070786021810666 0.773185828550335
0.066674042 0.7982631305725685 0.014355406975589345 0.008945710651656334 0.602071317137751
0.06685287200000001 0.9217313815121281 0.016108979868340444 0.005153037192372898 0.38745994284705454
0.067029746 0.9884390302367895 0.016877413582772626 0.001074922198655525 0.15067276116670475
0.067211912 -0.994490943651502 -0.016602502087575053 0.0033248669850816297 0.10344595293754182
0.067368259 -0.9485605702149147 -0.01549170664854303 0.006827496013113127 0.3161427477530837
0.067532192 -0.8520989980107777 -0.013542577130428148 0.010155281075702228 0.5231068403872863
0.067710175 -0.6979843939783906 -0.010647975787715973 0.01315606472849519 0.7159129306941614
0.067909652 -0.4749240072679351 -0.0066404067351197 0.015565937740562082 0.8798640769466702
0.068085029 -0.2473832544347368 -0.0026751795565016735 0.016708756402871207 0.968769934658941
0.068259631 -0.0062463626675978295 0.0014288246903722546 0.016859620984192074 0.9998373340667466
0.068441785 0.24433594736227582 0.005597176665760338 0.015965877173924475 0.9695430404092537
0.06860153100000001 0.45234795513933396 0.008976880845221216 0.014339084276376144 0.891681071770434
0.068781308 0.659330283491494 0.012245169023047611 0.011670480928099603 0.7516631113614204
0.06897101700000001 0.8329128195269673 0.014864337518300609 0.008071110437122473 0.5531456803719009
0.069154674 0.9456925567463682 0.01641784524403102 0.004061230478970381 0.3246221632591648
0.06934053600000001 0.997298414787047 0.016909005979070666 -0.0002683961271086106 0.07148346202895257
0.069523209 -0.9830749813421875 -0.016284555722627235 0.004634173029165437 0.18241962269536377
0.069695245 -0.9116472180838868 -0.0147214294916077 0.00835771761426134 0.41062486265436626
0.069875583 -0.7811174400539685 -0.01218996340400081 0.011743073402637293 0.6241546682215916
0.070065732 -0.5908848685493372 -0.008704988026360602 0.014513757660724488 0.8065783570995813
0.070238991 -0.38146752087839114 -0.004999541677214404 0.01616708226573064 0.9242273316392053
0.070427749 -0.12812111285286523 -0.0006338364626671955 0.016908925379683987 0.9916141724154545
0.070596042 0.10579944437707167 0.003304867310070199 0.016593478694678893 0.9942435375130058
0.070770287 0.3390556240871918 0.007146073581176139 0.015334656008518759 0.9406141960082882
0.070954641 0.5664636721364886 0.010793006470103358 0.013026073126544375 0.8239130661543631
0.071124221 0.7434630458663463 0.013534259870422711 0.010146159072747973 0.668563070096581
0.07129673 0.8811499581321541 0.015554224060159978 0.006643673448465256 0.472534315156795
