0 -0.7067529998956005 0.00035399999994770805 0.0003529999999478558 0.7074602089259648
0.0008119140000000001 -0.7067666391840335 0.00014249856003924975 0.0005348414870486137 0.7074465431219878
0.001107436 -0.7068020029110591 3.197472056570539e-05 0.0007139768725642146 0.7074110671282703
0.001353952 -0.7068410524209232 -0.00020584499958774198 0.0009342853239403263 0.7073717631848556
0.001538405 -0.706844637902445 -0.0004332989854926425 0.0011015936105060724 0.707367836851569
0.001734436 -0.7068585512742074 -0.0007113122103900003 0.0013748239931984227 0.7073532302778125
0.0019133770000000002 -0.7068501181720986 -0.0009604194936397167 0.0015066803160190575 0.7073610944552379
0.00208733 -0.7068961242898324 -0.0011368930211885593 0.0016058783846610075 0.7073146386813199
0.0022359890000000003 -0.7068807532845167 -0.0012507267766251903 0.0016894503211580753 0.707329613458999
0.002377506 -0.7068799386528581 -0.001316390872059711 0.0018730369307652936 0.7073298460957659
0.0025128050000000003 -0.7068659279360462 -0.001537514981444404 0.002044820477451227 0.7073429258004984
0.002667276 -0.7068950484427861 -0.0017382428191038974 0.0022178785071047336 0.7073128374445786
0.002811769 -0.7068937030356417 -0.001969114693181584 0.002440830866978069 0.7073128427651814
0.002982081 -0.7069631593941123 -0.0022418714475399416 0.0025485685398346464 0.7072422287097299
0.0031317750000000003 -0.7069072654759643 -0.0022951271937907236 0.0026736226914007037 0.7072974636955538
0.003291618 -0.7069773602454358 -0.00246221929998517 0.0028187637497657874 0.7072262750686215
0.0034424480000000003 -0.7069658363957957 -0.002737178261148657 0.0031305962482606983 0.7072354723792426
0.0035821100000000003 -0.706961756967175 -0.002932447501608676 0.003453127424099851 0.7072372663035571
0.0037184590000000003 -0.7069127512393365 -0.00307138620863659 0.003612830148411011 0.7072848621173142
0.003879477 -0.7068900565094394 -0.003215578532148963 0.0038032138975107573 0.7073059052678942
0.004030257000000001 -0.7068290477103376 -0.0035131092946661035 0.0038093304846705135 0.7073654249235255
0.004189202 -0.7068230252485403 -0.0035723484037564605 0.00405957008589884 0.707369754227661
0.004343889 -0.7068317000957239 -0.003763293528738685 0.004358096213953825 0.707358319636516
0.004484364 -0.7067091877179151 -0.004095086205286307 0.00452787565218853 0.7074778106811087
0.0046304530000000005 -0.7067020643165958 -0.00420937018433807 0.004633711169008061 0.7074835702785727
0.0047888720000000004 -0.706616160970462 -0.004388243701393345 0.004868104506537555 0.7075667077605454
0.00497091 -0.7067117397510484 -0.004587626488744069 0.005114731516127036 0.7074682396424341
0.005137509 -0.7067344329126463 -0.005010705131292418 0.005299628206996901 0.7074413389890326
0.005274089 -0.7066727443579258 -0.005096451644320632 0.005538096689428248 0.7075005215880292
0.005422473000000001 -0.7066142709297699 -0.005343030097082125 0.005964367637232761 0.7075536378723946
0.005572906000000001 -0.7066193387591915 -0.005602581321220877 0.006235783701173261 0.7075442291303736
0.0057091730000000005 -0.7065531561304725 -0.005800812142210721 0.006383106664857165 0.7076074081649121
0.0058913820000000006 -0.7066267596247559 -0.006089111837248331 0.00648135062571162 0.7075305911360427
0.006052653000000001 -0.7066826276697805 -0.006261516652791154 0.006579375681453906 0.7074723803616533
0.006193141 -0.7067939070623654 -0.006566240264910841 0.006791055439673209 0.7073564440890572
0.006345535 -0.7067989262384271 -0.006806811694022895 0.00700567256535513 0.707347061727605
0.006501304 -0.7068084764502263 -0.007314559699840336 0.007278773882141766 0.7073296927779015
0.006642671 -0.7068092806691922 -0.007581364739579682 0.0072882978575305995 0.7073259816965051
0.006791040000000001 -0.7069627898073657 -0.007877598855008865 0.007293287382652326 0.707169262074661
0.006950607 -0.7069410208836898 -0.008247526546488828 0.007486488978945551 0.707184787577165
0.0071113850000000004 -0.7069343182714976 -0.008351946279427529 0.007589548926792745 0.7071891637959723
0.007252740000000001 -0.7067995194092841 -0.00828995435338204 0.00794543675956486 0.7073207094764893
0.007396482 -0.7069710965226995 -0.008769617888043094 0.008075888092793618 0.70714195358153
0.007538896000000001 -0.7069118223405549 -0.008821138583373335 0.008146961853383178 0.7071997525182037
0.007670357000000001 -0.7068676445524678 -0.00889655761127907 0.008313313596915999 0.7072410290449468
0.007837687000000001 -0.706900856472678 -0.009325270995348864 0.008345767699598395 0.7072019277409829
0.008014323 -0.7069444592278977 -0.009531351463077722 0.00858252158669629 0.7071527594724331
0.008162945000000001 -0.7069319032152791 -0.009506931155414426 0.00880888218024474 0.707162856823776
0.00831027 -0.706928368171424 -0.010115096130033495 0.009069889456736849 0.7071546536720315
0.008474474000000001 -0.7068068687129748 -0.010307138472615916 0.009375188502000064 0.7072693398396527
0.008634332 -0.7070284316959048 -0.010593923185607345 0.009549334457902984 0.7070412829365611
0.008770539 -0.7069297603038323 -0.010806493325330332 0.009830964373408716 0.7071328629318999
0.00893477 -0.7068790107534179 -0.011242809240096713 0.010060914241673127 0.707173558188711
0.00910297 -0.7066746881991505 -0.011421666051075306 0.010654793884022684 0.7073661753084752
0.009277073 -0.7067033565622525 -0.012024559142489467 0.011098661939706309 0.7073207161565559
0.00944785 -0.7067733311597085 -0.012060356014864167 0.011191783435276942 0.7072487187388479
0.009610214 -0.7067114444638936 -0.01195432048325107 0.011312575357177156 0.7073104368835011
0.009769603 -0.7066835314354712 -0.012172629497378695 0.01129790767832999 0.7073348363901661
0.009921175 -0.7067748291387058 -0.012782768387253413 0.011401843617455972 0.7072311783924932
0.01009428 -0.7066658280167509 -0.012974006436171356 0.011755421148224029 0.7073308227018119
0.010248041000000001 -0.7067769716648942 -0.013278436344211277 0.0116538456763641 0.7072157968635924
0.010411100000000001 -0.7067289478801959 -0.013588632510431688 0.011976381383006388 0.707252507654527
0.010554597 -0.7066597418646531 -0.013993429237091796 0.012258253891493416 0.7073089341847029
0.010711724 -0.7067034418052869 -0.014160344584579434 0.012371425352823645 0.7072599789444807
0.010874328 -0.7067257600709407 -0.014111686429314284 0.012568507300867162 0.7072351751592254
0.01104269 -0.7068339523348669 -0.01446140185520158 0.012656000022882122 0.7071184181920838
0.011215826 -0.7068056868873275 -0.0147660479729801 0.012880982909345917 0.7071363129484175
0.011369738 -0.7069224674197554 -0.015169316672318769 0.013200746735931643 0.7070051323537008
0.011517237000000001 -0.7068189670949182 -0.015077129959224316 0.013417241690068677 0.7071065022558456
0.011661505 -0.7067713431063868 -0.015170560710297666 0.013636921350204133 0.7071479032192756
0.011833910000000001 -0.706790018102478 -0.01567205118597201 0.013701536134987143 0.7071170518590716
0.0120081 -0.7066444171898122 -0.01554546144316913 0.014175533385617091 0.7072560077766913
0.012167805 -0.706446512957147 -0.015541703524176952 0.014597482000224081 0.707445187489114
0.012318448000000001 -0.7064060111533972 -0.015836763957516334 0.014815066064692725 0.7074745635930662
0.012488810000000001 -0.706549533758902 -0.01642716635460654 0.01479259833370176 0.7073182336015199
0.012638566 -0.7065451679554681 -0.01683638184254113 0.015007895701893014 0.7073084369296275
0.012787986000000001 -0.7066781326527138 -0.01709037393180115 0.015091948728014903 0.7071677092691209
0.012956619 -0.7069347476076925 -0.017183193090133136 0.015118822431199901 0.7069083545328697
0.013114013 -0.707113730728037 -0.017544723706802698 0.015082100126716161 0.7067212213749471
0.013281586000000001 -0.7071368364142793 -0.01773449183866098 0.015523189954148094 0.7066838139924225
0.013441452000000001 -0.7071024907830481 -0.017797786284055244 0.01600158668447875 0.7067059187210587
0.013612141000000001 -0.707046807478317 -0.017992153947765054 0.016273476592957185 0.7067504993918421
0.013774621 -0.7069967541488441 -0.018287116998863318 0.01625813175577077 0.706793353199279
0.013984332 -0.7070070218710998 -0.01860428804888872 0.016175908332580476 0.7067766913819162
0.014146009000000001 -0.706918846652981 -0.018775614223761693 0.016461867279139637 0.7068537525422242
0.014298044000000001 -0.7066334829635654 -0.019176659237414167 0.016968306627734922 0.7071162938763749
0.014453051000000001 -0.7065707571968527 -0.01943213271176526 0.017052056774910944 0.7071699828558081
0.014593866 -0.7066607078851778 -0.019698022098307757 0.017440311204515974 0.7070632697303147
0.014738074 -0.7066838497577348 -0.02014239854819152 0.017671843808803243 0.7070218710964397
0.014898843 -0.7065007383772542 -0.02011599974252696 0.017832973919606518 0.7072015542035636
0.015076491000000001 -0.7066683400397061 -0.02037200256331343 0.017919387116575102 0.7070245641153163
0.015232200000000001 -0.7067366447757657 -0.0206338581872004 0.018026155928335647 0.706945978508861
0.015373739 -0.7067883917319419 -0.02101666224883331 0.018153486326640742 0.7068797069905756
0.015527601 -0.7067296185075709 -0.021197074669805617 0.01839377009215613 0.7069268700306865
0.015677059 -0.7064912108309673 -0.021347375455678164 0.018774505732342156 0.7071506038421054
0.015846579 -0.70629313722975 -0.021573218741088883 0.019307300332519806 0.7073272429994313
0.016018749000000002 -0.7062310678715542 -0.021422512494339213 0.019319484672907113 0.707393463528896
0.016202093 -0.7064144405464307 -0.02201408743727521 0.019576321986265372 0.707185114209333
0.016336692 -0.7062736975513468 -0.02221095891574214 0.019958008971103725 0.7073088542702552
0.016483077000000002 -0.7062906390706924 -0.022216710673820625 0.02030442675593731 0.7072818965462507
0.016629701 -0.7062395538694991 -0.022091779292416427 0.02072288246826893 0.7073246835648479
0.016773820000000002 -0.7063801763408157 -0.022721752508053344 0.020848930736229763 0.7071605832643931
0.016945331 -0.7064205636777191 -0.023200430149782292 0.021036112676893995 0.7070991509099438
0.017112046000000002 -0.7063115278207183 -0.023775767030857844 0.021220242706401025 0.7071834555963101
0.017259267000000002 -0.7064978093607333 -0.02397705372673378 0.02141631664420833 0.7069846445605911
0.017392473000000002 -0.7064986593020428 -0.024185694975258527 0.02162016913231161 0.7069704837188536
0.017549033000000002 -0.7062066154047882 -0.024017005141523662 0.021960440338733032 0.7072574770779552
0.017692808 -0.7062782580998016 -0.024330966791037325 0.021968437776473598 0.7071749528456056
0.017864902000000002 -0.7065540987259195 -0.024521774281326465 0.021883276232612818 0.7068954027160075
0.018051845 -0.7065561893036681 -0.02460673890000112 0.021990834280326187 0.7068870227731172
0.018208385 -0.7066412677428277 -0.02493597611206658 0.02209022378202097 0.7067873356472991
0.018361055 -0.7065211400311456 -0.025065019559912794 0.022259020459585117 0.7068975594042824
0.018512973000000002 -0.7066804997569638 -0.025870378738438806 0.022669465085349765 0.706696179500018
0.018659755 -0.7066406964940657 -0.02621280726950336 0.02275477208846777 0.7067206202882687
0.018822792 -0.7067875602867211 -0.026591884274835612 0.022895137712792477 0.7065550431380208
0.018996141 -0.7067878103636149 -0.02711073040805861 0.023080633976191558 0.7065290395683711
0.019171068000000003 -0.7067221074952523 -0.027366993574988594 0.023355436577040967 0.7065758515703966
0.019340124 -0.7068416849060013 -0.027535387377404033 0.02350463857318113 0.7064447373197462
0.019496746000000002 -0.7069230161189728 -0.027853976698078535 0.023644549383684713 0.7063461902975053
0.019643515 -0.7069017448123918 -0.027941398867580406 0.023706992302426063 0.706361932670845
0.019804754 -0.7067808438570523 -0.02788349705164731 0.02384200920985809 0.7064806493781134
0.019980788000000003 -0.7068936505698039 -0.028013612449144843 0.02397492646993399 0.7063581295648872
0.020147154 -0.7070213255537451 -0.02837469334487872 0.0240932010937506 0.70621189430005
0.020294878000000002 -0.7068307953653874 -0.028674423465886115 0.02429756241593797 0.706383488356485
0.020434605 -0.7066989986449084 -0.0286284027716846 0.024621682069861064 0.7065059891048883
0.020576913000000002 -0.7069358809683512 -0.028841201272066606 0.024752800415596757 0.7062557215203785
0.020722581 -0.7068685525487048 -0.029082407080971623 0.024885530724227094 0.7063085539455464
0.020902142000000002 -0.7068004860549614 -0.02913088379183646 0.025066767743170484 0.7063682620821002
0.021065292000000003 -0.707032669791817 -0.02955655220481308 0.024968386730764815 0.7061216564678372
0.021227428000000003 -0.7069598566717183 -0.02981875468802462 0.025177530635927807 0.7061761075501177
0.021376911000000002 -0.7071432059392565 -0.02991608533767159 0.025462968594608656 0.7059781521848739
0.021526103 -0.7070014288276668 -0.029905688733694237 0.02561673644561862 0.7061150134580602
0.021703738 -0.7070855893876263 -0.030264042316573713 0.02563589229510043 0.7060147718350144
0.02187725 -0.7069633195795171 -0.03062595994516765 0.025829119676629146 0.7061145600561405
0.022038845 -0.7070243469123262 -0.030938700126249174 0.026131741553132106 0.7060286834053534
0.022195476000000002 -0.7071440362183931 -0.03135884583234805 0.026434721234207068 0.7058789842048653
0.022344431 -0.7071409690825788 -0.03145125918692472 0.02641265965919345 0.7058787711429176
0.02251736 -0.7073631525971977 -0.03175614515747914 0.026433963670572883 0.7056416676735815
0.022662632000000002 -0.7073089987161173 -0.03194021814672378 0.02706590143756953 0.7056636874455954
0.022795724 -0.707349038416092 -0.03207755796250426 0.027161180297619686 0.7056136608738752
0.022969917000000003 -0.7073823658927129 -0.03232384297828253 0.027308376462369673 0.705563328252066
0.023118759000000003 -0.7074153470078038 -0.03274202595154253 0.02754944466178852 0.7055016049969297
0.023287702 -0.7074270897799597 -0.032833714918204825 0.027438298793563742 0.7054899004021543
0.023452348 -0.7073207463464414 -0.0330636765847055 0.027710599701175898 0.7055751396859274
0.023595925 -0.7075107280593654 -0.03308220287692921 0.027734698815162374 0.7053828208961064
0.023742033000000003 -0.7074667410512899 -0.0335006490344359 0.028035127597915856 0.7053953135945169
0.023926529000000002 -0.7074287055626864 -0.034090990190182066 0.028188318177813074 0.7053990712015863
0.024072153000000002 -0.7075052474296659 -0.03417781688021268 0.02866537342248188 0.7052988714434038
0.024241205000000002 -0.7075556684477435 -0.034220528925208035 0.02878442784714247 0.7052413687249622
0.024389498000000003 -0.707403086490225 -0.03459674322674634 0.029171381936458622 0.7053601697417589
0.024540758000000003 -0.7073875189508576 -0.03475929402911086 0.02916812212754558 0.7053679253855394
0.024678138000000002 -0.7074025271157894 -0.034959984624931335 0.029573909595443423 0.7053260579168045
0.024841357 -0.7073778362842964 -0.03511779366486646 0.029913451424763447 0.7053286629123452
0.024998217000000003 -0.7075204819861814 -0.035648594940891835 0.029809199459666907 0.7051633547458027
0.025152347000000002 -0.7077162868627794 -0.035969188199287815 0.029563272106038718 0.7049609122155838
0.025311473 -0.7076359521446837 -0.036063621888163186 0.02982645319994897 0.7050256428656372
0.025466062 -0.7075512654647479 -0.03603965846725477 0.029932782536560936 0.7051073523134019
0.025610839000000003 -0.7073186892781173 -0.03601868524587623 0.03018276350569124 0.7053310760899477
0.02575681 -0.7072250969188059 -0.03603261720437455 0.030568030674797225 0.7054076185343142
0.025939543000000002 -0.7070950814587234 -0.03653980612452059 0.030863464678164233 0.7054989970888144
0.026114605000000003 -0.707259174022151 -0.03664025269945124 0.031123795720575102 0.7053178446513093
0.026272861 -0.706957655845795 -0.03696335200016366 0.031720343420438994 0.7055766459168127
0.026434337000000002 -0.7071095237791657 -0.03711543548424464 0.031569596067890414 0.7054232250455934
0.026564745 -0.707006173089 -0.0374658286363074 0.03172040291565759 0.7055015229873778
0.026715333 -0.7068212690377499 -0.037810985234256564 0.03215268698670013 0.7056487991565028
0.026897746 -0.7067389163380841 -0.03821156531819756 0.032699200827888845 0.705684591495677
0.027078968000000002 -0.7067415108573122 -0.03830427784191281 0.03268808800291612 0.7056774815968313
0.027234919000000003 -0.706604563990701 -0.03838289658461525 0.032844333733696426 0.7058030838264133
0.027380643000000003 -0.7066759459984189 -0.03857498851663713 0.03285956308710555 0.7057204309936796
0.027510992 -0.7067389648926424 -0.03860357086272817 0.032884040475526795 0.7056546178557367
0.027665715 -0.7065254321089363 -0.03905395145698921 0.03357275775271557 0.7058112159747484
0.027822051 -0.7063538625831243 -0.03930350507124252 0.03382564848479691 0.7059569964293844
0.027999605 -0.7065984469030845 -0.03944291232087444 0.03365622502275095 0.7057125123015844
0.028165612000000003 -0.7067455775963692 -0.03953089893127707 0.03377295444007808 0.7055546641657522
0.028308157 -0.7064235531205542 -0.03982173564080511 0.034265418258359104 0.7058370024861721
0.028444601000000003 -0.7067801418630008 -0.03980527333975446 0.034036701679931704 0.7054919377435965
0.028587088 -0.7068674908853733 -0.03990189821592115 0.034036764471959066 0.7053989562740102
0.028727548000000002 -0.7068305172525916 -0.04013588248287281 0.03437437415435679 0.7054063603478853
0.028898661000000003 -0.7065946456208664 -0.04063461479368328 0.034866073693432906 0.7055899600799991
0.029081631 -0.7066183878765417 -0.04101837732422903 0.034963981339954105 0.7055391319021951
0.029246766 -0.7067472784754295 -0.041231941735769724 0.034824247040655856 0.7054044819579205
0.029408052 -0.7070139883195048 -0.041248341694185106 0.03472756990652203 0.7051409720874359
0.029553313 -0.707178750153545 -0.04165931308683418 0.034983843974770404 0.7049388963769495
0.029700007 -0.7066368672572738 -0.04213991308437146 0.03592833069315213 0.7054060678869091
0.029855498 -0.7067118529036543 -0.042177039132104556 0.03593885775085094 0.7053281880366729
0.030011006000000003 -0.7069127685851098 -0.04167535371188226 0.03583215054425874 0.7051620802990597
0.030176635 -0.7071247890102993 -0.04166389435100016 0.03596121452591749 0.7049435748515402
0.030334225000000003 -0.7067487160610215 -0.04221236657517652 0.036926185439139426 0.7052381337414577
0.030481386000000003 -0.7065003507461443 -0.04259100984780131 0.037500249601490725 0.7054339030380841
0.030621836000000003 -0.7065784564815922 -0.042313946363023026 0.037712755788497476 0.7053610159557405
0.030784713000000002 -0.7065132579554999 -0.042869365116359415 0.03779252977287884 0.7053885160399134
0.030954541000000002 -0.7065404235909956 -0.04341422652261534 0.037693787446429754 0.7053332638939145
0.03112213 -0.7069376108321642 -0.04407663889728996 0.03730261972961972 0.7049148734817107
0.031274397 -0.7070872352348199 -0.04464582628268439 0.03743123259695452 0.7047221401302693
0.031427898 -0.7069593459351983 -0.04485703323236101 0.03779235459906364 0.7048177549539494
0.031573757 -0.707114611940277 -0.04523092337934139 0.03796590347460995 0.704628752836669
0.031715318 -0.7070444048840396 -0.04527473849054146 0.03819455156697431 0.704684031185172
0.031892311 -0.7067539017425122 -0.045356309566749 0.03856761830351131 0.7049498325218716
0.032054867 -0.7067803027683243 -0.045642287109254276 0.038729141453313666 0.7048960482570752
0.032215607 -0.7069129525472082 -0.04559076855278343 0.03894170900387056 0.7047546400298563
0.032387286 -0.7067992184036145 -0.04596554022688381 0.039278927910261635 0.7048256520572376
0.032526643 -0.7065780071734139 -0.046191560534823255 0.03943766302272648 0.7050237799177487
0.032681417000000004 -0.7066600746726879 -0.04650363636841479 0.03930158230528157 0.7049286036872145
0.032840965 -0.7068603272410257 -0.046978068392157145 0.03926131497231697 0.7046985795426978
0.033017888 -0.7068076199019216 -0.04706320624901488 0.03972935585909475 0.7047195338211962
0.033173541 -0.7069646860941506 -0.04704852429606247 0.0396945934108962 0.7045649070393053
0.03333398 -0.7070071739505971 -0.04692419833206922 0.039630174235400065 0.7045341900031211
0.033483428 -0.7067363449442857 -0.047649879431539956 0.04021741443062222 0.7047239085638192
0.033630006000000004 -0.7067640052146569 -0.048439643531634574 0.040426580551286555 0.7046303523496518
0.033771858 -0.7069292974056838 -0.04807525651465386 0.04054782142791029 0.7044825138766798
0.033946741 -0.7069347370724989 -0.047816276420939295 0.04086684778338479 0.7044762465702604
0.034106865 -0.7069034040801347 -0.047928684750878935 0.04085408654553464 0.7045007892759937
0.034267338 -0.7072003248956344 -0.04823857480257254 0.04074774488826477 0.7041877318265677
0.034425679 -0.7071940814679789 -0.04805665405722861 0.041006001106368255 0.704191449117887
0.034577372 -0.7073732268565763 -0.048377234769077536 0.04071651458580636 0.7040063398312515
0.034726316 -0.7072685205016748 -0.0494203919068868 0.041002993178402135 0.704022456546347
0.034900279 -0.70733485427272 -0.050088532768065054 0.04091863822627815 0.703913494587111
0.035064421000000005 -0.7074604156578831 -0.050392671993133915 0.04098847906805044 0.7037615245736691
0.035227309000000005 -0.7077535564295366 -0.050148719392121656 0.040961686290449044 0.7034857138285862
0.035375128 -0.7077036222633422 -0.04983582507207043 0.04130767055070542 0.7035379520170923
0.035528497 -0.7077820576257177 -0.05016760610050163 0.041162494619695185 0.7034439702193298
0.03567853 -0.7076682688969472 -0.05050290468316465 0.041272187966631686 0.7035280266737125
0.035839259000000005 -0.7077891818175054 -0.050376067934073475 0.041325056535235605 0.703412372356335
0.036006296 -0.70769714792535 -0.05130712364822655 0.041280525918100885 0.7034402917527511
0.03618345 -0.7078057789223982 -0.051723339113454926 0.04126280911260105 0.703301539952209
0.036328522 -0.7077481349824906 -0.051843869659926635 0.04165926215575234 0.7033273039518151
0.036478764000000004 -0.7081291795989549 -0.051803584005423044 0.04145153374258478 0.7029589063630186
0.03664042 -0.7082387829479044 -0.051498619967513204 0.04170566726351177 0.7028558570489526
0.036791225000000004 -0.7082725074582534 -0.05119630971038589 0.04148848690614038 0.7028568122349496
0.036959918 -0.7082159746332229 -0.05190930676949762 0.041714857868792206 0.702848083000879
0.03712987 -0.7083011414217077 -0.0519264345554985 0.042064028992152495 0.7027401766798356
0.037292625 -0.7081747508012088 -0.052618133393510055 0.04263801549789603 0.7027815122783392
0.037446323000000004 -0.7079591760001975 -0.053432824136365735 0.04329791624433596 0.7028968835261908
0.037594583 -0.7081652234808771 -0.05326349280625335 0.04314486234182478 0.7027115606277319
0.03774901 -0.7080202770289635 -0.05426412793191368 0.043586606409770155 0.7027537971987758
0.037915765000000004 -0.7077729785799638 -0.05459480167375314 0.04397251930092575 0.70295322459505
0.038086025 -0.7077833385412987 -0.05493945658975182 0.04378479929899904 0.702927658541974
0.038232765 -0.7078472301105807 -0.05592393724487575 0.04387175788722197 0.7027802508093793
0.038387719 -0.707808099021187 -0.056276183463111834 0.04415395402490387 0.7027738715111752
0.038540181 -0.7076842523511763 -0.0565829672607641 0.044393302684935354 0.7028588773479689
0.038691764000000003 -0.707554829728177 -0.05685697502572995 0.044504552761135935 0.7029600216959604
0.038863203000000006 -0.7075077419806607 -0.05728645101837185 0.04496383707364752 0.7029433198507262
0.039041192 -0.7075733097678415 -0.05722860245931378 0.04530765405725895 0.7028599539371719
0.039202092 -0.707667553422629 -0.057400688717532525 0.04516388183493367 0.7027602852646008
0.039350485000000004 -0.7075674061893202 -0.057837750989908794 0.045493056768609465 0.702804056650781
0.039515488 -0.7073899779878802 -0.058178612320496335 0.04562102402821629 0.7029462214688861
0.039660581 -0.7071482888405576 -0.05841237723371046 0.04643742272299617 0.7031165319821623
0.039829627 -0.7070992908751352 -0.05884305763873602 0.04640891867716949 0.7031317797389196
0.040004513000000005 -0.7071065388582447 -0.05860233935622024 0.04689675059396228 0.703112226681928
0.040179123000000004 -0.7070985858134099 -0.05891073252823904 0.0468504023085657 0.7030975432592457
0.040335879000000005 -0.7070743725723438 -0.058799962139517326 0.04720715863761641 0.7031073035299662
0.040489265 -0.7072138522139375 -0.059090947894096045 0.0474627166314006 0.7029253997713177
0.040627125 -0.7073314263875264 -0.05921289002050381 0.04777552200732535 0.7027756301956791
0.040772806 -0.7071415064374561 -0.05933019102854144 0.04781479460276154 0.7029541690060432
0.040950864000000003 -0.7068776214420505 -0.059866428768528296 0.04855990431298413 0.7031230153422976
0.041116061 -0.7072081224609108 -0.06033273730859203 0.04866753074683711 0.7027432701813447
0.041274623 -0.7071120954071429 -0.0601288477886496 0.04890532477758054 0.7028408606512057
0.04142796 -0.707101657062216 -0.06016286618077009 0.048872832622756705 0.7028507112781563
0.04157269 -0.7073212838485622 -0.06083968103598922 0.04920386344678802 0.7025483004378915
0.041719729000000004 -0.7070638926717374 -0.06099168460537116 0.0499040442533793 0.7027447989533929
0.04189918 -0.7072771957517311 -0.06113993392769315 0.04977027533050228 0.7025267230094596
0.042079281 -0.7074147771955381 -0.06179932776127796 0.04988967222416419 0.702322003570304
0.042244891 -0.7072518956617512 -0.06252685616463043 0.04996306055289142 0.7024164298485724
0.042410552000000004 -0.7073221494933979 -0.06273178064324712 0.050135692761114875 0.7023151093666782
0.042563209000000005 -0.7072444448579844 -0.06306493304943556 0.050203631039849116 0.702358672522384
0.042698230000000004 -0.7073319923678656 -0.0635485949388515 0.05040376135487043 0.7022125671728497
0.042883684000000005 -0.7072137586871065 -0.06377313233554673 0.05077924016199526 0.7022842415178754
0.043059449 -0.7070028440093613 -0.06403451620327048 0.05116173504614381 0.7024450413835627
0.043230912 -0.7068916368284085 -0.06423478260356971 0.051059004896294904 0.7025461440396102
0.043380943000000005 -0.707277631748017 -0.0640239384747678 0.05090981672102952 0.7021876369550563
0.043525374000000006 -0.7072672654930175 -0.06440077345392795 0.051054257190896644 0.7021531302808883
0.043680133 -0.7073376303724652 -0.0645885641749492 0.05132927123973506 0.702044941546395
0.043842178 -0.7073672157796833 -0.06468499872783273 0.05116337122083037 0.7020183633103894
0.044019796 -0.7075160509359144 -0.06467638067634769 0.05129000159095054 0.7018599142189675
0.044192737 -0.7074478389270131 -0.06523502014636075 0.051528587692583144 0.7018594959067019
0.044374355000000004 -0.7074209519451374 -0.06572104947699682 0.051759715019377914 0.7018242460230266
0.044522572 -0.7073211922621849 -0.06613776431446834 0.051885016837399184 0.7018763937731963
0.044681194 -0.707431834499869 -0.06629159310674555 0.05191677621065437 0.7017480121577913
0.044854002000000004 -0.7073094474271006 -0.06682401136038192 0.05173176838312835 0.7018345397784513
0.045025132 -0.7071611816179558 -0.06689680528698756 0.052013715707201834 0.7019561624727152
0.045188574 -0.7070297068718682 -0.06677368292365182 0.052531962370509465 0.7020617222146458
0.045339895000000005 -0.7068795419628985 -0.06672524153814127 0.05292154786492433 0.7021882689618071
0.045485564000000006 -0.7071988775928908 -0.06718739200015286 0.05289477009596831 0.7018245829151804
0.045619081000000006 -0.7071614081345691 -0.0672008603319191 0.05317276024191658 0.7018400421634821
0.045783135 -0.7071662161276326 -0.06735302546029838 0.05336779416043644 0.701805807382298
0.045972095000000004 -0.7074045394359718 -0.06755306244337778 0.05344120103330887 0.7015407610196419
0.046159468 -0.7071530104699568 -0.06771411294380102 0.05392026488865667 0.7017421347801822
0.046328474 -0.7069112717353461 -0.06793871015864074 0.05442555837355092 0.7019249562105783
0.046466943000000004 -0.7070131068889715 -0.06825816452425244 0.054519704841131826 0.7017840775103258
0.04661523 -0.7071063896874166 -0.06861093458544723 0.0549124119062429 0.7016250568053974
0.046793737 -0.7069499968286949 -0.06868407284585401 0.05500692308220378 0.7017680803044845
0.046975222000000004 -0.7068905642624375 -0.06887530667142305 0.055035616359202524 0.7018069558073731
0.047148772000000005 -0.7070004527166047 -0.06876128455706688 0.05489111528377115 0.7017187549634689
0.04731283 -0.7067438619588514 -0.06939330476807873 0.055079212038549305 0.7019002516298625
0.047469041000000003 -0.7067111987135479 -0.0695763819179296 0.05551248559659291 0.70188088208396
0.047610673000000006 -0.7065674268220482 -0.0699054081470125 0.055867163360484945 0.7019647892337059
0.047758046000000005 -0.7065628304893127 -0.0700765872653672 0.055492198387829254 0.701982089804473
0.047937067 -0.7067443745680339 -0.0704062548866601 0.05523239979270814 0.7017868125737408
0.048129092000000005 -0.7065256642345044 -0.07068188564211718 0.05576552475796077 0.7019371503692731
0.048292408 -0.7066676015787786 -0.07109561453220196 0.055751129366066556 0.7017536077909343
0.048458783000000005 -0.7069547249865799 -0.07166284171377266 0.05562130048913975 0.7014169408194757
0.048608877 -0.7071560510599623 -0.07194824962068239 0.055404971026934105 0.7012018668053472
0.048754006 -0.7068606429117765 -0.07223210144184593 0.055686304611844324 0.7014482094227064
0.048942557000000005 -0.7070620337572076 -0.07217193071307483 0.05596928600927646 0.7012288726656083
0.049124433 -0.7071354802952883 -0.07242419851565188 0.0559848298491614 0.7011275538756677
0.049280153 -0.7071049298652096 -0.07273219733433349 0.05634587145671305 0.7010975598310264
0.049444468000000005 -0.7068859820177231 -0.07288719253139052 0.05670234978681069 0.7012734909579749
0.049608305000000005 -0.7070568258906437 -0.0733662609177761 0.05679407658935618 0.7010438428406276
0.049773119000000005 -0.7068153446388246 -0.07339932168811054 0.05720299068034245 0.7012506156974474
0.049958299000000005 -0.7070330674252622 -0.07372696279359554 0.05734207659129875 0.7009853513281525
0.050125417000000005 -0.7069472617417261 -0.0743050247089912 0.05743173623430175 0.7010035150353988
0.050299566000000004 -0.7071077567140155 -0.07461799136680197 0.05714457529848711 0.7008318437922263
0.050458515 -0.707113399707858 -0.07470571230741221 0.057520909161903305 0.7007860169205894
0.050610805 -0.707311195704616 -0.07453914306032472 0.05745288098857706 0.7006097023656258
0.050775282000000005 -0.7070529080163354 -0.0748307639061977 0.05778100684552401 0.7008123124537519
0.050953737000000006 -0.707422405525516 -0.0749122339386536 0.05767064402187941 0.7004397148826685
0.051138732000000006 -0.7075974778268108 -0.07501904892194378 0.05737145097467546 0.7002759943658236
0.051313548 -0.7078030045914802 -0.07535016421770992 0.057263617134641676 0.7000415256227978
0.051463486 -0.7078186163746326 -0.0755619632092158 0.05761186260710885 0.6999743347555031
0.051632483 -0.7079112963570049 -0.07553717722875557 0.05779913668792731 0.6998678383413446
0.051797302 -0.7077440448675714 -0.07575385206353573 0.058523956139979266 0.6999533323084837
0.051982234 -0.7077350641507166 -0.07582705075146126 0.05892560649714207 0.6999207885502903
0.052152176 -0.7079907872540655 -0.07609412651711178 0.058943373438725834 0.6996316229278298
0.052320507 -0.7078660845362805 -0.07632797076851557 0.05899628072975826 0.6997278657461707
0.052480154 -0.7083846806062695 -0.07635824347502176 0.05845827046279703 0.699244730799068
0.052632899000000004 -0.7085075457902413 -0.07654858065364249 0.058503952026231675 0.6990956014419729
0.052785582000000004 -0.708571891930321 -0.07663863602856007 0.05889778084860989 0.6989874425517789
0.052946847000000005 -0.7087242886127335 -0.07687013575633438 0.05858583425603265 0.6988337176923435
0.053134193 -0.709014705468139 -0.07695672579360383 0.05843098382336498 0.6985425040142436
0.053298990000000004 -0.7087202138183304 -0.07726388756847509 0.05898607913691936 0.6987607549592056
0.053477345 -0.7087090620690165 -0.07753421047303387 0.059368830481179184 0.698709706183387
0.053646302 -0.7088617297539493 -0.07767567322490242 0.059013810205362664 0.6985691863261237
0.053815076 -0.7088906646455704 -0.0777547633665191 0.05898567651041479 0.6985334010044092
0.053987378 -0.708735926325626 -0.07818688880116176 0.0594399571259656 0.6986036706544095
0.05415198500000001 -0.7088791659291466 -0.07837395608988751 0.05923773568329507 0.6984545380978878
0.054314743000000006 -0.7089295927043983 -0.07860355653222431 0.05946412047879256 0.6983583119460561
0.054485413 -0.7091587969877089 -0.07880759514020547 0.05942003825005994 0.6981063118591067
0.054641775000000004 -0.7090009724933539 -0.078825078600584 0.05994921414828523 0.6982193922472314
0.054798947 -0.7089423852380013 -0.07911128664932147 0.060215671262759056 0.6982235828673488
0.054981307 -0.7089514526322677 -0.07952588358520916 0.06043612052333124 0.6981482270884017
0.055174895 -0.7090249282690094 -0.07978847070262321 0.060587571831166136 0.6980305130692109
0.055337908000000005 -0.70911212595271 -0.07999822379852985 0.06075211386131178 0.6979036163234078
0.055489781 -0.7090447120479692 -0.08020565052667505 0.06077150753060105 0.6979466124374152
0.055650716 -0.7089689850337303 -0.08045141368741947 0.060958648651789404 0.6979789333858764
0.055826484 -0.709001517398622 -0.08058376232229761 0.06107758262977459 0.6979202207104603
0.056000397 -0.7091081773574168 -0.08078922507369272 0.06139881624198392 0.6977599008834755
0.05616846700000001 -0.7090937838301185 -0.08119139501655682 0.06145318033688236 0.6977230609168893
0.056339903000000004 -0.7088433071997795 -0.08149014589537697 0.06185815959146354 0.6979069350937744
0.056515304 -0.7090216810520683 -0.08143279207174382 0.06191905213801482 0.6977270147814465
0.056677347 -0.709204679946645 -0.08170134183655202 0.06178255047190865 0.6975217051397539
0.056869457000000005 -0.7090126274636668 -0.08190900428483439 0.061847017909028364 0.6976868606258075
0.057037109 -0.70908534093917 -0.08234352095926516 0.06217464339001083 0.6975326784750211
0.057211044 -0.70896331113842 -0.08257345640435299 0.0625876737360956 0.6975925966159549
0.057350120000000004 -0.7091300094077185 -0.08265239383406642 0.0627706250925162 0.6973973474113608
0.057508036000000005 -0.7089715232911299 -0.0829003611167902 0.06256310760262426 0.6975476807043824
0.057670391 -0.7090104651484589 -0.08293686950204536 0.0624689800226393 0.6975121952497302
0.05783908200000001 -0.7089916163131523 -0.08330010583430131 0.06272227586622912 0.6974653371141957
0.058023332000000004 -0.7090385532039354 -0.08338045492238019 0.06292018819597547 0.6973901918759613
0.058187967 -0.7093293168807775 -0.08368890608987989 0.06298922453069922 0.6970512497685877
0.058356519 -0.7089169844876437 -0.08380023750387361 0.06311970162432515 0.6974454333968331
0.058520999000000004 -0.7092172388786062 -0.08406307933495648 0.06327604894253518 0.6970942894618725
0.058691035 -0.7091792283769399 -0.0844698834055013 0.06353094022503805 0.6970606002854213
0.058868584 -0.7093271593271726 -0.08497347994760873 0.06362658907357896 0.6968401150258926
0.059048179000000006 -0.7093682235245259 -0.0848685072515846 0.06353977610474319 0.696819027282626
0.059230409000000005 -0.7093836623916637 -0.08493653985057323 0.06375274868913805 0.696775566997424
0.05938954900000001 -0.7097727502956447 -0.08538822687107307 0.06413029750463958 0.6962893066761382
0.059566585000000005 -0.7097098024761344 -0.08543811310359405 0.06445586112121368 0.6963172890756819
0.059721654000000006 -0.7097615516668161 -0.08583134467424722 0.06457619223448983 0.6962050240004151
0.059897818000000005 -0.7098576844154831 -0.0861080311600886 0.06483933023264539 0.6960483719548548
0.060070069000000004 -0.709937514624001 -0.08602560238533871 0.06515054608393794 0.6959480780982881
0.060235697000000005 -0.7098587614737629 -0.08647662974510625 0.06544230873832751 0.6959451382787734
0.060400655000000004 -0.709883615993545 -0.08651636887763153 0.06565020419503177 0.69589526535917
0.060562743 -0.7097927191107796 -0.08694281955231029 0.06599326396856846 0.6959023862126035
0.060707356000000004 -0.7101356156417181 -0.08669045117715891 0.06559307590489467 0.6956218235975591
0.060896585 -0.7102048579694545 -0.08670175498380443 0.06590302671910377 0.695520421316712
0.061090636000000004 -0.7101438751981858 -0.0868986467052525 0.06630184339547227 0.6955202134242123
0.061266204000000005 -0.7105122417533917 -0.08710835548061353 0.06598286229844197 0.6951480062597736
0.061445002000000006 -0.7104549548851762 -0.08716023208229624 0.0663154737634445 0.69516840331102
0.06161838 -0.7103585951175384 -0.08757119903716314 0.06658472086646329 0.695189489555881
0.061771857000000006 -0.7103244834757749 -0.08829631697553697 0.06650714664199514 0.6951400492195581
0.061968955000000006 -0.7105972122643434 -0.08857627255616524 0.06630476709822637 0.6948449638028977
0.062153636000000005 -0.7107346946629669 -0.08876317793524306 0.0662942096495912 0.6946814880303867
0.062331791000000004 -0.7107211206422798 -0.08877699166922581 0.06649223373632754 0.6946746844933233
0.062498183000000006 -0.710636175426812 -0.08915137903673051 0.06670620273273702 0.6946931267168129
0.062672644 -0.7106313232311077 -0.08928151889829507 0.06706449271038688 0.694646879100106
0.062846236 -0.7107304446475393 -0.08950923869604566 0.06729461403484704 0.6944938920977396
0.06301896 -0.7106266469705191 -0.08958605459252349 0.06736852077914925 0.6945830330824474
0.063187907 -0.7105459135204908 -0.08978739961504228 0.06763867992378808 0.6946133720479816
0.06337408500000001 -0.7106935377065259 -0.0897751513803843 0.06761858069793407 0.6944658704365604
0.06354148600000001 -0.7107484758516822 -0.09013048778521812 0.06797958164230415 0.6943283630429101
0.06370031500000001 -0.7108418685098878 -0.09043998244504049 0.06798049538946951 0.694192408338866
0.063869707 -0.7108934068072674 -0.09065141166253192 0.06804142845847307 0.6941060795979805
0.06405590600000001 -0.710777547072047 -0.09063074841613113 0.06815413744974001 0.6942163636563593
0.064241105 -0.710911383638496 -0.09060343677288825 0.0682265964582354 0.6940757547947242
0.064401336 -0.7108655946084913 -0.09055908252313587 0.0687231774739628 0.6940794506772021
0.06456753400000001 -0.7108650512625677 -0.090596967596713 0.06890192271661169 0.6940573415804359
0.064734374 -0.7108116775410153 -0.09051116427819315 0.0691510824359278 0.6940984195416914
0.064916502 -0.7106716217324152 -0.09072341358547577 0.06986536965536674 0.6941425922780832
0.065094126 -0.710501124786629 -0.09113975557990144 0.07026028972873209 0.6942227224147927
0.06527279200000001 -0.7104244203149909 -0.09162720827694817 0.07059295124258932 0.6942033080865748
0.065438232 -0.7105203685187415 -0.09182460884956287 0.07039596593851763 0.6940990239938393
0.065606565 -0.7106832217334492 -0.09188891042847279 0.07038269320509175 0.6939251133833044
0.065760438 -0.7107115208318533 -0.09247442430321431 0.07064281035569335 0.6937919056545079
0.065963187 -0.710605576530155 -0.09297570469805944 0.07094072227027849 0.6938030317488654
0.066144282 -0.7106925943197204 -0.09290140877194836 0.07110314065575409 0.6937072206746744
0.066322438 -0.7106001814983398 -0.09329800746616473 0.07111526898517283 0.6937474197245976
0.066503404 -0.7107305741189168 -0.09332315766835454 0.07115283801705856 0.6936065980781333
0.066674042 -0.7105020108391827 -0.09345032539551376 0.0716812367489571 0.6937692192473596
0.06685287200000001 -0.7105986138194661 -0.0935763560596001 0.07158162254608426 0.6936635689858094
0.067029746 -0.7106417841177328 -0.09377506439808057 0.07145680413021893 0.6936053756327135
0.067211912 -0.7105388746625976 -0.09434446454709493 0.07175152032623139 0.6936031638721138
0.067368259 -0.7107614379865917 -0.09449821425550346 0.07161756162118287 0.6933680052044441
0.067532192 -0.7107700034544117 -0.09460252835271975 0.07191369636546038 0.6933143472435469
0.067710175 -0.7108955414486451 -0.09484537023606042 0.07164777708938855 0.6931799773012579
0.067909652 -0.7108708000842324 -0.09548548690627497 0.07165434003197597 0.6931167888115664
0.068085029 -0.7108897061585553 -0.09566237283359662 0.07228907903599834 0.6930070888192823
0.068259631 -0.7108362549870594 -0.09590519759790281 0.07226674096801333 0.6930306846161592
0.068441785 -0.7107797236449902 -0.09578222595979839 0.07273649160537148 0.693056529032286
0.06860153100000001 -0.7109657118094851 -0.0959571914937423 0.07271647660532328 0.6928436245372932
0.068781308 -0.7110201677689992 -0.0961516310116317 0.07273526095955242 0.692758808455507
0.06897101700000001 -0.7110472553330351 -0.09660145058017548 0.07310866005460052 0.6926291101694941
0.069154674 -0.7110120872092823 -0.09675332208373118 0.07341147008064662 0.6926119855797047
0.06934053600000001 -0.7110335353832791 -0.09707205201021944 0.07339822472186032 0.6925467701798634
0.069523209 -0.7110410624688417 -0.09719109823479725 0.07379415647178635 0.6924802671395867
0.069695245 -0.7110730450287681 -0.09729295464110484 0.07420848832019555 0.692388840083339
0.069875583 -0.7111932890886402 -0.09729695101378469 0.07414605918555696 0.6922714574398946
0.070065732 -0.711057571804831 -0.09758016808274146 0.07421669730970351 0.6923634321773519
0.070238991 -0.7112133057473714 -0.09717731476923096 0.07464989911223309 0.692213547819365
0.070427749 -0.7112057791544095 -0.09778531252364343 0.07485294671002941 0.6921137252799203
0.070596042 -0.7111960246593307 -0.09816402030657759 0.07517230151782049 0.6920355227230242
0.070770287 -0.7110640970738252 -0.09819488633738761 0.07552214166177865 0.6921286154094428
0.070954641 -0.7108338408232275 -0.09804641481268003 0.0758876166202441 0.6923461713092504
0.071124221 -0.7110441861212831 -0.09803133563721617 0.07601204297188882 0.6921186256268115
0.07129673 -0.711276264473262 -0.09844984690639369 0.0760464686061203 0.6918169106444344
0.071469742 -0.7110643118781005 -0.0986695695998598 0.07614595129909474 0.6919925248939172
0.07164820200000001 -0.7111030845764216 -0.09850224972802825 0.07629580483019462 0.6919600133459516
0.071841604 -0.7112072365738347 -0.09891597867868106 0.0766740801637521 0.6917521096737556
0.072023584 -0.7111731636775378 -0.09913420617438252 0.07694597973189721 0.6917257091030782
0.072196887 -0.7113450789686346 -0.09916475106790965 0.07683444254074613 0.6915569385178635
0.072380753 -0.7111417017132697 -0.09963164447475112 0.07678853839493036 0.6917040811465426
0.07255602300000001 -0.7110983121646987 -0.09931648850157251 0.07760311762597288 0.6917031022649559
0.072757219 -0.7112800420967548 -0.09924741706779469 0.07770230447726041 0.6915150061995285
0.072959577 -0.7113716368198597 -0.09979882875524049 0.07758162061703466 0.6913549596623657
0.073136693 -0.7113252843891437 -0.10017337542148418 0.07771282785145278 0.6913337479341667
0.073315816 -0.7113119185659091 -0.10053950498279847 0.07807901951927854 0.6912530861810371
0.073486303 -0.7116858794139671 -0.10066974024573794 0.0777296177503731 0.6908884996625763
0.073666148 -0.7116920379761427 -0.10113670236623527 0.07816229581955367 0.6907651308716051
0.07383703 -0.711472492350545 -0.10142269064895788 0.078627549138087 0.6908965472243787
0.074021284 -0.711551273535454 -0.10175342152696258 0.07894277820383866 0.6907308188484791
0.07421673200000001 -0.7115045321347566 -0.10246450657343223 0.07889013013761498 0.6906798628968672
0.074391751 -0.7114328352965176 -0.10262788893620514 0.07939990911188903 0.6906710444976543
0.074573229 -0.7115174616050304 -0.10306292865887834 0.07923397349112174 0.6905381321927112
0.074733321 -0.7115198940373213 -0.10327130463466908 0.0793423763554412 0.6904920458212715
0.074931327 -0.7114471056470689 -0.10343545004673746 0.07992140899266073 0.6904756997350929
0.07512196 -0.7114707944643853 -0.10355410536391552 0.0801584026976885 0.6904060300746595
0.07532303 -0.7112784528010823 -0.1038931410342815 0.08065035936425186 0.690495979250674
0.07550908 -0.711282847023272 -0.10377061999011414 0.08095435361888875 0.6904743026264514
0.075671396 -0.7114126111615128 -0.10392069515247626 0.08076064193978556 0.6903407162502142
0.075845376 -0.7113187783856181 -0.10395044755698864 0.08145247576178341 0.6903516452946067
0.07601780400000001 -0.7115694176292771 -0.10392762896610144 0.08139548213360297 0.690103461316095
0.076198429 -0.7115882997653151 -0.10421452347046836 0.08141453896285673 0.6900384754348106
0.076377339 -0.7115484376646882 -0.10453564187885214 0.08181522432508277 0.6899836153870285
0.076554761 -0.7118801156867006 -0.10462102746632419 0.08175193034215972 0.6896359643950655
0.076722097 -0.7117452106269929 -0.10472765894774928 0.08250836761250216 0.689668936428764
0.076923005 -0.7119425647624786 -0.10496473058617567 0.08224710694321394 0.6894603710235041
0.077104607 -0.7119211921274963 -0.10527195895264235 0.08211583117551127 0.6894512463752559
0.077282218 -0.7118363796807855 -0.10534764292715589 0.08240005070251226 0.6894933461150075
0.077448898 -0.7118269946007856 -0.10550303628722148 0.08281190126925195 0.6894299297970485
0.077614869 -0.7117862859440707 -0.10553829613656604 0.08324708263679918 0.6894141530480783
0.07777834700000001 -0.7121071403694539 -0.10559381872591712 0.08299246481705733 0.6891049389355061
0.07798956900000001 -0.7122776552156507 -0.1056737394755651 0.0831252812679405 0.688900421163953
0.07817378800000001 -0.7126430085944966 -0.10586655617605363 0.08318441879706916 0.6884857057733309
0.078352879 -0.7127185450060083 -0.10583860590232103 0.08293404028776859 0.6884420164884765
0.078530548 -0.7127531782632711 -0.10603906337717618 0.08293701574920243 0.6883749525747683
0.078685902 -0.7126910416367861 -0.1062795504474387 0.0831695802132803 0.6883741404603392
0.07887645600000001 -0.7127425317587881 -0.10622090964728674 0.08335395062030412 0.6883075770989049
0.07906305300000001 -0.7128025867580441 -0.10654268218737337 0.0833478296157972 0.6881963880184918
0.079236625 -0.7128167903193563 -0.10647624897816586 0.08369518156258199 0.6881498008613808
0.07939552100000001 -0.7129011280112075 -0.10639666471864334 0.08407027392774495 0.6880290113496752
0.079562165 -0.7129994240282311 -0.10644698873345805 0.08436655486266692 0.6878830891551235
0.07971207100000001 -0.712876048505839 -0.10665894041265404 0.08474444249017646 0.6879316749240297
0.079892187 -0.7129212460077783 -0.1069495688258991 0.08494100058281275 0.6878154644515221
0.080091255 -0.7131054368295219 -0.10698105912687447 0.08510318104308495 0.6875995473592303
0.080264665 -0.7131013165404014 -0.1072416223843379 0.08515269168613035 0.6875571000835708
0.08044378 -0.71288143262108 -0.10751110768916954 0.08541155522958516 0.6877109065449154
0.080599851 -0.7127416568597835 -0.10761826420674873 0.08564867899822734 0.6878095256477312
0.080758095 -0.7128437114482874 -0.10799153001942666 0.08576830887352732 0.687630329236335
0.08095605 -0.7128936666193818 -0.10808314343880353 0.08585621852274825 0.6875531717178942
0.081141506 -0.7127777461136212 -0.10839944622751901 0.08630469531078801 0.6875674107097184
0.081339037 -0.7126860426446688 -0.10833348287155735 0.08630211726908932 0.6876731823062996
0.081504481 -0.7129315602373135 -0.10829647141582867 0.08647439488451172 0.6874028249329716
0.081677804 -0.7127164309900658 -0.10850577258174032 0.0866036413994778 0.6875766107202705
0.081840018 -0.7124822727320947 -0.10898235670662455 0.08715818143944254 0.687673838659978
0.08202345800000001 -0.7125093878915547 -0.1090207724937145 0.0874401817759781 0.6876038524777629
0.082189782 -0.7122084652388394 -0.10928311846986548 0.08812546267100473 0.6877864529697142
0.08236062400000001 -0.712334210165157 -0.10952506602400475 0.08811531070270393 0.6876190260315568
0.082535219 -0.7120823099149923 -0.10953710186033984 0.08918550829928863 0.6877400325206939
0.082705024 -0.7118653054265802 -0.10981095340961845 0.08961941650016794 0.6878645954163966
0.08290407000000001 -0.7120571159677201 -0.10995145307338189 0.08929719315322394 0.6876855043271899
0.083093595 -0.7122366051426182 -0.11011149140600768 0.08911642170065615 0.6874974480960164
0.08325778 -0.7120866523184551 -0.1103364768976114 0.08927298151373544 0.6875963904990835
0.083419592 -0.7118242564132805 -0.11061656151046516 0.08990693728523495 0.6877404648043269
0.083584271 -0.7115851891023978 -0.11055885684427035 0.09065444839220617 0.6878989960816188
0.083738673 -0.7116115887807575 -0.1107190254718248 0.0906436542586742 0.6878473464760407
0.083938913 -0.7115447501709924 -0.1110431650338651 0.09083749606156862 0.687838668084768
0.084127056 -0.711374437790281 -0.11127478048528683 0.09119651985641257 0.6879298854189959
0.08431123500000001 -0.7111289973852382 -0.11135418983411037 0.09164422273245272 0.6881112772829845
0.084493569 -0.7111978331501869 -0.11137857560551633 0.09179893571119568 0.6880155597229309
0.084659173 -0.7114264770767752 -0.11173975713648596 0.09143498646389463 0.6877690292820376
0.08483744 -0.7112685774120497 -0.11178610109988497 0.09208354268993885 0.6878382800868214
0.085025825 -0.7110375348415459 -0.11187839268188272 0.0926728200774795 0.6879829923161356
0.08521698500000001 -0.7115817003070508 -0.11194129075920926 0.09214525469593629 0.687480823913155
0.085400523 -0.7117694062167824 -0.11232954734895115 0.09208232739792152 0.6872315695216363
0.08557605800000001 -0.7120325512047062 -0.11255799022288494 0.09204129302062782 0.6869270305068758
0.085741326 -0.7118402616722361 -0.11263139216012621 0.09245088234095734 0.6870592738016523
0.08593882200000001 -0.7127354226104068 -0.11280992473740709 0.09137554122925358 0.6862453269073442
0.08613037700000001 -0.7126746756049243 -0.11275063093857655 0.09167913334806622 0.686277668646531
0.086304984 -0.7126162620028028 -0.11318282665382488 0.09190755250425206 0.6862366302322273
0.08647466100000001 -0.7128172376207496 -0.1132878620113263 0.09183868425904267 0.6860197534657407
0.086636457 -0.7131382237057932 -0.11327577829652324 0.09153377212285303 0.6857288389021028
0.086810206 -0.71361354153635 -0.11335757311863426 0.09115780489442116 0.6852707702502957
0.08701191400000001 -0.7133854270488582 -0.11354247528637645 0.09172611207717103 0.6854018231252149
0.08720567300000001 -0.7138101928714686 -0.11365476760303081 0.09165081696574433 0.6849508961257084
0.08739081600000001 -0.7138662806427377 -0.11363973681053553 0.09146120877555784 0.6849202806664811
0.087562265 -0.7139335992662842 -0.11376150134648419 0.09147684535248482 0.6848278056668271
0.087714627 -0.7140773618493937 -0.11399177103469564 0.09138867978646885 0.6846513759845014
0.087905776 -0.7142497025721282 -0.11461632600991478 0.09141855073680444 0.6843632871281151
0.088080479 -0.7143570877968611 -0.11504880393810862 0.09157653369942045 0.684157483553603
0.088270398 -0.7145672665274719 -0.11494398711246073 0.09174119007885818 0.6839335168545725
0.088443961 -0.7145080148105336 -0.11501316032692657 0.09180528808220692 0.683975188733676
0.088607208 -0.7145338756371258 -0.11495567227777172 0.09196466113598298 0.6839364261978589
0.08877821600000001 -0.7145044544427844 -0.11524549239148525 0.09214017467848641 0.6838947647665412
0.088970927 -0.7145104229638632 -0.11558386104216489 0.09249854604354317 0.6837830398031373
0.08915982500000001 -0.7144923279203447 -0.11551553396281529 0.09260210947323 0.683799476511471
0.089325477 -0.7145449409603786 -0.11562589741147244 0.09304730809773697 0.6836653988988232
0.08950184600000001 -0.7146566851797053 -0.11563881730317827 0.09314026284898852 0.6835337429103998
0.089655276 -0.7146066616678838 -0.11599455717274786 0.09346882424729518 0.6834809146567375
0.08984525 -0.7146466881005319 -0.11599575626201185 0.09352957718221172 0.6834305479770884
0.090014382 -0.714541146311934 -0.11628238253272508 0.0938408086232052 0.6834495302337144
0.090191082 -0.7143537689286176 -0.11678837130074557 0.09433975942349543 0.6834904380738014
0.09037173000000001 -0.7143992043877353 -0.1169451639861065 0.09450004366137432 0.6833939911489076
0.09055893000000001 -0.7144877844385003 -0.11673991700486724 0.09434879587368569 0.683357375304494
0.090717584 -0.7144237576819422 -0.11668529632563228 0.0942548466804453 0.6834466035896734
0.09090012600000001 -0.7143928183147256 -0.11706303160245383 0.09459921786007736 0.6833667651800527
0.09108761500000001 -0.7144587340420715 -0.11726058287316649 0.09477146495736903 0.6832401060279478
0.091273039 -0.7143565342157678 -0.1175471484172624 0.0949836784354421 0.6832682568018804
0.091447573 -0.7142082094766824 -0.11795234054552474 0.09513963925480064 0.6833317846539935
0.09160655300000001 -0.7141638489239588 -0.11835670943629824 0.09550904837722507 0.6832566925392002
0.09178315000000001 -0.7141941135028592 -0.11856036174309575 0.09585744695871672 0.6831409508467264
0.091991316 -0.7141779303496486 -0.11869562463273389 0.09588103421805022 0.6831310707117749
0.09217805600000001 -0.7141126498591994 -0.1189099490178675 0.09603987920594012 0.6831397287069099
0.092348836 -0.7141872164048886 -0.11883534396221417 0.0962216698240107 0.6830491718796675
0.09252188900000001 -0.7143333840179474 -0.11880795248888963 0.09625699699714196 0.6828960956338518
0.092683729 -0.7143498957809649 -0.11871512425962422 0.09633073792117076 0.6828845690168366
0.092857118 -0.7143085407602269 -0.1186019884479819 0.09634003439898484 0.682946172626499
0.09301701000000001 -0.7144668590246624 -0.118345827259694 0.09629946252240383 0.6828307155097443
0.093192324 -0.7146296997654153 -0.11854543643762137 0.0965820473297125 0.6825857307669189
0.093388233 -0.7145824532730612 -0.11861073826502722 0.09664306541201442 0.682615212363634
0.09356707800000001 -0.7144954410327778 -0.11921211999515002 0.0970902845685953 0.6825380662146463
0.093745781 -0.7145479054794773 -0.11969682668104033 0.09745345959533251 0.6823465275578702
0.093944228 -0.714601321110531 -0.11936688875176067 0.097627786708302 0.6823234665459251
0.094114415 -0.7145035451511913 -0.11945236502390022 0.09778817617986402 0.6823879314993735
0.094290365 -0.7144673660403886 -0.11928407027634556 0.09792573140848905 0.6824355241117882
0.094451562 -0.7144989114839642 -0.119567937153929 0.09807793820385673 0.6823309548383879
0.094609249 -0.7144574883281648 -0.11976828899861174 0.09827205339920048 0.6823112617001578
0.094811795 -0.7143155603276123 -0.12018150603161545 0.09823814024686091 0.6823920820779366
0.09499082900000001 -0.714203152521147 -0.12054094553268072 0.09855007271822817 0.6824013632358715
0.09519635400000001 -0.7140619595032988 -0.12080352069303583 0.09878156910420319 0.6824692146784276
0.095385618 -0.714024948696103 -0.1212091167322567 0.09900082018571442 0.6824042498864372
0.09555126200000001 -0.7139425058956987 -0.12169603176176923 0.09950376006342929 0.6823306939175825
0.09571842700000001 -0.7138591704235001 -0.12207209319999203 0.09985999110860908 0.6822986670365366
0.09590879000000001 -0.7137641554900708 -0.12267522863301575 0.100178386222772 0.6822432187652626
0.09610876900000001 -0.7137234680011236 -0.12331528087141361 0.1005217252718761 0.682119883507599
0.096288204 -0.7135737036056273 -0.12343664603431077 0.10098478386467313 0.6821862189799462
0.09646616000000001 -0.7136503162307416 -0.12327725825442376 0.10144923590691297 0.6820659764824366
0.09663199600000001 -0.7137098701408854 -0.1233789508102173 0.10112422104896375 0.6820335385284894
0.096818781 -0.7140368425428805 -0.12260984028041157 0.10060668330043393 0.6819065257299518
0.096993782 -0.7140366990271613 -0.12270870603050121 0.10077234951821275 0.6818644289587893
0.097177593 -0.714112307177973 -0.12294860063715322 0.10091810569492607 0.6817204634461748
0.097357734 -0.714199715501609 -0.1229294515955436 0.10076988281907039 0.681654272358409
0.097515352 -0.7139827779641542 -0.1231976023736724 0.10109444663102533 0.6817850514644157
0.097674703 -0.7140517149359857 -0.1231291285685991 0.101159579427837 0.6817155606152024
0.097878487 -0.7141864188961095 -0.12313992389622773 0.10133154562514682 0.6815469434077176
0.098086406 -0.7142318647162902 -0.12323467231067058 0.1015268263287566 0.6814531256806918
0.09829164100000001 -0.7142010950372758 -0.12404842337080972 0.10181476324244668 0.6812947515522624
0.098465644 -0.7144008151214754 -0.12381457530211977 0.10196641900942334 0.6811051869505352
0.098629406 -0.7142787514993229 -0.12414836339227263 0.10212375569325562 0.6811488732624424
0.098806609 -0.7142332980393877 -0.12429352184058888 0.10237025034346049 0.6811330620700049
0.09898768200000001 -0.7140901753272785 -0.12464344742070065 0.10258474150062497 0.6811869077774406
0.099199537 -0.7141030781798567 -0.12512764889629885 0.10273247396315503 0.6810623348924455
0.099373025 -0.7141035629734882 -0.12530989681104773 0.10273133924712309 0.6810284891590573
0.099546191 -0.7140576968089987 -0.12555509370049067 0.10286622809159511 0.6810110595224567
0.099709902 -0.7138939659300544 -0.12653633862619512 0.10314552180888402 0.6809588546648835
0.099890379 -0.713873752441881 -0.1266411705883857 0.10345268905898207 0.6809139597724655
0.10009029200000001 -0.7138378811957198 -0.12650216996055638 0.10362092126250047 0.6809518228494498
0.10026604600000001 -0.7137448567268683 -0.12666359842305336 0.10358511991233843 0.6810247684652988
0.1004363 -0.7135552957483629 -0.1274663970034005 0.10395272300668885 0.6810176127854068
0.100618921 -0.7135339209627083 -0.1276842597420654 0.10422762208013525 0.6809571765134915
0.100794985 -0.7137027693483369 -0.12749216708473507 0.10421911465770374 0.6808175089526698
0.10097966300000001 -0.7138432547803084 -0.12801481328195558 0.10429556530121038 0.6805603942660374
0.101165798 -0.7139069218279647 -0.12880463795361544 0.10465675974114236 0.6802890818234885
0.101347634 -0.7138234212542899 -0.12876919438854492 0.10490077940552985 0.6803458270067215
0.10151014400000001 -0.7136700040779619 -0.12940288423667626 0.10516665180171532 0.6803454961851441
0.10168594900000001 -0.7137185432706583 -0.12948813182369487 0.10553623243007151 0.6802211172500355
0.101875879 -0.7136999594438389 -0.12974393956171826 0.10550793373002235 0.6801962613517447
0.10207648400000001 -0.7136874729424643 -0.12978391918842433 0.1058278248465355 0.6801520394539333
0.102248613 -0.7135958826197374 -0.13038684934958303 0.10631635305753867 0.6800566291842126
0.10242150000000001 -0.7135854726520771 -0.13073956384232122 0.10637138343901807 0.67999122674598
0.10258557300000001 -0.7134934615632187 -0.13080271521476716 0.10656999198894203 0.6800445329582901
0.10275158200000001 -0.7135998201472722 -0.13103083370730245 0.10661342440350838 0.6798821920308762
0.10298046300000001 -0.7136331703503247 -0.130874907444828 0.10695397688273128 0.6798237298050297
0.103175784 -0.7137137763180764 -0.13058180927942664 0.1068491672923384 0.6798119534312689
0.10333982000000001 -0.7136942141902751 -0.13102941504450227 0.10707607456113505 0.6797106555594088
0.10352514900000001 -0.7135866095605324 -0.1312011536251732 0.10717276646898097 0.6797752614436002
0.10368598300000001 -0.7133449759253957 -0.13111878676560654 0.10786217821121649 0.6799357025415311
0.103871351 -0.7131097828215532 -0.13199568564718764 0.10806243670741122 0.6799809456062608
0.104071935 -0.7131614380317246 -0.13250973375082817 0.10818399598938937 0.6798074409548464
0.104266152 -0.7133357438570428 -0.13298119607645384 0.10821161823971615 0.6795280448251853
0.104425321 -0.7131824680023868 -0.13321894423354144 0.10856046439553779 0.6795867169107648
0.104606798 -0.7132132110007863 -0.13351391691998507 0.10856502907582465 0.67949583082194
0.104780993 -0.7128661688817173 -0.13389714124398489 0.10877496221867985 0.6797509753026604
0.104975915 -0.713167053082517 -0.1335151808853437 0.10877391462315289 0.6795106227045381
0.10515896400000001 -0.7131640767019306 -0.13379669671905184 0.10895662624424876 0.6794290965556492
0.10535208800000001 -0.7131818592471635 -0.13401612434592222 0.10936740063265722 0.6793011745425698
0.10551913 -0.713146165063252 -0.13404690549742393 0.10946804112233675 0.6793163639682042
0.105667227 -0.7130620595584917 -0.134461307381386 0.10983641303239322 0.6792632909319255
0.10584370500000001 -0.7128391208110185 -0.13500403372296188 0.11030230034778789 0.6793141403341253
0.10603873500000001 -0.7125526300088154 -0.13543647604546327 0.11068682206256021 0.679466068207677
0.10623515400000001 -0.7127342976286827 -0.135203460725696 0.11065038998956464 0.679327856330581
0.106424402 -0.7127307853599493 -0.13443245304018697 0.11102851868944813 0.6794228515493251
0.106604324 -0.7128212497019193 -0.1342596985283488 0.11119714324417068 0.6793345233821168
0.106782494 -0.7127073851152668 -0.1347505209735195 0.11154747559204617 0.6792993750833038
0.106973828 -0.7129299757769321 -0.13500634943767414 0.11148535153936849 0.6790251480191
0.107168073 -0.7132134628793937 -0.1345659515368936 0.11125554505145321 0.6788525353490695
0.107352688 -0.7130808416330893 -0.13506899398325475 0.11152865267592423 0.6788471402256117
0.107520082 -0.7131901660371999 -0.13397443563016148 0.11175956548810502 0.678911214509911
0.107696251 -0.7133646529054699 -0.13387028974401152 0.1116513655751104 0.6787662263799866
0.10788583700000001 -0.7131092501172304 -0.13447737684283517 0.11201271784785931 0.6788550534208675
0.108077686 -0.7130902355026002 -0.13505302235805897 0.11233043374958893 0.678708236900386
0.108265989 -0.7129225131323825 -0.13560773842890525 0.11254411521322136 0.6787384280251707
0.108448788 -0.712839518588118 -0.13641308574075028 0.11277756581704336 0.6786254573961479
0.108629394 -0.7131217744185805 -0.13638078483444935 0.11267365838929103 0.6783526096973533
0.10879334500000001 -0.7131199948680393 -0.1364382926331312 0.11288977429146102 0.6783069836609292
0.109001596 -0.7129348538329146 -0.13660073251363947 0.11308455089902433 0.6784364512722953
0.10917781500000001 -0.7127281425226983 -0.1370644702224392 0.11359218405689445 0.6784753065366288
0.109342087 -0.7126376346764125 -0.13788660545226425 0.11393761868603255 0.678345859225084
0.10952105100000001 -0.712524410032928 -0.13887074297054905 0.1145367148965313 0.6781631240304562
0.109697476 -0.7121358393489967 -0.13941522888014166 0.11504237773445769 0.6783739319845667
0.109893955 -0.7122630506378332 -0.13940203994535644 0.11505886900100051 0.678240277939443
0.11007536000000001 -0.712242910955263 -0.13963249155377808 0.11529535586259254 0.6781738597240217
0.11026783300000001 -0.7122258584773056 -0.13969564104207557 0.11537382067254262 0.6781654192699084
0.110454668 -0.7119823517436185 -0.1393702458092274 0.11565442182740429 0.6784402111464741
0.11063924600000001 -0.711951205551275 -0.14023124047769456 0.11604592117804845 0.6782285929434948
0.110812639 -0.7121053923488623 -0.14034216295264712 0.11605393861785962 0.6780423812835958
0.11101292900000001 -0.7122376036696871 -0.14039455518762464 0.11642834154257328 0.6778284488557397
0.11121550000000001 -0.7125372013786913 -0.1399949712049964 0.11632928857241422 0.6776131944619822
0.111399733 -0.712335051352386 -0.14101761438511048 0.11669924586965069 0.6775500668300332
0.11158691100000001 -0.7120174626881849 -0.14146781485710494 0.11726952713536568 0.6776915583007396
0.11174732700000001 -0.7119486605057908 -0.14194742529322665 0.11774270170819784 0.6775815002278988
0.11195411300000001 -0.7118814376180518 -0.14193778674881877 0.11776368169487705 0.6776504989604687
0.112157265 -0.7119368042873452 -0.14212794921556401 0.11792341394837974 0.6775246867795012
