0 -0.7067529998956005 0.00035399999994770805 0.0003529999999478558 0.7074602089259648
0.0008119140000000001 -0.8497585442894092 0.004750101628793622 -0.027874380954562558 0.5264138732927641
0.001107436 0.3877526757079543 -0.027044012778720317 -0.0091460337219363 0.9213213692819463
0.001353952 -0.9026459681961457 0.007786487730627667 -0.027156586286266958 0.4294568651865356
0.001538405 0.47779379923559206 -0.02784022808650544 -0.006406768790273403 0.8780075114113342
0.001734436 -0.7969376792567779 0.002132548002707307 -0.02821626813556367 0.6033988186827796
0.0019133770000000002 -0.4209170322173587 -0.01137746258523548 -0.026015335601822478 0.9066547558524415
0.00208733 0.34244948526866376 -0.026558578321113795 -0.01044720800128526 0.9391027949963335
0.0022359890000000003 -0.828511354755821 0.003657938956410918 -0.028047382092576047 0.5592579802141873
0.002377506 0.5801923129252787 -0.028433071080510564 -0.0030075485317609617 0.813977651325656
0.0025128050000000003 -0.893132504560071 0.007198316273842212 -0.02732362900020174 0.4489062083866866
0.002667276 -0.14352697101897569 -0.018383929073781655 -0.021710417679475902 0.9892375126858671
0.002811769 -0.7931619281188894 0.0019569110278435486 -0.028230337687581004 0.60835339407195
0.002982081 -0.7778784692855241 0.0012591740552494245 -0.028275349436798197 0.6277772683279829
0.0031317750000000003 -0.03355291256369666 -0.020679285266488993 -0.019566050521359832 0.999031451966776
0.003291618 0.7788839363519067 -0.028243021666136705 0.004805833032964907 0.6265136921658814
0.0034424480000000003 -0.3819496420386409 -0.012477044985950965 -0.025515153858242517 0.9237466721388692
0.0035821100000000003 0.012911485479502823 -0.0215720689869707 -0.018590149589644358 0.9995111195341946
0.0037184590000000003 -0.9689542976832765 0.012894353407457685 -0.02508182904222787 0.24563014984802828
0.003879477 0.16354699793715238 -0.024151580483982613 -0.015140469485548964 0.9861237237781915
0.004030257000000001 -0.8351693005714214 0.003993908190763022 -0.027998834853025942 0.5492657735609974
0.004189202 -0.7230880925737309 -0.001090776210886027 -0.028299806475568397 0.690175247710402
0.004343889 -0.16681919367123968 -0.01786440937432203 -0.02213430774274556 0.9855771916052743
0.004484364 -0.3655569170742794 -0.012927412177460173 -0.025293677119516494 0.9303555099374444
0.0046304530000000005 0.8838069847607538 -0.026856484926452703 0.010100100705861445 0.46697168887512885
0.0047888720000000004 0.8789082578959397 -0.026957532278254284 0.0098199382931646 0.47612775994119777
0.00497091 0.7570608610859413 -0.028383030906883537 0.0038394405790520155 0.6527164431714821
0.005137509 -0.8068234242542527 0.0025989240093824005 -0.02817353682062314 0.5901149721097695
0.005274089 0.6324042305109525 -0.028582412437795524 -0.0011353847285565026 0.7741102735038161
0.005422473000000001 0.9866584728969726 -0.022296204141506744 0.018196984878288296 0.16024275019948503
0.005572906000000001 -0.9379309126660806 0.010211377147648549 -0.02631722822383588 0.3456719408684364
0.0057091730000000005 0.7601241626918473 -0.028365670387229064 0.003973010495093837 0.6491462994915304
0.0058913820000000006 -0.37066376553507463 -0.012787865238830822 -0.02536335995010986 0.9283326890257882
0.006052653000000001 -0.9967787112342318 0.016986735177254717 -0.022452245970444384 0.07515014032563785
0.006193141 0.5155728011487619 -0.028100982471722723 -0.0051908389498757515 0.856369153634555
0.006345535 -0.057528123501813425 -0.020200805201128484 -0.020053438635739693 0.9979380548574621
0.006501304 0.7335877671365716 -0.028493082034052587 0.0028368077716862546 0.6789913359290248
0.006642671 -0.1846674779565615 -0.01745826146381553 -0.022451818967429545 0.9823894972595283
0.006791040000000001 0.4506127523847717 -0.027624828569294674 -0.007256351929218213 0.8922625717672992
0.006950607 -0.7826890114275081 0.0014765766117402757 -0.028263183145735497 0.6217693164681196
0.0071113850000000004 -0.893724418140409 0.007234280448824131 -0.02731380583224515 0.44772629512068224
0.007252740000000001 0.5275265846377495 -0.028173650178483715 -0.0047971648317214 0.849057765612487
0.007396482 0.699101991221653 -0.028588006809046308 0.001424417922969465 0.7144489308462203
0.007538896000000001 -0.896389927521855 0.007397221564892028 -0.027268678320864416 0.44236565924602733
0.007670357000000001 -0.19584295662588494 -0.017200367837902644 -0.022647368285759268 0.9802228703831531
0.007837687000000001 -0.8854517251479813 0.0067388569785676545 -0.02744457665195676 0.4638716467216206
0.008014323 -0.9681052065497308 0.01280873145476957 -0.02512664500658863 0.2489519853916235
0.008162945000000001 0.9389807639939464 -0.02526965706901861 0.01366307477148197 0.3427681810749084
0.00831027 -0.8444240347196127 0.0044702786106521186 -0.027922890489235137 0.5349285402385241
0.008474474000000001 -0.8396237313974538 0.0042217913110014086 -0.02796354746810559 0.5424320437883267
0.008634332 -0.5497071712560544 -0.00742250762586381 -0.02737782687881291 0.8348758026409707
0.008770539 -0.6452208606040879 -0.004108458744137763 -0.028043252680087293 0.7634703915059561
0.00893477 0.9501561047293824 -0.02479573415571541 0.014523253886203026 0.31044994752291993
0.00910297 -0.35043947883109827 -0.013336534884075772 -0.025083802722920455 0.9361545237818638
0.009277073 0.8769288821885755 -0.0269970133579814 0.009707960482057923 0.47976400382049433
0.00944785 -0.4219168524578473 -0.011348698525356044 -0.026027669679507173 0.9061899536192707
0.009610214 -0.027459260751289332 -0.020798964602406766 -0.01944041874672002 0.9992175244439533
0.009769603 -0.8813087123855234 0.006496206868790233 -0.02750513437274511 0.4716960474548987
0.009921175 0.46018329131808544 -0.02770323494080418 -0.006959539497985375 0.8873644627792692
0.01009428 -0.8366171908248411 0.0040676988727933435 -0.027987619313771694 0.5470579683520479
0.010248041000000001 0.9740722193424364 -0.023421885453584184 0.016690678270648494 0.22441089410190904
0.010411100000000001 -0.51217883523191 -0.008629864468544244 -0.027030559598541275 0.8584101504856462
0.010554597 -0.9054243562947405 0.007962620852622062 -0.02710386485558824 0.4235681430605396
0.010711724 -0.9481921142894891 0.011018113936816726 -0.025981438053025756 0.31644518568110874
0.010874328 -0.8784967542703289 0.006333480074630486 -0.027544460856517523 0.476912621136851
0.01104269 0.5670576051933796 -0.028378022091320655 -0.003462640855987475 0.8231820889943668
0.011215826 0.998052670607282 -0.02029319587128684 0.02045415315164482 0.056016454869018975
0.011369738 -0.9577316605231849 0.011830618458626607 -0.025612837721807235 0.28628137911752494
0.011517237000000001 -0.009813470153379314 -0.021141109262939262 -0.01907260760282847 0.9995465048626927
0.011661505 0.3080019368134766 -0.026154267419578853 -0.01140462088649714 0.9509579098653166
0.011833910000000001 -0.7569773041286041 0.00033662259906014493 -0.02830828681994637 0.6528279427860851
0.0120081 0.8966449687331879 -0.02656705914974175 0.010856669719115716 0.4418200136217098
0.012167805 0.8586748684580862 -0.027327500925346096 0.008705814411756344 0.5117180557875902
0.012318448000000001 0.7357500069731965 -0.02848457514058662 0.002927684899073935 0.6766477963921065
0.012488810000000001 -0.9171698509920982 0.008731833820770106 -0.026858753519043342 0.397495706098291
0.012638566 -0.48244819004131606 -0.009553019303760067 -0.026725251596896697 0.8754647150142036
0.012787986000000001 0.8236682906413887 -0.027819839487497056 0.006912424611938944 0.566347392377441
0.012956619 0.564058249603465 -0.02836452299003146 -0.003565719342702204 0.8252401307141712
0.013114013 -0.70338466254876 -0.0018862604066629538 -0.02826374535384008 0.7102450089886108
0.013281586000000001 -0.6837478203873445 -0.002656474684732913 -0.028207376279517773 0.7291683281607202
0.013441452000000001 -0.4805163528968921 -0.009612030909235814 -0.026704531707029307 0.8765264869177803
0.013612141000000001 -0.3947312056948845 -0.012120934909979657 -0.02568335024230326 0.9183576817641179
0.013774621 -0.914186728994597 0.008532481263197904 -0.02692460837798048 0.40430844040078806
0.013984332 0.5662001592464486 -0.028374195527130427 -0.0034921381780274796 0.8237719705895481
0.014146009000000001 -0.1710903870451496 -0.017767855149315486 -0.022210869884588865 0.9848447555941844
0.014298044000000001 -0.385858264099506 -0.01236861136825927 -0.025567010424512204 0.9221208815442162
0.014453051000000001 0.9647096600077942 -0.024037599181396183 0.015771456681778734 0.26174734535408223
0.014593866 0.9625831432891069 -0.024161139373135375 0.015577482294792345 0.2694625369563368
0.014738074 -0.7093804347421591 -0.001646683949462026 -0.02827697148609788 0.7042567115851552
0.014898843 -0.5412286889820536 -0.007699558326223861 -0.02730324985316894 0.8403969764648839
0.015076491000000001 -0.985711158841271 0.014876026307969472 -0.023933940128431263 0.16609291411965818
0.015232200000000001 -0.9269968722887929 0.009410411493738561 -0.026622065773513 0.3740064750359926
0.015373739 -0.7897530745748687 0.0017994771953097107 -0.028242012897010966 0.612772211634103
0.015527601 0.716084093169945 -0.02855057307452969 0.002111474589357066 0.6974269164089897
0.015677059 -0.5832575741075444 -0.006300284316588771 -0.027649482874044385 0.8117922431469449
0.015846579 -0.9705908938088352 0.013062338776297443 -0.024992783799394902 0.23908607404029963
0.016018749000000002 0.8818756810706643 -0.026896923536376183 0.009989102088805242 0.47060968099660827
0.016202093 0.921195716416184 -0.025892662344546694 0.01241330688844677 0.38804102198653956
0.016336692 0.09302378713089686 -0.023004319429472758 -0.016810345203337435 0.9952562951306326
0.016483077000000002 -0.6205186187999665 -0.005002051563283415 -0.027904197774805708 0.7836794610516786
0.016629701 0.5521954861433322 -0.028307846126096384 -0.003970419723228673 0.8332247571693829
0.016773820000000002 0.9794710330528293 -0.02299562526184323 0.01728540872530956 0.19954062581469942
0.016945331 0.4073573218900695 -0.027237085185162338 -0.008567520628759203 0.9128226290176111
0.017112046000000002 -0.9589241683149516 0.0119373543277731 -0.02556209557972336 0.2822632705185864
0.017259267000000002 -0.9454887838484033 0.010799548337283055 -0.026075345743785932 0.3244336696752006
0.017392473000000002 -0.5759219962488096 -0.006549288766581795 -0.027593380972490596 0.8170128679076344
0.017549033000000002 -0.9993738145167222 0.018004772873737068 -0.021632800250821968 0.02875942041355943
0.017692808 -0.6780538639430207 -0.0028758481849648124 -0.028187448126962996 0.7344662554022355
0.017864902000000002 0.6700623477402956 -0.02861375058642531 0.0002843033677724423 0.7417534204302045
0.018051845 0.9242570474917642 -0.025794866222169695 0.012619854604541373 0.38069153874864514
0.018208385 -0.4814338414031094 -0.0095840209221132 -0.02671438706411931 0.8760230008463633
0.018361055 0.8255513890584982 -0.0277974055157314 0.007005217339338646 0.5635992105730689
0.018512973000000002 0.38915896373024544 -0.027058213191661264 -0.009104854282273867 0.9207283277741474
0.018659755 -0.9976943597769006 0.017269320339403385 -0.02223224476718274 0.06245308096510544
0.018822792 -0.995180557872345 0.016559594280673662 -0.022776593397244256 0.09414335964957798
0.018996141 0.8085368113819783 -0.02798559806834811 0.006179974224095039 0.5877477087353921
0.019171068000000003 -0.37221351317651774 -0.012745385798188694 -0.02538438659767902 0.9277125501604454
0.019340124 -0.16208628017495177 -0.017970935315881786 -0.022049046416664202 0.9863666503430119
0.019496746000000002 -0.5056449278680352 -0.0088351965825313 -0.026965681730088842 0.862275072883222
0.019643515 -0.2515060044620351 -0.015873948180316365 -0.023583356324659233 0.9674382719027637
0.019804754 0.5907885585100712 -0.02847255777881159 -0.0026359365086673623 0.8063197423145068
0.019980788000000003 -0.9887219754591445 0.015329854721649081 -0.02363946645647527 0.1471190189393654
0.020147154 -0.9986752036341491 0.017669307136214958 -0.021908821042751495 0.044192334010880074
0.020294878000000002 0.9508015063256812 -0.024765908014697947 0.014575161647687448 0.30846822083163034
0.020434605 0.7813797038527404 -0.028224488185719807 0.004918643626119161 0.6233983498697787
0.020576913000000002 -0.9844502347587953 0.014699102949028826 -0.02404540906040178 0.1734097647713028
0.020722581 0.046406332291802646 -0.022187419431393938 -0.017861021923810196 0.9985165777404652
0.020902142000000002 0.019475931012716618 0.025398058936974575 -0.02259980084393953 0.9992322173541868
0.021065292000000003 -0.44661098487754386 -0.010629199752342744 -0.026324086591925006 0.8942778863239893
0.021227428000000003 -0.9988486342533076 0.017750041211229743 -0.02184259975516385 0.04048354364033304
0.021376911000000002 -0.9018438220367135 0.007736016534316669 -0.027171464174716317 0.4311388054397959
0.021526103 0.5092354813106535 -0.028060499634546 -0.005397767309548076 0.8601528270277295
0.021703738 0.9611880958809603 -0.024239492772029497 0.015452675019734945 0.27439758465744685
0.02187725 0.9608272362031831 -0.024259400281581526 0.01542071788394249 0.2756572352755894
0.022038845 0.9096104496233871 -0.02623329191395648 0.011658412186999846 0.4144703926708241
0.022195476000000002 0.8910640636154141 -0.02669748209261108 0.010523593819418023 0.4529702428321411
0.022344431 -0.9258247990609947 0.009327604999266033 -0.02665198633697876 0.376897664570044
0.02251736 0.9490172335158357 -0.024847630928537114 0.014432324461505145 0.31391242866594454
0.022662632000000002 0.7560009780531046 -0.02838886775312676 0.0037933804119004576 0.6539436964337825
0.022795724 -0.9913391450211583 0.015773288928779626 -0.023339334061995187 0.12828154540662326
0.022969917000000003 0.8664077141872348 -0.02719454820705081 0.009123945002327941 0.49851291909885137
0.023118759000000003 -0.08049005324525518 -0.019731142019714144 -0.020509875926160846 0.9963490610275306
0.023287702 -0.8111100210924617 0.0028041968718335694 -0.028152254558620596 0.5842092981071241
0.023452348 0.8919494449441265 -0.026677290096873647 0.01057598155558368 0.45122475873947643
0.023595925 0.6421722974986602 -0.028597101847417063 -0.0007730942120118366 0.7660266525408129
0.023742033000000003 0.9979784281295774 -0.020322175776816078 0.02042498519218646 0.05744237720704821
0.023926529000000002 0.4530661999998906 -0.027645192712630228 -0.0071805028968865495 0.8910194137967972
0.024072153000000002 0.9975424921773581 -0.020462962434599934 0.02028036693637405 0.06443752744925745
0.024241205000000002 0.1065359400846394 -0.02323244349587266 -0.01649794543426926 0.9939006328990758
0.024389498000000003 0.894649975326791 -0.026614549425732808 0.010736817446625545 0.4458466554821466
0.024540758000000003 0.35461952694803917 -0.026694247147200183 -0.010102448037002762 0.9345751163959237
0.024678138000000002 -0.7001939759877934 -0.002012896683741641 -0.02825593270205899 0.7133908383260773
0.024841357 0.49340644289848146 -0.02795358746573888 -0.0059093571794344825 0.8693297107642345
0.024998217000000003 -0.6843186513814971 -0.0026343905828965504 -0.02820929130480465 0.7286328295661371
0.025152347000000002 0.26365908213529043 -0.025591054871929936 -0.012598217776433426 0.9641942453988432
0.025311473 0.09949841811217157 -0.0231141169420785 -0.01666109460857327 0.9946298069268021
0.025466062 0.1956293410754274 -0.024637516227965808 -0.014348142557864764 0.9802634896981218
0.025610839000000003 -0.6200141898935978 -0.005020012834080046 -0.027901099177196246 0.7840784766101796
0.02575681 -0.9945785106380364 0.016421091454306345 -0.02287856678460451 0.10022528028169729
0.025939543000000002 0.2370487965332326 -0.025230722324232884 -0.013294201941684475 0.9710791428601403
0.026114605000000003 0.9390978922838301 -0.025265096610452068 0.013671721179021766 0.34244854685717396
0.026272861 0.7734171885463185 -0.028281759407553876 0.004560419784585785 0.6332500964250622
0.026434337000000002 -0.9230692792991573 0.009134954233034964 -0.026720499528786128 0.3835978109363087
0.026564745 -0.7858405713185671 0.00162008282711259 -0.028254237816112294 0.6177817605025095
0.026715333 0.8934956798041856 -0.02664157242047998 0.010667884146958979 0.4481550921294894
0.026897746 0.5647445781989653 -0.02836764366194553 -0.00354216116575519 0.8247706961128886
0.027078968000000002 0.017638875486603155 0.025471778102932992 -0.022590813063649184 0.9992647270732011
0.027234919000000003 0.2506330506550697 -0.025416729379976747 -0.012940781925295608 0.9676621137813942
0.027380643000000003 -0.8794547401005713 0.006388735236377233 -0.027531228298350686 0.47514417735788955
0.027510992 -0.9483134207699533 0.01102800793017325 -0.025977146108581758 0.3160825780815831
0.027665715 -0.013212287410748102 -0.021075718099137917 -0.019143916397521787 0.9995073812943392
0.027822051 0.4348227236512669 -0.027489535521551763 -0.007740659918872088 0.9000632899219115
0.027999605 0.9579000576230812 -0.02441637314813459 0.015165589401929408 0.2856634843210827
0.028165612000000003 0.5650726169043268 -0.028369126059247924 -0.0035308929956348995 0.8245458926231398
0.028308157 0.9173001324112501 -0.02601217157565296 0.012154956091971439 0.397161464225054
0.028444601000000003 -0.9914864935835651 0.01579942855481082 -0.023321376162520974 0.1271646506071903
0.028587088 -0.9538953888391156 0.011495495548662454 -0.025768632103619602 0.2988127767638268
0.028727548000000002 -0.46475987979537736 -0.010089046801095045 -0.026531644159345866 0.8849817446638062
0.028898661000000003 0.33351649966940305 -0.026456588207789098 -0.010698080181536196 0.9423122653213389
0.029081631 -0.9197729078578968 0.008908252670109197 -0.02679906335907341 0.3914330038557017
0.029246766 -0.04908785833470124 -0.020370633913692798 -0.01988311407119603 0.9983887141680531
0.029408052 0.618442243695187 -0.028553888792791426 -0.001646386636181266 0.7853095729341368
0.029553313 -0.06208367742138802 -0.020108514285398907 -0.020144800238687793 0.9976650095894033
0.029700007 -0.4610403881800342 -0.010200547585015676 -0.02648983170398526 0.8869250665268078
0.029855498 0.9665494419123329 -0.023926301664076305 0.015943284871193737 0.25486529632668264
0.030011006000000003 0.8076787928201558 -0.027994245624321526 0.0061391237868632246 0.5889258352178347
0.030176635 0.27884788030649565 -0.025789276014937853 -0.012194191062073869 0.9599115087912773
0.030334225000000003 -0.9991002754439332 0.017913413682264748 -0.021704819291443113 0.03288875076925525
0.030481386000000003 -0.05788383658239442 -0.020193614844912555 -0.020060587004399402 0.9979174959767225
0.030621836000000003 0.2920965315149624 -0.02595768845214321 -0.011837695642537718 0.9559632703784554
0.030784713000000002 0.9896590193465339 -0.02193395565159661 0.01864134613461588 0.14054224717418573
0.030954541000000002 0.9839817591492546 -0.022579438055828998 0.01783683328073829 0.1759451982776922
0.03112213 -0.348509581309491 -0.013388339917576368 -0.025056625961371135 0.9368746483360489
0.031274397 0.8690903539197444 -0.027146074887591243 0.00927113518814367 0.4938213913586017
0.031427898 0.2996355378194449 -0.02605163204256933 -0.011633119214021877 0.9536270939972686
0.031573757 -0.020242491027394956 0.027015467069423683 -0.022372046683307275 0.9991796615591197
0.031715318 0.39491671082703456 -0.02711578348236112 -0.008935736041438306 0.9182732776939634
0.031892311 0.6872504404521643 -0.028604123149989343 0.0009540226845864113 0.725856738117411
0.032054867 0.8497815991392179 -0.027468705956752937 0.008235562817552921 0.5263548105503287
0.032215607 0.028413054422292774 -0.02185979894865541 -0.01825537772901139 0.9991905336231571
0.032387286 -0.983396127582942 0.014556323605469245 -0.024133970684876615 0.17928106354655277
0.032526643 -0.968577243820817 0.012856167745288475 -0.025101877985509093 0.2471130981453969
0.032681417000000004 0.9840710587161201 -0.022570526861744003 0.017848360197463126 0.17544656822231133
0.032840965 -0.9480132288466829 0.011003522964293102 -0.025987767766881303 0.31697993567748
0.033017888 0.9873250409628904 -0.02222063230450393 0.018291249287306154 0.15609614233710092
0.033173541 0.2630456075984086 -0.025582931995814125 -0.012614430409283827 0.964361697544411
0.03333398 0.9529188555281978 -0.024665804268203143 0.014747500031318105 0.30186104118934937
0.033483428 -0.9649992697621855 0.012503266752633404 -0.02528359608932412 0.2607325342994182
0.033630006000000004 0.9526445540882756 -0.02467895235551161 0.014725010411810308 0.3027254307734837
0.033771858 -0.9278996221939366 0.0094746121088736 -0.026598639972032604 0.3717594687359795
0.033946741 -0.902739178809972 0.007792387139734147 -0.027154826388025615 0.42925977735205034
0.034106865 -0.5152362787635637 -0.00853329484210506 -0.027060476620684063 0.8565783695763609
0.034267338 -0.3454458732816404 -0.013470384541253001 -0.025013305453604095 0.9380085224610454
0.034425679 -0.24073197610013417 -0.016136201203162576 -0.02340718997924342 0.9701751638002268
0.034577372 0.8072413164021532 -0.02799862866769307 0.006118319175381551 0.5895252976276376
0.034726316 0.9323951512332356 -0.02551665473250608 0.013185491213047648 0.3602977847962149
0.034900279 -0.9478457191527031 0.010989918210307802 -0.025993642477889385 0.3174779005390428
0.035064421000000005 -0.9846502538009207 0.014727147522824746 -0.024027746422121507 0.17225017693404648
0.035227309000000005 -0.38659207665221185 -0.01234820666154753 -0.02557670336354103 0.921813406830334
0.035375128 -0.361800039224233 -0.013029634179689638 -0.02524201905732368 0.9318228243898721
0.035528497 -0.40759686946150636 -0.011758012618630315 -0.025848602490064747 0.9127203151037214
0.03567853 -0.18317481303860864 -0.017492496468259535 -0.0224255089528768 0.982668858547954
0.035839259000000005 0.8100913123777852 -0.027969707817768877 0.00625418665794795 0.5856027587906433
0.036006296 0.09206851304797595 -0.0229880401178648 -0.016832293550242725 0.9953449508256912
0.03618345 -0.16544192740789468 -0.017895455909621775 -0.022109540292015284 0.9858091944703913
0.036328522 0.1654802438747799 -0.02418150388248489 -0.015093307358516474 0.9858010000652155
0.036478764000000004 0.11949096870512531 -0.02344747892992795 -0.01619508241894454 0.9924261860763901
0.03664042 -0.9844032083712642 0.014693306450329737 -0.024048844285605556 0.1736443817156546
0.036791225000000004 -0.6979997360556798 -0.0020996304532817775 -0.028250239668491765 0.7155373211997398
0.036959918 -0.8383690591795449 0.0041573583985460025 -0.02797370875474319 0.5443686344219322
0.03712987 -0.035613952079904095 -0.020638627237354695 -0.019608379996837115 0.9989600071532347
0.037292625 -0.19925794981078396 -0.017121003730806144 -0.022706618635313237 0.979534295151644
0.037446323000000004 0.708610286832586 -0.028569185232385448 0.001807159767123895 0.7050190072406557
0.037594583 0.9972026657241028 -0.020549030545839727 0.02018911181025854 0.06878003797152059
0.03774901 0.4534504086707513 -0.02764835834270168 -0.007168603887920757 0.890823633151243
0.037915765000000004 0.9652366055010742 -0.02400599901034576 0.015820418422187843 0.2597892134039644
0.038086025 -0.944433437264754 0.010715572822916035 -0.026110788182332624 0.32748769672596667
0.038232765 -0.8526110476072661 0.004901414941476197 -0.027846919615083815 0.521780301191537
0.038387719 0.7729962656446716 -0.02828462553358383 0.0045416294017332345 0.6337632933063717
0.038540181 -0.9600618892816906 0.012040645210030048 -0.025512368888688425 0.27835998948250357
0.038691764000000003 -0.47056820706972124 -0.009914085197100846 -0.026596174497553488 0.8819068913051574
0.038863203000000006 0.6385093126585928 -0.02859210697474215 -0.000909418326610142 0.7690821997430694
0.039041192 -0.7427563977651964 -0.0002720396924144444 -0.028313487023320615 0.6689626775948441
0.039202092 -0.9719203191766731 0.01320212322838987 -0.024917448819576343 0.23361095916370245
0.039350485000000004 0.5698801449578611 -0.02839040532365575 -0.0033653483752520983 0.821230265382272
0.039515488 -0.6814071686555675 -0.0027468557782542777 -0.028199366998706826 0.7313558240770527
0.039660581 -0.9954101325324031 0.016620716128651167 -0.022730220168662347 0.09142691029665236
0.039829627 0.9823041635515055 -0.022741390614804412 0.017625240197647052 0.1850567419743023
0.040004513000000005 0.41185680000610325 -0.027279894253279334 -0.008433380358780855 0.9108009953162011
0.040179123000000004 0.7410131887308554 -0.028462510251827045 0.0031501253097506016 0.6708793502732681
0.040335879000000005 -0.9566990408224374 0.011739372225043999 -0.025655713123401758 0.2897043595829823
0.040489265 0.38893016241770123 -0.027055900240575508 -0.009111551937816438 0.9208246962189579
0.040627125 -0.9132047425573966 0.00846750975316328 -0.026945698353101115 0.40651989338370903
0.040772806 0.5545830080962604 -0.028319663745269286 -0.0038893422462538754 0.8316371479090974
0.040950864000000003 -0.9522146610259916 0.011352501435040852 -0.02583343275781254 0.3041197097992652
0.041116061 0.8727518099444364 -0.027077821189466104 0.009473932013930467 0.48731964385411153
0.041274623 -0.2463595776338634 -0.01599954922208381 -0.023499507053858136 0.9687613414484691
0.04142796 -0.5659991243809821 -0.006882823825184999 -0.0275145087331004 0.8239176501223079
0.04157269 0.9643375780800224 -0.024059392790112582 0.01573735404813241 0.26310560939771904
0.041719729000000004 -0.8130959664094183 0.0028999614766082402 -0.02814179515938977 0.5814415400575994
0.04189918 -0.4418339632732671 -0.010769753458787 -0.026267985561593567 0.8966474657789677
0.042079281 -0.996719381117414 0.016972115594926798 -0.022463173278880238 0.07579625160932557
0.042244891 -0.685480968605676 -0.002589347930906291 -0.02821312277073245 0.7275388711655315
0.042410552000000004 -0.9392671299896352 0.010313184893007518 -0.026276432263734925 0.34202143939046104
0.042563209000000005 -0.13230938345258783 -0.018629916271875685 -0.021502447104043847 0.990799959257584
0.042698230000000004 -0.6620467842807264 -0.0034834777381161338 -0.0281232072726281 0.7489263168487346
0.042883684000000005 -0.47591018513735917 -0.009752263232076407 -0.026654700986816687 0.87903562989202
0.043059449 -0.9872809622107297 0.01510750674688896 -0.02378504538169731 0.15644657299980808
0.043230912 -0.9991851305533204 0.01806486440500323 -0.021571454607280962 0.025714327370607186
0.043380943000000005 -0.0040165747715896595 0.026348682750837325 -0.0224736201859 0.9993920286815259
0.043525374000000006 -0.13622829998195765 -0.01854428869303691 -0.021575383170033182 0.99026881017592
0.043680133 0.9844964103962244 -0.022526938967898424 0.017904299265562747 0.17301790057441652
0.043842178 0.32934365880461536 -0.026408253834477372 -0.010814640843432786 0.9437787475169245
0.044019796 0.9854513350828219 -0.02242749136966266 0.018031334386202948 0.16749089525432062
0.044192737 -0.771380678848589 0.0009686259859725395 -0.02828897443827262 0.635743990510107
0.044374355000000004 0.23842398219984134 -0.02524974311695573 -0.013258597074992468 0.970742254019649
0.044522572 0.940409297658681 -0.0252131247542799 0.013769353403696971 0.33882701765586754
0.044681194 0.9602811677988694 -0.02428916924455942 0.015372681476476626 0.27754668674573285
0.044854002000000004 0.9915210386946616 -0.0216746318158314 0.018948448747179474 0.12669790681676454
0.045025132 0.9988366260742915 -0.019929429621353606 0.020814604610556703 0.038252299272023074
0.045188574 -0.729444211415918 -0.0008289869168595023 -0.028306758611635285 0.6834537658785099
0.045339895000000005 0.5708443366658448 -0.028394568127242233 -0.003332051606084549 0.8205603339263929
0.045485564000000006 -0.972530197597439 0.013267123500375365 -0.024882099856006784 0.23105736654446465
0.045619081000000006 0.5161033086108936 -0.028104307587984708 -0.005173458763010044 0.856049405054295
0.045783135 -0.803407626644585 0.0024367006858411434 -0.028189275924260043 0.5947564292517136
0.045972095000000004 0.9164500903372682 -0.026037512199306022 0.012099251240440385 0.39911698902233567
0.046159468 0.1576261687116917 -0.024059413925772443 -0.015284436093982834 0.9870873654236954
0.046328474 -0.9559634016626809 0.011674731849042318 -0.02568592862106218 0.292125422392009
0.046466943000000004 -0.004274739087583201 -0.02124714666691407 -0.01895592644821402 0.9995853626386322
0.04661523 -0.8858602581575415 0.006762984386298643 -0.02743842437787571 0.46309052458440964
0.046793737 0.9608581415793465 -0.024257586871223643 0.01542355252662951 0.2755442599426975
0.046975222000000004 0.45461035277781764 -0.027657909493757377 -0.007132674284668588 0.890232269511029
0.047148772000000005 0.6412838830412849 -0.02859594250049742 -0.0008062054805044169 0.7667701982987097
0.04731283 -0.3437738134814391 -0.013515061483714265 -0.02498957201567193 0.9386225860822898
0.047469041000000003 -0.08511610479930753 -0.019635164171454684 -0.020600601381327324 0.9959644787220734
0.047610673000000006 0.1134232927518598 -0.02334721192591901 -0.01633733951411566 0.9931380122719256
0.047758046000000005 -0.9416147450051089 0.010494161779774544 -0.026202851768219584 0.3355067714680352
0.047937067 -0.39814631294866476 -0.012025038435331377 -0.02572761322819068 0.9168821915613885
0.048129092000000005 -0.3114965677002424 -0.0143637637025305 -0.024518969971218156 0.9498222990735823
0.048292408 -0.6461843455279549 -0.004073034476797616 -0.028048159938322208 0.762654919936927
0.048458783000000005 0.8182020914203112 -0.027882647449089186 0.006645169519618007 0.5742159416069382
0.048608877 0.280520994342564 -0.025810777126057026 -0.012149382468127575 0.9594239371400992
0.048754006 0.7348547213958014 -0.028488137683933584 0.0028900202856477148 0.6776200443000345
0.048942557000000005 -0.5695653167226681 -0.006763386722955896 -0.0275432462559175 0.8214567631070724
0.049124433 -0.9750806464908771 0.013545623838462816 -0.024728247930583116 0.2200586769646136
0.049280153 0.9817187499856111 -0.022796274034790714 0.017552887363969257 0.18815982277201357
0.049444468000000005 -0.7727339583113496 0.0010288427043634643 -0.028286403486440206 0.6340988768907381
0.049608305000000005 0.5914082644986202 -0.028474726388522588 -0.002614075525752877 0.8058652408491178
0.049773119000000005 0.6698040083758771 -0.028613771936946465 0.00027434937731688744 0.7419865359750217
0.049958299000000005 0.9984769996334927 -0.020122377831910943 0.02062558485146867 0.04762384902293652
0.050125417000000005 -0.37120362096123305 -0.012773075901717367 -0.025370692182640826 0.9281170624949437
0.050299566000000004 -0.9878505354008958 0.015193344417031723 -0.02372935019134701 0.15285773297511016
0.050458515 -0.6304427273213598 -0.004646354997094334 -0.02796305345105105 0.7757181914108352
0.050610805 0.7151302919637785 -0.028553140521853947 0.002072463608469238 0.6984048672159763
0.050775282000000005 0.04613396584617868 -0.022182509927897193 -0.01786703651231402 0.9985291404276229
0.050953737000000006 0.9129395386277247 -0.026139854292583753 0.011871299095667536 0.40708449133396246
0.051138732000000006 0.15689292211034492 -0.024047947992632542 -0.01530221806106657 0.9872042454260063
0.051313548 0.033634426117853125 -0.02195557218121442 -0.01814157985905137 0.9990283214163075
0.051463486 -0.3208413989948599 -0.014120713798819207 -0.024657633338539472 0.9467066464707644
0.051632483 -0.011396852677475755 0.026650919655091726 -0.022428899862094925 0.9993281794767102
0.051797302 -0.6930434306897186 -0.0022945651252280976 -0.02823649523315052 0.7203390298668049
0.051982234 -0.2112602652920592 -0.016840008066227243 -0.022912987830608935 0.977016098858675
0.052152176 -0.7919310004804547 0.0018999530359150095 -0.028234652339754522 0.6099542390899149
0.052320507 0.4240392656125605 -0.02739296845847002 -0.00806761819359945 0.9051934205505285
0.052480154 -0.5404806370589741 -0.00772387410916484 -0.027296553908708047 0.8408779929723966
0.052632899000000004 -0.2802008505569419 -0.015162272805453158 -0.02404056729839752 0.959520495598777
0.052785582000000004 -0.9978314595655003 0.01733708948496003 -0.02217635092903312 0.05933392383189839
0.052946847000000005 0.9988495850096384 -0.019907082936967812 0.020835379008061095 0.03719278792639809
0.053134193 0.6912989789411562 -0.028599505227011886 0.0011139053358156393 0.7220016098253088
0.053298990000000004 -0.5491291281531019 -0.007441472920984686 -0.027372811875121493 0.8352558821511842
0.053477345 0.027075958046516902 -0.021835177603051675 -0.018284432533866954 0.9992275372774676
0.053646302 0.2705039744458226 -0.025681057842607293 -0.012416753608818807 0.9622961238399865
0.053815076 -0.07974431100285656 -0.01974656979310354 -0.020495210346815156 0.9964089525050693
0.053987378 -0.4532811744480992 -0.010431813718244769 -0.026401397177983555 0.8909153783589706
0.05415198500000001 0.9098451714218023 -0.026226773679501044 0.011673358333782287 0.4139529135371808
0.054314743000000006 -0.8838688509529832 0.006645757561270656 -0.027468068286259112 0.46687983208743933
0.054485413 -0.8140145730481877 0.002944390915873741 -0.0281368366748334 0.5801549318701844
0.054641775000000004 -0.3429779392422946 -0.013536301847861153 -0.024978252465492276 0.9389136727358266
0.054798947 -0.9319501904322534 0.009766696432413879 -0.02648989848265702 0.36148478668908823
0.054981307 0.16731002448419457 -0.024209753687233444 -0.015048603716910086 0.9854921271556971
0.055174895 0.20819078161592725 -0.024821522397212442 -0.014032235570087261 0.9776724947729681
0.055337908000000005 0.8505789608419319 -0.027456513006181495 0.00827730041498651 0.5250644673817166
0.055489781 0.6515260391727256 -0.028606938810559618 -0.0004223290056175054 0.7580864635912986
0.055650716 -0.12381328162026534 -0.018814418776436408 -0.021343293111630166 0.9918974875370762
0.055826484 -0.4361597766796773 -0.010935846651152544 -0.026200570967907875 0.8994211909757669
0.056000397 0.9990081782410483 -0.019814938297632728 0.020925153359012093 0.032729469837478854
0.05616846700000001 -0.7692369614129219 0.0008735263667120046 -0.028292785437216462 0.6383361719989785
0.056339903000000004 -0.6197678090157543 -0.005028778225844048 -0.027899578954893065 0.784273013055566
0.056515304 -0.7679636582833911 0.0008172084107066966 -0.028294896757361715 0.6398677998617024
0.056677347 0.2911247999403505 -0.025945479738644688 -0.011863973487879834 0.9562596564331705
0.056869457000000005 -0.9153380746153755 0.008609091274445634 -0.026899490242238012 0.4016948777850272
0.057037109 -0.6857953484587404 -0.002577163300460976 -0.02821415745534966 0.7272428952723764
0.057211044 0.5871806822586264 -0.028459614897128904 -0.002762921168029756 0.8089508357418679
0.057350120000000004 0.7767912156546026 -0.028258149817553115 0.004711615014236238 0.62910652314001
0.057508036000000005 -0.8842047330149763 0.006665447694640394 -0.02746314226782479 0.4662446176018409
0.057670391 -0.9376692952919646 0.010191528590475583 -0.026325139384904907 0.34638262495902344
0.05783908200000001 -0.140014746730841 -0.018461243067592642 -0.021645570178511285 0.989740758335422
0.058023332000000004 0.9949454993001985 -0.021093879681148384 0.019607543448550875 0.09636881868551454
0.058187967 0.8404840599485759 -0.02760402084719779 0.007755114267248233 0.5410781664922346
0.058356519 -0.4097458690247033 -0.01169695486041137 -0.02587580854366442 0.9117578358534802
0.058520999000000004 -0.5832027073210617 -0.006302157432121419 -0.027649072875238743 0.8118317984006146
0.058691035 0.8111928702735591 -0.02795831207656202 0.006306898787785603 0.5840764170146846
0.058868584 -0.1644437430232246 -0.017917936342093724 -0.02209157091505356 0.9859763485216368
0.059048179000000006 0.8660121941828846 -0.02720159974677319 0.009102330342070026 0.4992001474561789
0.059230409000000005 -0.036308627346757764 -0.020624907426860975 -0.01962263257853919 0.9989351647799225
0.05938954900000001 -0.2073823987850813 -0.0169311527073161 -0.022846635001753348 0.9778466829456746
0.059566585000000005 0.11563929961088536 -0.02338392583220275 -0.016285471161347667 0.9928825410094136
0.059721654000000006 -0.3977955795180358 -0.012034904868798005 -0.025723083475291175 0.9170345715390856
0.059897818000000005 0.9947767787341649 -0.0211260877664654 0.01957180302432966 0.09803161161580845
0.060070069000000004 -0.9290845211945059 0.009559285442094672 -0.026567524331663653 0.3687906434177399
0.060235697000000005 -0.9420259309609376 0.010526120572102211 -0.02618972858640908 0.3343532304314163
0.060400655000000004 -0.31445671734324754 -0.014287007013956689 -0.024563106241783483 0.9488464932727942
0.060562743 0.9118649588055097 -0.02617039011465802 0.01180224135646759 0.4094861888418176
0.060707356000000004 -0.8636669365583344 0.005499407002251227 -0.027730069983912087 0.5032700196570458
0.060896585 0.7938759868355356 -0.028123289525343702 0.005491116145553822 0.6074044285638703
0.061090636000000004 0.6485860470691889 -0.02860430321817851 -0.0005329930906957114 0.7606036742923636
0.061266204000000005 0.9440171502335963 -0.025065510985911265 0.014042162108228222 0.32864627290404597
0.061445002000000006 0.876082484565684 -0.02701366375364677 0.009660288568354 0.4813079867268698
0.06161838 0.8725143074492945 -0.027082353064965016 0.00946068288819901 0.48774629745256565
0.061771857000000006 0.9597508691465253 -0.02431805161176927 0.015326058503312985 0.27938032235647237
0.061968955000000006 -0.5996763637595627 -0.00573525986320355 -0.027768087262800122 0.7997401506596842
0.062153636000000005 -0.26939675807301144 -0.015432500259152045 -0.02387047818787066 0.9626096901748774
0.062331791000000004 0.9938427972850075 -0.02129911866296726 0.019378747669209002 0.10698974864230804
0.062498183000000006 0.2697264820084451 -0.025670890494854548 -0.012437416339483665 0.9625143706728241
0.062672644 -0.9097218506778214 0.008239312656337516 -0.02701847360411204 0.4142560422521598
0.062846236 0.7298700515543813 -0.028506968959762305 0.0026812271719676983 0.6829859358031071
0.06301896 -0.8990146925374921 0.007559374195221588 -0.027222703321393864 0.43700552757312816
0.063187907 -0.8032702547568835 0.002430197276767054 -0.028189890174362756 0.5949421027788963
0.06337408500000001 -0.06205270249630776 -0.020109141782944602 -0.020144179050705396 0.9976668659949915
0.06354148600000001 0.9957211358651097 -0.02092302664032344 0.019792509044389044 0.08765592447517251
0.06370031500000001 -0.13033442654090327 -0.01867294404722363 -0.021465577480131073 0.991061707931453
0.063869707 0.9563779408994391 -0.024494661292345715 0.015035952903721617 0.2907100889734489
0.06405590600000001 0.9698648998426517 -0.023714396051922524 0.016263230176935792 0.2419313163727087
0.064241105 -0.7895324462407439 0.0017893514647963507 -0.028242711232319553 0.6130551770804031
0.064401336 -0.9412260042544822 0.010464080161879637 -0.02621513908032444 0.3365910119009204
0.06456753400000001 0.15001596521038973 -0.02393982121031852 -0.015468455500043922 0.9882724581378065
0.064734374 -0.9810480970007155 0.014252570052770296 -0.024318349691691197 0.19167511985436847
0.064916502 -0.9957345438091294 0.016705871162452417 -0.022665782865042977 0.0876460835131359
0.065094126 -0.9493615931294206 0.011114342069202365 -0.02593930162901875 0.3129091837945817
0.06527279200000001 -0.9846338812465204 0.014725780012764905 -0.024028356889931223 0.1723008384309653
0.065438232 0.9927368036147947 -0.02148411307310394 0.01916820907350286 0.11666451601312335
0.065606565 -0.8293420880006761 0.0036996035836183664 -0.02804155585734263 0.5580234526983628
0.065760438 -0.9446811825623174 0.010735363353059742 -0.026102399088917195 0.32676711732116115
0.065963187 0.004945357187687745 -0.021422230960128675 -0.018760392381774956 0.9995820641100188
0.066144282 0.003624192653069807 0.02603759745144254 -0.022517341096793615 0.9994005266772767
0.066322438 0.6907771355563052 -0.02860014123893246 0.0010932597524485872 0.7225004468643874
0.066503404 -0.998418971864018 0.017620872195507623 -0.02194277786615103 0.04628151672416611
0.066674042 0.44634071346138005 -0.027588939372652138 -0.00738803236279201 0.8944068672517675
0.06685287200000001 -0.5040613768712529 -0.008884740135130086 -0.02694975840746871 0.8632012622548686
0.067029746 0.2497055745549197 -0.02540415714932355 -0.012965028016096595 0.967901460400176
0.067211912 0.8133424696919618 -0.027935640212152113 0.006410155500543553 0.58107747185894
0.067368259 -0.9670534586038547 0.012704270953716179 -0.025180716720699246 0.2529902438578214
0.067532192 -0.8401369045161035 0.004248243708715716 -0.02795930257277876 0.5416352604558615
0.067710175 0.9982412722455217 -0.020173019769109544 0.0205704689586865 0.05021076353814004
0.067909652 0.13659596545784183 -0.023725855908180837 -0.015790168761912044 0.9902165773839049
0.068085029 -0.7108973083679118 -0.0015857118414919157 -0.02827999080575015 0.702724474358517
0.068259631 -0.7823172489398205 0.0014597328964233592 -0.028264162277403693 0.6222356726127616
0.068441785 0.17858587873050175 -0.024382199705932604 -0.014771631842965838 0.9835109530294265
0.06860153100000001 -0.6422471407103925 -0.004217488820417255 -0.02802783201019848 0.7659727809502421
0.068781308 0.7475238163640875 -0.02843251285077449 0.0034277421804867784 0.663616413156061
0.06897101700000001 -0.012880153615727492 0.026711867382327364 -0.022419609545728057 0.9993084610119116
0.069154674 -0.6972310070300071 -0.002129941100894372 -0.028248176900894525 0.7162857140164345
0.06934053600000001 0.1526395526273373 -0.023981188431292197 -0.01540514107334941 0.9878704526475651
0.069523209 -0.967403717242653 0.012739123809024012 -0.02516265173955953 0.2516423620325701
0.069695245 0.4342892258948238 -0.027484823352067218 -0.007756895429609841 0.9003201915586468
0.069875583 0.23468432010373397 -0.025197900862163076 -0.013355314263696868 0.9716528334201607
0.070065732 -0.952438225525337 0.011371621247082611 -0.025824724628078156 0.30340912603997344
0.070238991 -0.9606459118541695 0.012094424202609479 -0.025486160636291832 0.2763201689751238
0.070427749 0.6385943736176921 -0.02859221072831283 -0.0009062418906814663 0.769010671629571
0.070596042 -0.7817106927555232 0.0014322381954877104 -0.028265771121717045 0.6229971635568735
0.070770287 0.8952804333478188 -0.026599521475863128 0.010774710032760943 0.44457321264689925
0.070954641 0.6569802836422847 -0.02861071036664141 -0.00021601053678612514 0.7533638451268122
0.071124221 0.9844766091133685 -0.02252800647738474 0.01790256415561246 0.1730858192161188
0.07129673 0.3952074295370355 -0.02711865734117988 -0.008927167222089442 0.9181477623933865
