0 -0.7067529998956005 0.00035399999994770805 0.0003529999999478558 0.7074602089259648
0.0008119140000000001 -0.7067667685011654 0.00039676145162857935 0.0003058464496218756 0.7074464530837087
0.001107436 -0.7069046747913086 0.0005371363025963298 0.00021241210972843628 0.7073085939841836
0.001353952 -0.7069972724415596 0.0006483168561904571 8.966803627989723e-05 0.7072159701287102
0.001538405 -0.7071915069916198 0.0007609076954227503 -8.607752660508882e-05 0.707021630538317
0.001734436 -0.7073335537418541 0.0009087086296211015 -0.00040441703848591434 0.7068792361120853
0.0019133770000000002 -0.7075094931430399 0.0010932007320264242 -0.0005869647460274757 0.706702750452427
0.00208733 -0.7076224864536482 0.0012296102411490065 -0.0006744129441482114 0.7065893077955484
0.0022359890000000003 -0.7077525004015405 0.0013990783246772963 -0.0009251144002177403 0.7064584806756554
0.002377506 -0.7081389127539962 0.0016068592011497511 -0.0014505303640240455 0.7060698224742076
0.0025128050000000003 -0.70843563685003 0.0015177650792070612 -0.001497138069455414 0.7057722036235616
0.002667276 -0.7085577566327741 0.001660973699882375 -0.0018811791598584207 0.7056483599122636
0.002811769 -0.7087690636393235 0.002155692389141993 -0.002353351512689991 0.7054333626607251
0.002982081 -0.7089665348226707 0.002568231093482018 -0.0023957243113862463 0.7052333778229796
0.0031317750000000003 -0.7093429056281096 0.0025172295900532343 -0.0022655128712893344 0.7048554271917695
0.003291618 -0.7097444871009783 0.0026205283797084873 -0.002315345052250913 0.7044505199359778
0.0034424480000000003 -0.7098997735550742 0.0027103714374579597 -0.0021202154915135754 0.7042943064368725
0.0035821100000000003 -0.7101753148658119 0.002724460867358525 -0.0019142401274302274 0.7040169991931744
0.0037184590000000003 -0.7104624196318723 0.0024588535148532807 -0.0016271525894272665 0.703728965372798
0.003879477 -0.7104612162209074 0.0027623569806802194 -0.002063037246140952 0.7037279115589644
0.004030257000000001 -0.710539416874608 0.0026695684452901595 -0.002059589820471363 0.7036493221495915
0.004189202 -0.7104342659404934 0.002818409250638901 -0.002219360035831433 0.7037544207945836
0.004343889 -0.7107323371323786 0.002541634155937277 -0.001807413739442972 0.7034556263942587
0.004484364 -0.7106894627217437 0.002382699109207758 -0.0021075169634789466 0.7034986628938843
0.0046304530000000005 -0.7108466862407232 0.00251250764311531 -0.0023862105204484514 0.7033384547749955
0.0047888720000000004 -0.7110780092372841 0.0026743946987617985 -0.0023756733839637644 0.7031040240022162
0.00497091 -0.7111100166066447 0.0025680102058667103 -0.0021927338510291483 0.7030726431340781
0.005137509 -0.7113242890793979 0.0026654342703775944 -0.0025177256331444806 0.7028544033322093
0.005274089 -0.7115580156263196 0.0025959066140637207 -0.002044284787360792 0.7026195788380036
0.005422473000000001 -0.7116851264759139 0.0026885113655848777 -0.0015855760712741856 0.7024916644403135
0.005572906000000001 -0.7119475081326386 0.0031138665346150353 -0.0021394123472766144 0.702222523430956
0.0057091730000000005 -0.7120145178822126 0.003707910314051592 -0.0020893465036534373 0.7021518442311828
0.0058913820000000006 -0.7121371695177773 0.0035095304817129914 -0.0020501516579186996 0.7020285833676477
0.006052653000000001 -0.7122219433992061 0.0030337130550328133 -0.0020345383188959073 0.7019448415506642
0.006193141 -0.7123573451566333 0.0026006827483599634 -0.002018916423328614 0.7018092142648964
0.006345535 -0.7123745771294157 0.0023901029315474233 -0.0020547013632085313 0.7017923677769452
0.006501304 -0.7123755153269975 0.0024801903243023204 -0.0023290044737654197 0.7017902461253729
0.006642671 -0.712338167473443 0.0026255088358490175 -0.0027408414823068806 0.7018261391911098
0.006791040000000001 -0.712484653365478 0.003087683098938751 -0.0030296999024097423 0.7016743588376712
0.006950607 -0.712726749668528 0.0029992886199495567 -0.00324295281768485 0.7014278778546889
0.0071113850000000004 -0.7127897562292208 0.0028186787277449292 -0.0027252000050582235 0.7013668025718429
0.007252740000000001 -0.7130858044668984 0.00229629399330836 -0.0020272018630349688 0.7010700770638405
0.007396482 -0.7131950771610953 0.002693315008877929 -0.0024350059439559087 0.7009562031350427
0.007538896000000001 -0.7131318601006702 0.0028552662720348343 -0.001980359596046738 0.7010213090482661
0.007670357000000001 -0.7132346752587637 0.002815992301725118 -0.0020212416333012006 0.7009167445411348
0.007837687000000001 -0.7131309884137128 0.002921903000885311 -0.0016306221875480517 0.7010228219667431
0.008014323 -0.7133142533259584 0.0029531968022290275 -0.0014636476446961552 0.7008365803568262
0.008162945000000001 -0.7135175527588036 0.003174578374569787 -0.0018489579641009692 0.7006277223402447
0.00831027 -0.7134798346996939 0.0035261494189785534 -0.0016573092465502646 0.70066493067174
0.008474474000000001 -0.7137582503345493 0.003725038667039264 -0.0021099772737218515 0.7003790631952076
0.008634332 -0.7138819300419181 0.004214995327468021 -0.002139239657746489 0.7002501320440448
0.008770539 -0.7136620899615418 0.0038540490082742463 -0.0015200145429680569 0.7004778777475813
0.00893477 -0.7140602301640506 0.004693331336194561 -0.0022511321409929867 0.7000649203774717
0.00910297 -0.7140446356271436 0.004640781652350085 -0.0020897488563825822 0.700081676968818
0.009277073 -0.7143185334429262 0.004678087444041607 -0.0020717643426981093 0.6998020120507812
0.00944785 -0.7144083788986462 0.004622193793203315 -0.0021523396313158833 0.6997104193293524
0.009610214 -0.7142655183620098 0.0045470467356038755 -0.001713202764748233 0.6998579560034456
0.009769603 -0.7143315073144698 0.004580441420006297 -0.002270043902454773 0.6997887996495203
0.009921175 -0.7143998113472643 0.004614702739130157 -0.0019196411006579836 0.6997198932742069
0.01009428 -0.7142769808506972 0.004570194072405068 -0.0018514769275368161 0.699845754424602
0.010248041000000001 -0.7143239175679112 0.004826078511380925 -0.002819900193120259 0.6997928964483241
0.010411100000000001 -0.7143786688619633 0.004755723134231225 -0.002999521101108913 0.6997367386707974
0.010554597 -0.7144944674247549 0.004353163849801952 -0.0025490247636516996 0.699622904468305
0.010711724 -0.7146936190613646 0.004546417877322252 -0.0019542524590558464 0.6994201468750955
0.010874328 -0.7148407692730346 0.004855604237219984 -0.0021563080410504074 0.6992670791823821
0.01104269 -0.7148521712991542 0.0050996360594727785 -0.0022848659562681815 0.6992532776387305
0.011215826 -0.7148079425183245 0.005046306743678858 -0.0015366804684114443 0.6993009214309005
0.011369738 -0.7149272859518331 0.00458274493828991 -0.0013298349975864804 0.6991825268048794
0.011517237000000001 -0.7148580788068339 0.004538199302729179 -0.0010398640423309043 0.6992540672705913
0.011661505 -0.714836407886879 0.003998868993164573 -3.226487441866322e-05 0.6992802856974714
0.011833910000000001 -0.7151253845968878 0.003601873055819251 0.0004548818589286092 0.6989867694728832
0.0120081 -0.7152748773491826 0.003409525232081564 0.0008713094499642799 0.6988343621994029
0.012167805 -0.7153874431840809 0.0031359126011825246 0.001249490404276997 0.6987198372455378
0.012318448000000001 -0.7151898525659419 0.002849030296977708 0.00208425055968384 0.698921321546766
0.012488810000000001 -0.7152884902094637 0.0025772278683338394 0.0026014239472472024 0.6988196951029839
0.012638566 -0.7152088050319562 0.0023065173841995386 0.003292882222915599 0.6988992789443867
0.012787986000000001 -0.7149775098357495 0.0027202159563374036 0.002952722454001058 0.6991359254710998
0.012956619 -0.7147485331558507 0.0026799933474533923 0.003105336336285908 0.6993695081095943
0.013114013 -0.7147804166832745 0.0017239820929951623 0.003769537826993278 0.6993366674187751
0.013281586000000001 -0.7148849227622681 0.001494808745885773 0.003569864064107204 0.6992314129274821
0.013441452000000001 -0.7149470729615534 0.001502656070529283 0.0033520959525416135 0.6991689268990477
0.013612141000000001 -0.7149791861419684 0.0013858429942780691 0.003656101463286558 0.699134805130637
0.013774621 -0.7153279383719803 0.0013085686752095582 0.003567761979789084 0.698778576737274
0.013984332 -0.7151401537340462 0.0013396401236092008 0.0034739569080332456 0.6989711707252204
0.014146009000000001 -0.7151973737061471 0.001024641403141163 0.004066750710260524 0.6989099572137211
0.014298044000000001 -0.7150460847774144 0.0011441320712582744 0.004064788604296627 0.6990645643285724
0.014453051000000001 -0.7149201863391719 0.001255232247599181 0.005203278500303207 0.699185581551577
0.014593866 -0.7148787585196662 0.001484509558637613 0.00593701821401038 0.6992216448762708
0.014738074 -0.7148721318919767 0.0006951929090497855 0.00792045983917938 0.699209995685828
0.014898843 -0.7151281383502253 -5.687936933755153e-05 0.008183319453403377 0.6989454741159727
0.015076491000000001 -0.7151250038158096 0.0008834972423101046 0.006955946644147919 0.6989614175019571
0.015232200000000001 -0.715179478025334 0.0011615235882149204 0.006752891013774956 0.6989072639036749
0.015373739 -0.7155945257196547 0.0013958125189705243 0.006827843718956887 0.6984811429220004
0.015527601 -0.7156592567835838 0.0013589141716128428 0.0066129647657856925 0.6984169601529227
0.015677059 -0.7159022150711711 0.0017223736027746719 0.007252055511744988 0.6981607691472057
0.015846579 -0.716110054495543 0.002100713203555531 0.006434180894690406 0.6979545674115482
0.016018749000000002 -0.7162024558659121 0.0017101735203439434 0.006804864869138638 0.6978573001210773
0.016202093 -0.7164463336870409 0.0010456860665295827 0.007621364079075296 0.6975997937905528
0.016336692 -0.7167208290737496 0.0013018309362188328 0.007087849599449398 0.697322967351647
0.016483077000000002 -0.7167328845703816 0.001114254140833235 0.007549076580524736 0.697306060532899
0.016629701 -0.7168683482203192 0.001146189712646649 0.007229098318980982 0.6971701354092187
0.016773820000000002 -0.7166537892856513 0.0009340996436584195 0.007573990339866488 0.6973873446161069
0.016945331 -0.7165067987799599 0.001298564379030688 0.007885957410679397 0.6975343236775984
0.017112046000000002 -0.7164099617239441 0.0016325173731189186 0.007207001251795868 0.6976404236873607
0.017259267000000002 -0.7161690904239632 0.002251196792967878 0.006324708080504165 0.6978945221894274
0.017392473000000002 -0.71626583096094 0.0013674093057227097 0.008262443667172695 0.6977772722110342
0.017549033000000002 -0.7161748498816742 0.0019038094336477904 0.007902495057945647 0.6978735633898601
0.017692808 -0.7159502638553839 0.001881229633000444 0.0076980013731460795 0.6981063109837451
0.017864902000000002 -0.715743565889956 0.002628520881218087 0.006532477633710198 0.6983276920623099
0.018051845 -0.7160742698540231 0.002679621457480105 0.0070052734578042895 0.6979838005467275
0.018208385 -0.7162561150922689 0.001409356481564038 0.008648197438083509 0.6977824875907322
0.018361055 -0.7165120544674687 0.0006733673994466101 0.008801276778429783 0.6975188598928507
0.018512973000000002 -0.7165021219420561 0.0002665507692006826 0.008971598022226798 0.6975271669491778
0.018659755 -0.7164501970701257 -0.0005249717842404272 0.009036454178642581 0.6975795166278046
0.018822792 -0.716656156074662 -0.00047922006551349386 0.008694307092281164 0.6973723061124552
0.018996141 -0.7170021242995888 -0.0013503683257206154 0.009550090303623644 0.6970042510849234
0.019171068000000003 -0.7169306856043494 -0.0011102763735825983 0.009277088310135174 0.6970818423669762
0.019340124 -0.7170754901558756 -0.0025481335537034964 0.010979828722251367 0.6969043634490558
0.019496746000000002 -0.7169544784898619 -0.0022736780069550094 0.010502946942128782 0.6970371541511843
0.019643515 -0.7170954786689256 -0.002337649329036316 0.01087502239672195 0.6968861770447666
0.019804754 -0.7173502317973308 -0.0022885181223762786 0.011601541155416022 0.6966123827983097
0.019980788000000003 -0.7172498110383068 -0.0024474467697654712 0.01140740591009708 0.696718443605611
0.020147154 -0.7171408038697278 -0.0025537546900880003 0.012307504052019903 0.6968149475334705
0.020294878000000002 -0.7170026712504125 -0.002513962629118982 0.013139362200449164 0.6969420396077697
0.020434605 -0.7168735420265234 -0.0019158253931460586 0.013317068387605494 0.6970733892819101
0.020576913000000002 -0.7164455523384231 -0.0015757066985289533 0.013492799728539765 0.6975107397297748
0.020722581 -0.7165319354034829 -0.0011745693978272033 0.013813117441661159 0.6974165209687908
0.020902142000000002 -0.7164253033656168 -0.0009598581971415099 0.013400926224988901 0.6975344282155813
0.021065292000000003 -0.7165334216203898 -0.0008561567682656038 0.013977129730847256 0.6974121898426011
0.021227428000000003 -0.7164594754437095 -0.00023518079444879511 0.013491172154491983 0.6974982100412995
0.021376911000000002 -0.7162079432612476 -0.0003812055401017545 0.014906843334179468 0.6977276135524809
0.021526103 -0.7165243876789993 0.00014362366965467628 0.01381894069673136 0.6974251344133627
0.021703738 -0.7168185394598701 0.0007122173994695111 0.012940122733732122 0.697139317107155
0.02187725 -0.7170043558162345 7.36979812523449e-05 0.013779113692142396 0.6969324819055382
0.022038845 -0.7172358332896812 0.0001746496577599373 0.013218167384519107 0.6967051090624703
0.022195476000000002 -0.7171744063689993 0.000240289102103591 0.012533560311245268 0.6967809720251733
0.022344431 -0.71738720120308 -7.410850741753157e-05 0.012812551590692313 0.6965568437533843
0.02251736 -0.7173523078671971 -0.0007180384354919034 0.014190007083465248 0.6965657144285688
0.022662632000000002 -0.7173338781876585 -0.001296213117174981 0.014827355868234821 0.6965705826072225
0.022795724 -0.7176720207742318 -0.0008893038790552592 0.014266737302689502 0.696234543773273
0.022969917000000003 -0.7176135490987091 -0.00045429661538777934 0.0148251078071961 0.6962835657568293
0.023118759000000003 -0.7177647744735545 -0.00041208357544857664 0.013915529900206 0.6961464764973323
0.023287702 -0.7178401528562981 -0.0009438957217540628 0.014156773778144421 0.6960633661990174
0.023452348 -0.7181969736689067 0.00036056636949308423 0.013288074168366634 0.6957128747476311
0.023595925 -0.7179769459288295 0.000532525292718307 0.01376545366375173 0.6959305524382116
0.023742033000000003 -0.7177662476416331 8.871823774528933e-05 0.015417910438435342 0.6961134202938747
0.023926529000000002 -0.7183921886470871 -0.00034265492007837847 0.015246110335450211 0.695471136711002
0.024072153000000002 -0.7178257857568623 0.0011454212828809957 0.014458163396515357 0.696071685118586
0.024241205000000002 -0.7176980444410456 0.0017006076001485934 0.01405133252558986 0.6962105895442448
0.024389498000000003 -0.7181656810803019 0.0014589718132242693 0.013444688877065817 0.6957407320695789
0.024540758000000003 -0.7182507190506419 0.002046325024782152 0.012333172670970375 0.6956720563519834
0.024678138000000002 -0.7183194809942723 0.001296350813351003 0.013293395285513295 0.6955851697243634
0.024841357 -0.7182783980158782 0.001965248508857385 0.012661961914702289 0.6956378047968016
0.024998217000000003 -0.7181278887591614 0.002121721156267257 0.013372027959158254 0.6957794352766573
0.025152347000000002 -0.7181994433141233 0.0015894210825355315 0.01406968263849653 0.6956932351218876
0.025311473 -0.7185239993283488 0.0008545089411796981 0.015972660192939997 0.695318205090321
0.025466062 -0.7186189126912421 -0.00016928253083305206 0.017510790681679895 0.695183574227401
0.025610839000000003 -0.7184970087589011 -0.0006996230859231624 0.018728586322319166 0.6952774978283254
0.02575681 -0.7186629637828206 -0.0008074155604026686 0.01946703506151676 0.6950855538082482
0.025939543000000002 -0.7188900122563713 -0.00015112939697068818 0.019032312936184872 0.6948632228735663
0.026114605000000003 -0.7189090090555383 0.00010373240081669353 0.018997519287114052 0.6948445295167178
0.026272861 -0.7190991892564166 -0.0012019411179160684 0.021331052185583135 0.6945789354428836
0.026434337000000002 -0.7188066305346241 -0.001955467876626812 0.022819717162780844 0.694832688172811
0.026564745 -0.7192361342893963 -0.0015567402367791978 0.022930495379174597 0.6943854492095487
0.026715333 -0.7194603411609118 -0.002911842430290054 0.02595337849815541 0.6940423335898304
0.026897746 -0.7195262370546343 -0.0032211808589938215 0.026933917282023885 0.6939352868126231
0.027078968000000002 -0.7193323083008244 -0.0038412398780704577 0.026718114097448252 0.6941414967352715
0.027234919000000003 -0.7195766454413952 -0.004058848939206268 0.028237082194979325 0.6938268114376323
0.027380643000000003 -0.7199464370613056 -0.004676175168799738 0.030406603227905157 0.6933474595242008
0.027510992 -0.7199410417685798 -0.005166334444680019 0.028868606962972002 0.6934153220816479
0.027665715 -0.7203245826725361 -0.006123539438131034 0.030320405451337643 0.6929470909641323
0.027822051 -0.7202904174061618 -0.0060916368022852045 0.0313104047389817 0.6929388610180611
0.027999605 -0.7203016497604744 -0.006312696477287457 0.03348267046234491 0.6928236384493783
0.028165612000000003 -0.7203617170906804 -0.0067199092214856515 0.034054212699911886 0.6927294926359143
0.028308157 -0.7206139005921129 -0.006391214102558846 0.03431597519026472 0.6924573434533403
0.028444601000000003 -0.7212348124412878 -0.00574175384993779 0.034247608686680794 0.69181968668487
0.028587088 -0.7213873256639664 -0.005645983796310476 0.03377152707423401 0.691684851068344
0.028727548000000002 -0.7214512139241248 -0.006265210706927624 0.03493086758686439 0.6915552960912339
0.028898661000000003 -0.7214446081447488 -0.006122529179996429 0.0365980411856919 0.6914772414162891
0.029081631 -0.721778552501736 -0.00601869128795118 0.03831889207695516 0.6910362935574905
0.029246766 -0.7223728611070254 -0.006516301645842665 0.03870226211630924 0.6903891093115473
0.029408052 -0.7226369407039097 -0.005946677103157644 0.036979945005842396 0.6902122663564378
0.029553313 -0.7224350148799205 -0.0053385008150095385 0.03669640213761866 0.6904437151243047
0.029700007 -0.7224275404983396 -0.005596446039249997 0.03752636815806867 0.6904048813660831
0.029855498 -0.7224446522249841 -0.0045345865022941596 0.03670055367787515 0.690439158330778
0.030011006000000003 -0.7228625776702532 -0.004156574962885897 0.036558980802995876 0.6900114909268844
0.030176635 -0.7231801179860006 -0.0043991814308798555 0.037977957795534756 0.689600492222978
0.030334225000000003 -0.7231535370446058 -0.0043317186197855285 0.03828569487220542 0.6896117774819597
0.030481386000000003 -0.7233842409463589 -0.0050332696526813134 0.04045529386516042 0.6892410865186054
0.030621836000000003 -0.7237482477812712 -0.006118866915040305 0.04173299416200771 0.6887738311662908
0.030784713000000002 -0.7238826250985213 -0.005561479864485239 0.04088438539287831 0.6886882328406939
0.030954541000000002 -0.7238760509502964 -0.0048399694804049905 0.041927573249011175 0.688637870115696
0.03112213 -0.7236716674072942 -0.003833456462193814 0.04112211494600721 0.6889075366592146
0.031274397 -0.7237411641584361 -0.004144454801256066 0.04192515747407977 0.6887843145482963
0.031427898 -0.7241800312092862 -0.004720647655504032 0.042251229246978994 0.6882992310837995
0.031573757 -0.7233820175534852 -0.0035626361773541354 0.040165262981410634 0.6892695524635858
0.031715318 -0.7237844280404351 -0.0032350403744649935 0.040319104388064485 0.6888396083714269
0.031892311 -0.7239874648862156 -0.0030685293160161425 0.04097944814938485 0.688587989762267
0.032054867 -0.7240704741102915 -0.0029122196391836524 0.04063935634263908 0.688521539397663
0.032215607 -0.7242681680037338 -0.0034786097180839193 0.04375608268599527 0.688119848078023
0.032387286 -0.7242133714937866 -0.003527493475890391 0.04302786581889462 0.6882231848045022
0.032526643 -0.7241082546776694 -0.0034327464394273586 0.04295606628274908 0.6883387451894997
0.032681417000000004 -0.7240218794663866 -0.003613839877710517 0.04389064455805988 0.6883697186364156
0.032840965 -0.7235829173871524 -0.0029569651355399523 0.04293085088793772 0.6888947380149765
0.033017888 -0.7238695965232722 -0.0019596449218882966 0.04170507192057325 0.6886723850983976
0.033173541 -0.7238912092735673 -0.0003575806913329301 0.039358108869504756 0.6887904823229765
0.03333398 -0.7241854421737736 -0.0009451856048822856 0.04181583736655719 0.6883356650015184
0.033483428 -0.7237172675046726 -0.0009761328168085726 0.042602914302481795 0.6887796132096464
0.033630006000000004 -0.7235028623093681 -0.0003748288948760888 0.04192575887934071 0.6890469493988368
0.033771858 -0.7232238265042991 -0.0004807842709487454 0.04203224572136038 0.6893332691395244
0.033946741 -0.7223155153150473 0.0008112236764467767 0.038805388248938796 0.6904735911634522
0.034106865 -0.7225907677458444 0.0008039467119589848 0.0391248516007753 0.6901675028754783
0.034267338 -0.7229391609861067 0.0006355663856521588 0.0393875207620159 0.6897877853197286
0.034425679 -0.7229795811911285 0.00022106840912670598 0.04035659244645496 0.6896896561175689
0.034577372 -0.7232987325188734 0.00019550428987784736 0.0416670893735698 0.6892769827709319
0.034726316 -0.7238899209851354 2.0354879653098808e-05 0.042134557315302655 0.6886276649697262
0.034900279 -0.7239379732331636 0.000978546275769916 0.04295972315486939 0.6885254647031607
0.035064421000000005 -0.7239275483424135 0.0016504272314291542 0.042849993754602196 0.6885419804747765
0.035227309000000005 -0.724380591547212 0.0002069428982892848 0.04670226921298262 0.6878165553508487
0.035375128 -0.7241855376194274 4.802420665734977e-05 0.048086560929553435 0.6879265858029515
0.035528497 -0.7241131215688932 0.0005794386640417667 0.04908915015583842 0.6879317602492026
0.03567853 -0.7243684414380048 0.0007601626206987282 0.049209395759396736 0.6876541416805848
0.035839259000000005 -0.7245069248028728 0.0013527941397895357 0.04752121986318827 0.6876260753661214
0.036006296 -0.7246886872989873 -0.00039725694698126935 0.04847251544041841 0.6873693068028771
0.03618345 -0.7246997586643684 -0.0002258986396639003 0.049130177451485735 0.6873110172441564
0.036328522 -0.7248123108335511 -0.0014859785608977705 0.051558588593482654 0.6870128222050104
0.036478764000000004 -0.725165995429345 -0.002632578013145848 0.0541700781511857 0.6864349577629822
0.03664042 -0.7256800021864434 -0.0032109569925091973 0.05482475420847926 0.6858370582783178
0.036791225000000004 -0.7255128008696036 -0.00201853854054084 0.05376256922981575 0.6861025341931871
0.036959918 -0.7253368864171588 -0.0034534782072831362 0.056336331471224306 0.6860763022050088
0.03712987 -0.7253909968604406 -0.0026394449694876676 0.0547594868361563 0.6861503724443433
0.037292625 -0.7257171370687096 -0.0014695245086189636 0.054067132343721264 0.685863851403937
0.037446323000000004 -0.7255163079715916 0.0005374577966915683 0.05138688881809479 0.6862836043968885
0.037594583 -0.7257406756478534 0.000932765556578559 0.04970153668891676 0.6861700655882439
0.03774901 -0.7259237735924366 8.406167469282935e-05 0.05065807843033586 0.6859070104297655
0.037915765000000004 -0.7256420367252387 0.0005279276193857752 0.04886086120258044 0.6863351747304075
0.038086025 -0.7256017519800239 0.0015838892810401972 0.04825113109642414 0.6864192721407099
0.038232765 -0.7254922299637383 0.0021624271843310896 0.046907407162200584 0.6866265675927747
0.038387719 -0.7257315286095839 0.002552586732486182 0.048204940782678896 0.6862823882099185
0.038540181 -0.7256738927021219 0.00190892937873431 0.050486666804677414 0.686181356431469
0.038691764000000003 -0.7256845458416834 0.0013446416366752589 0.052855274052677356 0.6859930406864461
0.038863203000000006 -0.7254546691600441 0.0005960677943844073 0.0547909521834267 0.6860853585785881
0.039041192 -0.7254928526526332 -0.0005037092875472695 0.05771825848831265 0.6858049793228215
0.039202092 -0.7253013698230842 -0.0009370571309399813 0.05980136790508019 0.6858285800791428
0.039350485000000004 -0.7249706635450142 -0.0009722194355113159 0.06025206365111824 0.6861386744778738
0.039515488 -0.7247791291861369 -0.0006851977942910087 0.05943665614407952 0.6864124330944038
0.039660581 -0.7249227100341186 -0.0012473051646197982 0.06130706636971915 0.686095439658183
0.039829627 -0.7252242697016208 -0.0015664328199499285 0.062261662247011705 0.6856900103823969
0.040004513000000005 -0.7258503600811471 -0.0010749232344588351 0.06131151061107456 0.6851138576738163
0.040179123000000004 -0.7256675533441637 -0.0014876697832016874 0.061596063335444144 0.6852811932657196
0.040335879000000005 -0.7256884617817183 -0.0014580521055156778 0.0603750609891145 0.6853677717339084
0.040489265 -0.7260055743000646 -0.002106460953269821 0.060837987375131214 0.6849892029803317
0.040627125 -0.7260526475691683 -0.0015156495200937942 0.059628154976187356 0.6850472530405987
0.040772806 -0.7262571195583911 -0.0027349821719482585 0.06137555816025447 0.6846722990042654
0.040950864000000003 -0.726164910310692 -0.002170537300313001 0.06000764409008564 0.6848933453115539
0.041116061 -0.7260640770979067 -0.0008253587276751506 0.05681305916947688 0.6852755292863902
0.041274623 -0.7260919691128822 -0.0017453351447492488 0.058946174872174996 0.6850640515039085
0.04142796 -0.7261834006355967 -0.0012309402181174033 0.05784292060439939 0.685062296410665
0.04157269 -0.7264270733164485 -0.0018729293476211744 0.05982754379066872 0.684631918838535
0.041719729000000004 -0.7265993085967987 -0.002198158836421237 0.061407059575090524 0.6843082535515161
0.04189918 -0.7268243412806771 -0.0013653381669149944 0.06209658325247321 0.6840091571916047
0.042079281 -0.7268707843325547 -0.00020669138990326146 0.05897882509307694 0.6842370337486032
0.042244891 -0.7271146028910411 -0.0007482421972375276 0.06008091772742973 0.683881625518078
0.042410552000000004 -0.7273975620857523 -0.0013248955494874779 0.06069954216448365 0.6835251252913166
0.042563209000000005 -0.72770391376339 -0.0017483996817026918 0.06322674643588971 0.6829687661431745
0.042698230000000004 -0.7273870263765678 -0.00048771100733174854 0.061132432272680996 0.6834988673885676
0.042883684000000005 -0.7270355528636411 0.0015363574826544807 0.05738188310017304 0.6841960712908431
0.043059449 -0.7271261637594201 0.0016899608478714175 0.05778607135472147 0.6840653886626846
0.043230912 -0.7270581921066396 0.0015825587777786895 0.05795980212073297 0.6841231922223263
0.043380943000000005 -0.7268395532857346 0.001117026729488304 0.0591260780378573 0.6842566206669407
0.043525374000000006 -0.7267033661717389 0.0018631676554747246 0.05784956147090409 0.6845087102722479
0.043680133 -0.7261954286670514 0.0037572854896923717 0.05520460335361771 0.6852580053946083
0.043842178 -0.7259998049543137 0.0030754900002361225 0.0555059797802322 0.685444316320585
0.044019796 -0.7259420471288662 0.003558725846545582 0.05411840912825164 0.6856140878614791
0.044192737 -0.7261310302821682 0.002386457573790433 0.05569825517364328 0.6852924456407046
0.044374355000000004 -0.7260033055375061 0.0031059229008670525 0.05480977209861766 0.6854964934075498
0.044522572 -0.7257735702258524 0.0018291693649307528 0.055518270398630304 0.6856873198134844
0.044681194 -0.7259264810979341 -0.00022502708264122455 0.05974565210824068 0.6851723509145308
0.044854002000000004 -0.7259034711708097 0.00012990020561674218 0.05992233469732785 0.6851813245211288
0.045025132 -0.7258967437874189 -0.0007369482957416488 0.06271064141498847 0.6849385006840785
0.045188574 -0.7259601545274699 -0.002375296860930408 0.0664626496042106 0.6845136435534821
0.045339895000000005 -0.7262205975519422 -0.002535870756425764 0.06627104930214159 0.6842553332457123
0.045485564000000006 -0.7261589262851661 -0.0011996912086896904 0.06312039211206312 0.6846222247466109
0.045619081000000006 -0.725888556562876 -0.002703155310322138 0.06613089904601398 0.6846204792392643
0.045783135 -0.7261257590606868 -0.001298582885223183 0.06402159728449237 0.6845735393602174
0.045972095000000004 -0.726319684082036 -0.0013024048550157688 0.0642884931640698 0.6843427576173066
0.046159468 -0.726401147420078 -0.0023561035260021685 0.0666768902371735 0.6840248636645234
0.046328474 -0.7260963941498771 -0.0006997572623249572 0.0638569870594094 0.684620933032299
0.046466943000000004 -0.725865793422125 0.0001760744529789187 0.06239541259806338 0.6850004608934029
0.04661523 -0.7263570989501655 -0.0007819663392676199 0.06529206798433994 0.6842088125650481
0.046793737 -0.7265047679682235 5.406685826324747e-05 0.06277595156092845 0.6842879504286433
0.046975222000000004 -0.726159051430201 0.0032610447996778502 0.05632090521962361 0.6852082553852138
0.047148772000000005 -0.726253894722712 0.002054864050932858 0.058324015584400146 0.6849447913079826
0.04731283 -0.7262774479922517 0.0010602173532878656 0.06003888089198987 0.6847738876872163
0.047469041000000003 -0.7261011114102273 0.0019159739177310336 0.058590197178172335 0.685084442858983
0.047610673000000006 -0.7267273837566545 8.815693576115807e-05 0.06197526113474658 0.684124527358758
0.047758046000000005 -0.7263475997804317 0.0006851730662064357 0.06026850936787578 0.6846797803423512
0.047937067 -0.7269309252879705 -0.00021585788892987512 0.0629113036020975 0.6838227483379246
0.048129092000000005 -0.7270837636493924 -0.0010159240496840842 0.06501308530362701 0.6834628499597211
0.048292408 -0.7269060251994238 -5.042118813266115e-05 0.06411779044862839 0.6837371841098487
0.048458783000000005 -0.7269505386288834 0.0006476282834803618 0.06275809084388771 0.6838157039717749
0.048608877 -0.7270426677620483 0.00025633251090326106 0.06405916943933458 0.6835973349551849
0.048754006 -0.7270099439880264 0.001175444050767806 0.0626287230320756 0.683763703866462
0.048942557000000005 -0.7272026294005182 -0.0009465557617563547 0.0670508359214183 0.6831395356934062
0.049124433 -0.7273375808585311 -0.001098259879596257 0.06744607575982034 0.6829567073839296
0.049280153 -0.7272856826224666 -0.001288982680822368 0.06779241761671043 0.6829773513738971
0.049444468000000005 -0.7272919217402417 -0.0007641963551333348 0.0664590007886311 0.6831025382689591
0.049608305000000005 -0.7275542827760647 -0.00020886211866841663 0.06525585246210114 0.6829395256611429
0.049773119000000005 -0.7275184634715475 -0.0007714453409723175 0.0653050450009215 0.6829725772514685
0.049958299000000005 -0.7275528857297224 -0.0010493237517463431 0.06630290157171392 0.6828393827461844
0.050125417000000005 -0.7276579590222737 -0.0012735888130255284 0.06704277480278392 0.6826547729195325
0.050299566000000004 -0.7271527497662069 -0.0008261351515522928 0.06583667051122319 0.6833108581196065
0.050458515 -0.7274933088056591 -0.0028725884954154597 0.07090191869472759 0.6824354561449288
0.050610805 -0.7279817969931802 -0.004984351597354215 0.07524632627781311 0.6814364606237533
0.050775282000000005 -0.7285120640659524 -0.0065437119799765225 0.07785675539947344 0.6805627656451362
0.050953737000000006 -0.7286270260209273 -0.006836685731258146 0.07848496554578083 0.6803646278749282
0.051138732000000006 -0.7287817845004011 -0.006523995185642376 0.07815715004207627 0.6802396695022499
0.051313548 -0.7292468531777893 -0.006552316835568247 0.07983811827493233 0.679545413599928
0.051463486 -0.7293368325828414 -0.00444218232180832 0.07659355159491764 0.6798393041802789
0.051632483 -0.7294139966883182 -0.004638059446829999 0.07768812063688695 0.6796309776280444
0.051797302 -0.7292734212318779 -0.004852984737029109 0.07805976949774601 0.6797377420813516
0.051982234 -0.7289632515710609 -0.00374211710385624 0.07525680894060109 0.6803932591719337
0.052152176 -0.7295871434599999 -0.004590926820525238 0.07711875126675546 0.6795102807845248
0.052320507 -0.7297517475588321 -0.0059310754095175736 0.07966713344495359 0.6790289810663329
0.052480154 -0.7299458904919287 -0.005398779266079889 0.07864965574276815 0.6789433568331945
0.052632899000000004 -0.7297518969052585 -0.004702609193357153 0.07799069622165856 0.6792330275633051
0.052785582000000004 -0.7300107623533502 -0.00628993003691613 0.08064411705760202 0.67863189581128
0.052946847000000005 -0.7300431281184255 -0.005726353953188055 0.07888261060579713 0.6788090848695841
0.053134193 -0.7300282279622804 -0.006575862561440733 0.08050090868901476 0.678627400058434
0.053298990000000004 -0.7300686017019792 -0.007346389490893536 0.0815315455912418 0.6784530009100624
0.053477345 -0.7300218295043434 -0.005877298243719348 0.07903427738584157 0.6788130588097026
