0 -0.7067529998956005 0.00035399999994770805 0.0003529999999478558 0.7074602089259648
0.0008119140000000001 -0.7075526725377345 -0.0001727535924561982 0.0019256155776662292 0.7066579637600875
0.001107436 -0.7091235347266278 -0.0010413514410270838 0.0014424261047741355 0.7050820147266005
0.001353952 -0.7108694012291598 -0.0014113553089740748 0.0004600729906179549 0.7033224657332732
0.001538405 -0.7122173506506748 -0.0017300016892433244 0.0012693054811451388 0.7019557260895338
0.001734436 -0.7148228299114826 -0.0013511051842650882 -0.0006943909385925784 0.699303949776737
0.0019133770000000002 -0.7155154480980045 -0.0014978353511407882 -0.0015612399594547377 0.6985935603426086
0.00208733 -0.7179354708526321 0.000933039212618119 -0.0053512520083058525 0.6960884665266198
0.0022359890000000003 -0.7187008620223958 0.0005449175180012736 -0.007666341426345523 0.6952769241117518
0.002377506 -0.7199969892196865 0.0018467652671114321 -0.009415699192574881 0.6939108513212272
0.0025128050000000003 -0.722630318183909 0.004815001062047571 -0.013000449062419284 0.6910956716188943
0.002667276 -0.7231417826440253 0.0049123116489800415 -0.013817878510183105 0.6905439143328703
0.002811769 -0.7243288980830561 0.006536653759874779 -0.017746281825350714 0.6891951748530926
0.002982081 -0.726090357539825 0.00824145716664513 -0.01985956442256418 0.6872630273573618
0.0031317750000000003 -0.7265424616109696 0.009042580934313493 -0.02154502783737196 0.6867241767855609
0.003291618 -0.725696788998426 0.008677838554030527 -0.020674324500311477 0.68764921134388
0.0034424480000000003 -0.7251622552084913 0.007629337248761043 -0.021336192017638124 0.6882051029629658
0.0035821100000000003 -0.7235786779030855 0.006787534568609857 -0.01871443501789556 0.6899547783590342
0.0037184590000000003 -0.7202445249889408 0.006062179007464075 -0.012627710903961085 0.6935788456451527
0.003879477 -0.7184678447670794 0.005626677144994807 -0.010240731861966506 0.6954620219328913
0.004030257000000001 -0.7164243421520222 0.004150605298800771 -0.005646851926218051 0.6976295919117963
0.004189202 -0.7131973840195149 0.0025121069361478425 -0.00019202703870073112 0.7009587319322576
0.004343889 -0.7096068266049214 0.0018131456562751292 0.005448916321974474 0.7045744626719298
0.004484364 -0.7056238424401886 0.0015677444033503248 0.012060052710963364 0.7084822441572114
0.0046304530000000005 -0.70233427905866 0.0020732105020024876 0.01637705433297416 0.7116558538709155
0.0047888720000000004 -0.6996501075831735 0.0022803259010623187 0.021084424153429253 0.7141708297954749
0.00497091 -0.6962865253094704 0.0006655591485293386 0.02709082485560488 0.7172522003536324
0.005137509 -0.6932186163114001 -9.12744546141717e-05 0.0313587697945971 0.7200448383435932
0.005274089 -0.6907564978510088 -0.0007042992903790741 0.03569238691770007 0.722205661951799
0.005422473000000001 -0.6890388884682045 -0.0005993244051929238 0.038593469640352436 0.7236957890508123
0.005572906000000001 -0.687958345238858 -0.0005954411405778543 0.039819317106239156 0.724656734358588
0.0057091730000000005 -0.6870486729655009 -0.00039271164775247006 0.042093609719097404 0.7253909944124771
0.0058913820000000006 -0.6861566818436383 -1.4234250697042694e-05 0.04389744661702172 0.7261281029812992
0.006052653000000001 -0.6877007140237715 0.0010971780833949757 0.04086578047883754 0.7248424050214666
0.006193141 -0.6880275872624645 0.0015997165481279913 0.040967572687108704 0.7245254571517028
0.006345535 -0.6899748058004125 0.0022735160771446303 0.03741628335271496 0.7228621031880144
0.006501304 -0.692038889719761 0.0029691007064731193 0.03308845787907442 0.721095356739745
0.006642671 -0.6972065315402476 0.003927737134902441 0.02341552226449812 0.7164770328319658
0.006791040000000001 -0.699599825721494 0.004271646811448036 0.018872773599232447 0.7142728157368483
0.006950607 -0.7037065707475012 0.005665787873082038 0.011777816331903102 0.710370497822806
0.0071113850000000004 -0.7067250888822906 0.005978322150694394 0.0064179559606029205 0.7074338967351429
0.007252740000000001 -0.7135909616717905 0.0071165270208503875 -0.00628215334614071 0.7004982719556319
0.007396482 -0.7181664443441544 0.007499422856299667 -0.014857994774613121 0.6956723056627844
0.007538896000000001 -0.7228231146937786 0.007490709449590211 -0.02398915725984697 0.6905759585087573
