0 -0.7067529998956006 0.00035399999994770816 0.0003529999999478559 0.7074602089259648
0.0008119140000000001 -0.7067518607280405 0.0003565544685021298 0.0003463076604651257 0.7074613489777151
0.001107436 -0.7067628178698259 0.0003624214415328655 0.0003386054729690401 0.7074504034020592
0.001353952 -0.7067863781149344 0.0003764120601164414 0.0002896293500365174 0.7074268797126486
0.001538405 -0.706833829664767 0.0003591860788544588 0.00024156229971175781 0.7073794949491085
0.001734436 -0.7068741527896437 0.00038454068434538396 0.00018242327594302513 0.7073392050269336
0.0019133770000000002 -0.7069070128286177 0.0004694853960177637 7.773231252842979e-05 0.7073063330374412
0.00208733 -0.7069954773099469 0.0005502432913132544 -7.743464778201491e-06 0.7072178534480306
0.0022359890000000003 -0.7070674200688393 0.0006775437392479886 -0.0001455613773961657 0.7071458005415595
0.002377506 -0.7071608984008174 0.000720009348847952 -0.0002692437775603914 0.7070522419646763
0.0025128050000000003 -0.7072241102107216 0.0007749380464358267 -0.0003895509411012734 0.7069889006609241
0.002667276 -0.7073314244061776 0.0008266505278419212 -0.0004973513327433672 0.7068814082560703
0.002811769 -0.7074783840929351 0.0009523659937280648 -0.0006232505283364234 0.7067340663920503
0.002982081 -0.7075424186800652 0.001022425064379667 -0.0006767928987957719 0.7066698114159992
0.0031317750000000003 -0.7075956364291661 0.001146756866032196 -0.0007344093194360423 0.7066162755683213
0.003291618 -0.7076813340794951 0.0011824934523145434 -0.0007640396998026236 0.7065303584051
0.0034424480000000003 -0.7077164447597569 0.0012377876140391147 -0.0008748809700010937 0.7064949655034503
0.0035821100000000003 -0.7077858480776749 0.0013180245024242859 -0.0009504157931206724 0.706425192629905
0.0037184590000000003 -0.707927733623788 0.0013256106371724052 -0.0009870265445910845 0.7062829408256484
0.003879477 -0.7079823262366363 0.001344806414841482 -0.001003742156518791 0.7062281569959892
0.004030257000000001 -0.7080363090657477 0.001360675726124861 -0.001068617488507379 0.7061739103526732
0.004189202 -0.7080808237995131 0.0014542175357281333 -0.0011637058701702157 0.7061289386559724
0.004343889 -0.7081571530761976 0.001550561254309733 -0.0012242673984919508 0.7060520826937267
0.004484364 -0.70814360249979 0.001669212624813683 -0.0013368792857112127 0.7060651986336732
0.0046304530000000005 -0.7082441994947055 0.0017523105057947372 -0.0013403225515808148 0.7059640832403964
0.0047888720000000004 -0.7083224731651311 0.0017453335487749595 -0.001392032116349477 0.7058854652609186
0.00497091 -0.7083754055100633 0.001721493641976358 -0.0013410946929532333 0.7058325033555192
0.005137509 -0.7084063442955437 0.0016839001226807164 -0.0014950394522421136 0.7058012331380821
0.005274089 -0.7084420585279665 0.0015957750665452936 -0.0015051652294518299 0.7057655685057377
0.005422473000000001 -0.7084396702217776 0.0015002107202785843 -0.001364107212842027 0.7057684621994428
0.005572906000000001 -0.7084637197669543 0.0014731532365902633 -0.0014014900953803276 0.7057443045601042
0.0057091730000000005 -0.7084963535174321 0.0012969210356417488 -0.0011848542422123486 0.7057122863949263
0.0058913820000000006 -0.7085711232544053 0.0011416237590128606 -0.0009853360726852418 0.7056377888818084
0.006052653000000001 -0.7086508306898895 0.0010735313130999812 -0.0008347132839660878 0.7055580422238721
0.006193141 -0.7086866895720207 0.0009101748427193597 -0.0006254758827224078 0.7055224705033333
0.006345535 -0.708729669734785 0.0008538427864830904 -0.0004475133955327087 0.705479500709893
0.006501304 -0.7087417420996953 0.0006954084971429682 -0.00024890497297024825 0.7054676445159098
0.006642671 -0.7087891228697643 0.0006251493315924782 -0.00019697711214489817 0.7054201228274121
0.006791040000000001 -0.708823268202698 0.00041137780185688085 -4.235596374572053e-05 0.7053859960537373
0.006950607 -0.7088955267254801 0.00024557781102014603 0.00021391750316103694 0.7053134240317884
0.0071113850000000004 -0.7089264946246129 0.000162256585451084 0.0003957034099827946 0.7052822430140087
0.007252740000000001 -0.7089348859768646 -9.195572020567038e-05 0.0007275703476643311 0.7052735565938264
0.007396482 -0.7089241371106075 -0.0004950455144609917 0.0012754702986626466 0.7052834153214131
0.007538896000000001 -0.7089241418572121 -0.0007488103731674016 0.001575719714092454 0.7052825798801666
0.007670357000000001 -0.708902912219163 -0.00100625910983495 0.0017946329695723378 0.7053030751260756
0.007837687000000001 -0.7088793646695635 -0.0014103792473550746 0.0023915042723814737 0.7053242785296493
0.008014323 -0.708861225596136 -0.0015140292282276662 0.0025651730714600775 0.7053416834761392
0.008162945000000001 -0.7088014782444044 -0.0018883116477178964 0.0027847985677707725 0.7053999883857426
0.00831027 -0.7087846965332615 -0.002103442166029501 0.003097556099774733 0.7054149379177592
0.008474474000000001 -0.7087874874891289 -0.0022701174239754605 0.0032611145523949903 0.7054108797556259
0.008634332 -0.7087796539796313 -0.00217042853791839 0.0031329649690765697 0.7054196452289794
0.008770539 -0.7087349696590818 -0.002380358586209439 0.003325008010285894 0.7054629834350444
0.00893477 -0.7086882791799082 -0.0026596580607414376 0.003630069755621657 0.7055073860460926
0.00910297 -0.7087609182259902 -0.002821958089144939 0.003656585276826782 0.7054336444571583
0.009277073 -0.7087613058666844 -0.00292377135670853 0.0037621634980698846 0.705432285193285
0.00944785 -0.7087774623521957 -0.0028911833874245654 0.0037964323673241626 0.7054160028107408
0.009610214 -0.708776498295932 -0.003235893812802296 0.004126944584891736 0.7054136182290378
0.009769603 -0.7087854266068238 -0.0033342961617635674 0.004108038440192849 0.7054042993341214
0.009921175 -0.7087313624617063 -0.0031490869721145604 0.0040158687119870974 0.7054600002217732
0.01009428 -0.7087079990780061 -0.0029122194805117677 0.004003569456657391 0.7054845586206353
0.010248041000000001 -0.7086222050703964 -0.00289799500660777 0.003755991471683533 0.7055721540949417
0.010411100000000001 -0.7086387698336776 -0.003097296171625906 0.00403101048298573 0.705553152922956
0.010554597 -0.7085674744198972 -0.003131112409063034 0.004132683445204621 0.7056240155045974
0.010711724 -0.7085148388260181 -0.003076768986045813 0.004109553164902094 0.7056772408323322
0.010874328 -0.7084550731878818 -0.003278387869769702 0.004320807502886202 0.7057350721551621
0.01104269 -0.708436049807754 -0.0029675532104560917 0.0039040053683599063 0.7057579724684753
0.011215826 -0.7084639070864173 -0.002944958008259545 0.003956831154808711 0.7057298088258641
0.011369738 -0.7084497634030448 -0.0029848449882055794 0.004049782484129093 0.7057433121868021
0.011517237000000001 -0.7084235831673271 -0.0026483419691113214 0.003846851448397826 0.7057720700276503
0.011661505 -0.7084535727782565 -0.002560211199586009 0.00400851408358433 0.7057413919780954
0.011833910000000001 -0.708459523623286 -0.002617687457403396 0.004102718912522266 0.7057346660022924
0.0120081 -0.7085782936358122 -0.002663048002124382 0.0042978791507297335 0.7056140858842781
0.012167805 -0.708554702086864 -0.002727068602977568 0.004395082501946245 0.705636932492363
0.012318448000000001 -0.7084669920040939 -0.0027346223936877134 0.004415781416672305 0.7057248358641744
0.012488810000000001 -0.7084685282245096 -0.002642488327775244 0.004303918179303036 0.7057243357424634
0.012638566 -0.7084725241567306 -0.002991942301962125 0.004708475813299605 0.7057163460284653
0.012787986000000001 -0.7082704322025574 -0.0033985764574525163 0.005285780697929657 0.705913241884638
0.012956619 -0.7081301855475377 -0.0036649985195457715 0.005643113245737664 0.7060498306601014
0.013114013 -0.7081177305854723 -0.0035310117715063095 0.00563975723620768 0.7060630316938191
0.013281586000000001 -0.7080843994125634 -0.0036439796014542396 0.005724351209073203 0.7060952035840842
0.013441452000000001 -0.7081059385547861 -0.0033098925742347583 0.005365179074884883 0.7060780688054882
0.013612141000000001 -0.7080259715015479 -0.0032989545153874976 0.005234460777277799 0.7061592886868844
0.013774621 -0.7079767313377447 -0.0029636160059870525 0.004788384639022506 0.7062133078872426
0.013984332 -0.7079420242566763 -0.003089528822512726 0.004813372908008831 0.7062473904689939
0.014146009000000001 -0.7078806154361726 -0.0031644813888346062 0.004941893351992949 0.7063077219154151
0.014298044000000001 -0.7078271442286753 -0.0030043552857054955 0.004745232321032355 0.7063633558676549
0.014453051000000001 -0.707824309866773 -0.002975429584763408 0.004749701108554956 0.7063662884932947
0.014593866 -0.7078027149311182 -0.0032140408258700907 0.004843462163842118 0.7063862453020838
0.014738074 -0.7076351281440523 -0.0032350428114371766 0.004870890268191201 0.7065538439089796
0.014898843 -0.7075676325146262 -0.00340150665923763 0.005121552441494312 0.7066188823338105
0.015076491000000001 -0.7075835733171856 -0.0037869393087130716 0.005571941348769261 0.7065975511788599
0.015232200000000001 -0.7075248887357997 -0.004102449258216444 0.005974586944253288 0.7066512619675452
0.015373739 -0.7073780338213754 -0.0042118400154742535 0.00603642785322263 0.7067970990386578
0.015527601 -0.7073697307342305 -0.0041071672447469225 0.005872100695675658 0.7068074091657687
0.015677059 -0.7072015260082672 -0.004224214385920842 0.0059875111316271224 0.7069740499727337
0.015846579 -0.707156753618174 -0.004130885625148765 0.005838679100031588 0.707020630125122
0.016018749000000002 -0.7070249028187009 -0.004275297745979502 0.005940694442506574 0.7071507737200965
0.016202093 -0.706974849456289 -0.004470592395641791 0.0064414132483307475 0.7071952235664877
0.016336692 -0.7068875911784522 -0.004931246290639294 0.006946468160618119 0.7072746021369921
0.016483077000000002 -0.7069198700013343 -0.004846644126920969 0.006737644099405316 0.7072449445489122
0.016629701 -0.706739122894132 -0.005156544025565945 0.007163106706973157 0.7074191912344834
0.016773820000000002 -0.7068821489845445 -0.005215009656582699 0.007177933201711614 0.707275694758576
0.016945331 -0.7066733664787602 -0.005548980322732136 0.007590439929556973 0.7074774534560306
0.017112046000000002 -0.7065583860958357 -0.005719907036415235 0.007849497535154577 0.7075880970519423
0.017259267000000002 -0.706437551940791 -0.00593930500022502 0.008255128781392935 0.7077023122138428
0.017392473000000002 -0.7064959051027092 -0.00580895157331316 0.008190631813648114 0.7076458900503955
0.017549033000000002 -0.7063928222986996 -0.0058067267624127335 0.008412135486786244 0.7077462105202239
0.017692808 -0.7063284031546319 -0.0059808580213141305 0.008718668595996754 0.7078053412148501
0.017864902000000002 -0.7063653107335811 -0.0058372026558766625 0.008799893600605109 0.7077687028472113
0.018051845 -0.7063370813338745 -0.005966515663182422 0.008976596179954404 0.7077935779198672
0.018208385 -0.7062170592657029 -0.005994216050379202 0.009191786057718455 0.7079103372921699
0.018361055 -0.7060682880637519 -0.006040889846628223 0.009254974264858155 0.7080575016846732
0.018512973000000002 -0.7060482078381463 -0.006188870312338004 0.009397281766584711 0.7080743726390604
0.018659755 -0.7060570205137674 -0.006119429945873724 0.009401983266281989 0.7080661261993968
0.018822792 -0.7060826798173466 -0.0060048455903937 0.009254973417994854 0.7080434566878102
0.018996141 -0.7060448630733421 -0.00629032888605809 0.009660065643026178 0.7080732774381643
0.019171068000000003 -0.7060140330911159 -0.006459582328925305 0.009995419999294333 0.7080978396052278
0.019340124 -0.7060889905003513 -0.0062564727863111055 0.009954039788999409 0.7080255017542436
0.019496746000000002 -0.7060199627604806 -0.006321032381529509 0.010122106469369495 0.7080913780677918
0.019643515 -0.7059813350931152 -0.006383096167805883 0.010046154272817898 0.7081304155081762
0.019804754 -0.7059984973366515 -0.00611469933238307 0.010029179291254497 0.7081159140798977
0.019980788000000003 -0.7059164251236978 -0.00605926146837715 0.009822221674222515 0.7082011084800839
0.020147154 -0.7058823677044802 -0.006267454775809233 0.010000234398845077 0.7082307514408838
0.020294878000000002 -0.7058566443184238 -0.006732771351731279 0.010614481253586274 0.7082431787523106
0.020434605 -0.7058670650612492 -0.006697579024519844 0.010810788010204431 0.7082301573356132
0.020576913000000002 -0.7057937195861445 -0.006861429486568921 0.010882081635321544 0.7083005904822038
0.020722581 -0.7057036255750406 -0.0064849082327272265 0.010845046058059152 0.7083944690576396
0.020902142000000002 -0.7055034062195504 -0.006772754336872443 0.011332723240449866 0.708583546940839
0.021065292000000003 -0.7055239306900326 -0.006516672854005538 0.0111166202962856 0.7085689359206969
0.021227428000000003 -0.7056413478662147 -0.006578065312323317 0.01108225105353495 0.7084519750483342
0.021376911000000002 -0.7056851064766703 -0.006616418896947671 0.011278889172343327 0.708404926688846
0.021526103 -0.7056775299498756 -0.006556437740321588 0.011160380395190683 0.70841490862166
0.021703738 -0.705569159811967 -0.0068424587090713815 0.011494763019103533 0.7085147930030712
0.02187725 -0.7054251864327287 -0.006958090876833888 0.011782427543536542 0.7086522883042723
0.022038845 -0.7052795723022056 -0.007392365824009121 0.012565264421956672 0.7087793676107882
0.022195476000000002 -0.7052451228644404 -0.0074706112673967725 0.01249787698925192 0.7088140163075035
0.022344431 -0.705263817591295 -0.007806254508211983 0.01275797446926164 0.7087871641575825
0.02251736 -0.7052315666357182 -0.00800514392069999 0.012952159173124037 0.7088135133193315
0.022662632000000002 -0.7052286330297903 -0.00815544321176849 0.012993665556390113 0.708813959058625
0.022795724 -0.7052739031729438 -0.008277430315640346 0.012967746080263937 0.7087679755831022
0.022969917000000003 -0.7052075507239878 -0.008618355251478929 0.013511470688469583 0.7088197757642409
0.023118759000000003 -0.7050234028061615 -0.008738795448518107 0.013746182117341866 0.7089969516344392
0.023287702 -0.7049625770998194 -0.008840551730256904 0.013898398780322991 0.7090532025491667
0.023452348 -0.7049245909426135 -0.0089927337066968 0.014203965095381728 0.7090829988093349
0.023595925 -0.7048374619346468 -0.009168134128866422 0.014395266344743082 0.7091635029222704
0.023742033000000003 -0.7048340073673298 -0.009175957962063387 0.014495625929734902 0.709164790921613
0.023926529000000002 -0.7048246361310653 -0.009314784197941671 0.014788572968047437 0.7091662465230749
0.024072153000000002 -0.7047181725580953 -0.009245451419550315 0.014742930619833523 0.7092738997673371
0.024241205000000002 -0.7047244565913134 -0.009389724557510503 0.014976055270981411 0.7092608766337907
0.024389498000000003 -0.7045452173973031 -0.009585383784968461 0.015326450699646606 0.7094288244561491
0.024540758000000003 -0.7044532814133905 -0.009556113644650298 0.015480422936821947 0.7095171678709506
0.024678138000000002 -0.7044959569672866 -0.009518896469558804 0.015558158078359172 0.7094735942541894
0.024841357 -0.7044816450026933 -0.009610763784379325 0.015834667216220066 0.7094804496164304
0.024998217000000003 -0.7043831184821211 -0.010018383824535767 0.016251868202847367 0.7095631974411188
0.025152347000000002 -0.7043946206672422 -0.010037878692760504 0.016428550291987296 0.7095474347087061
0.025311473 -0.7042143167206987 -0.009908433376244353 0.016332353828777332 0.7097304229720185
0.025466062 -0.7042488378859563 -0.010075675941873464 0.01649767219674033 0.7096899899975226
0.025610839000000003 -0.7041330857334576 -0.010234686392362176 0.016816262618906737 0.7097950845712174
0.02575681 -0.7039813049113224 -0.010334361039108156 0.016976806525634013 0.709940357605804
0.025939543000000002 -0.7038564474831296 -0.010410985813483663 0.0171867688993422 0.7100579748764329
0.026114605000000003 -0.7038617848126061 -0.010312879230095735 0.01709076397519108 0.7100564331017238
0.026272861 -0.7038447773263615 -0.010436776454936398 0.017482518271131876 0.7100619442573544
0.026434337000000002 -0.7037554329619672 -0.010685327152508702 0.017718367213750016 0.7101409534898246
0.026564745 -0.7038391178334823 -0.010574889218069372 0.017691425301650403 0.7100603364476906
0.026715333 -0.7037793810894645 -0.011062085678269152 0.01816231817590912 0.710100234623433
0.026897746 -0.7037042167375839 -0.011167194636067478 0.01827523778463454 0.7101701801636136
0.027078968000000002 -0.7037436267412629 -0.011065258905509533 0.01814519131531268 0.7101360573147509
0.027234919000000003 -0.7037043155675895 -0.011138774525841251 0.018142826342958555 0.710173923631319
0.027380643000000003 -0.7037470627014587 -0.010874855715600635 0.017700748302100305 0.7101468107101377
0.027510992 -0.7037786377008519 -0.01098164937411508 0.01795395484367145 0.7101075186184335
0.027665715 -0.7037236776633546 -0.010966411681135617 0.018141709080996795 0.710157448529848
0.027822051 -0.7037861122463345 -0.01091587486876396 0.017991775036709574 0.7101001675229124
0.027999605 -0.7036793941131501 -0.011193519151292929 0.018559356614934436 0.7101869934824206
0.028165612000000003 -0.7037354474896552 -0.011395363687422066 0.018690342987142648 0.7101248036169343
0.028308157 -0.7036169951635911 -0.01174312739012429 0.01913167290031271 0.710224754685511
0.028444601000000003 -0.703491360058121 -0.01169351015270426 0.019264010984859754 0.7103464408474637
0.028587088 -0.7034621985454417 -0.011873459825614314 0.019548755209441875 0.7103645559423307
0.028727548000000002 -0.7034738458667569 -0.01194935032973209 0.01967101789632576 0.7103483738723237
0.028898661000000003 -0.7034191725679962 -0.012165286007989596 0.01983162232035063 0.7103943835900187
0.029081631 -0.703368022666973 -0.01249996315064851 0.020254996181244322 0.7104272733647571
0.029246766 -0.70325700799324 -0.012906891638984007 0.020713208482318696 0.7105166823171599
0.029408052 -0.7031916001066075 -0.012800346323194278 0.02062619452490788 0.7105858743128352
0.029553313 -0.7031503002347119 -0.012710884948423509 0.020511724446224112 0.7106316611606219
0.029700007 -0.7031403416542172 -0.012589487427602342 0.020525953241245905 0.7106432649285009
0.029855498 -0.7032970418345758 -0.012167471200250492 0.020055323552914645 0.7105089778380808
0.030011006000000003 -0.7033069847318465 -0.012005097861273177 0.019692624885797393 0.710512043091352
0.030176635 -0.7031374309154025 -0.012318400388317108 0.019798832789528185 0.7106715250224491
0.030334225000000003 -0.7030267365756849 -0.012575667198908748 0.0200664797134775 0.7107690177871807
0.030481386000000003 -0.7030964084280048 -0.012312701664023751 0.01957893336448499 0.7107183008771355
0.030621836000000003 -0.7031013936612625 -0.01234648326531893 0.02003077476816039 0.7107001918142117
0.030784713000000002 -0.7032019670278044 -0.012004866468879244 0.01965371728060065 0.7106170615362016
0.030954541000000002 -0.7032200321933555 -0.01234181616600237 0.020100621991609544 0.7105809108688831
0.03112213 -0.7031368115768675 -0.011995669451335272 0.019586580139541992 0.7106835399799046
0.031274397 -0.703384121826808 -0.011933939885795098 0.019513856981016972 0.7104418115697141
0.031427898 -0.7032938912073268 -0.011946854439297088 0.019534355136090007 0.7105303541924726
0.031573757 -0.7032961645770772 -0.011727233586278673 0.019169427042471796 0.7105417017673554
0.031715318 -0.7032232139331586 -0.011787622986643705 0.019496480711387976 0.7106040040484677
0.031892311 -0.7031943236369264 -0.011891343757893075 0.019972626957213673 0.7106176421401776
0.032054867 -0.7031800738641215 -0.01191011497377568 0.020036275124820688 0.7106296367031725
0.032215607 -0.7030954886701961 -0.011886947835436952 0.020038164927082904 0.7107136598019846
0.032387286 -0.7031562913884222 -0.011421097104348459 0.019572610067556256 0.7106741175510454
0.032526643 -0.7030295953749603 -0.011800407494347466 0.020230960490389832 0.7107748213376184
0.032681417000000004 -0.7029926056796594 -0.011518140422774959 0.0197085295342898 0.7108307130847122
0.032840965 -0.7030202984216766 -0.01175237642296155 0.020057277811985495 0.7107897349162289
0.033017888 -0.7030796120588275 -0.011775887442584045 0.019939149495376576 0.7107339993974887
0.033173541 -0.7032151564153458 -0.012088292462532695 0.020169424055392144 0.7105881446424188
0.03333398 -0.7032286601184881 -0.01248417808512556 0.020324422843135518 0.7105635191322368
0.033483428 -0.7032513831081816 -0.011959506456713185 0.01954360420873073 0.7105719596890059
0.033630006000000004 -0.7031799726159943 -0.012111154105908677 0.01978211684424136 0.7106334596056911
0.033771858 -0.7029948493016231 -0.012599412709382238 0.020448030701716455 0.7107892618035171
0.033946741 -0.702878508899164 -0.0124970514553347 0.020369511764815117 0.7109083685138851
0.034106865 -0.7028634908023648 -0.012753481787140175 0.020825326385036917 0.7109054562882298
0.034267338 -0.7027599352012 -0.013091268804634307 0.02137415460048074 0.7109853990569743
0.034425679 -0.7027099646026321 -0.013127346974824095 0.021547775373158246 0.7110288825259056
0.034577372 -0.7027073673613623 -0.013258373267551866 0.021657805763056134 0.7110256752353544
0.034726316 -0.7028423563436579 -0.012696129776770529 0.021109174238194035 0.7109190060625528
0.034900279 -0.702865277083659 -0.012655626312897511 0.02102400844543072 0.7108995909842868
0.035064421000000005 -0.7027226650031593 -0.013069052228501845 0.0216595361388325 0.7110140086235693
0.035227309000000005 -0.7025157361179727 -0.01376096665870895 0.022743241760126428 0.7111715835559528
0.035375128 -0.7022914159836278 -0.014487425674785125 0.02381936469012297 0.7113434609236158
0.035528497 -0.702293635260053 -0.014701938044855652 0.02412764941831799 0.7113264787876885
0.03567853 -0.7023735872947531 -0.01419728557632214 0.02357981157786479 0.7112761583512531
0.035839259000000005 -0.7024095227806362 -0.014190125653060664 0.023657587944240954 0.7112382309561894
0.036006296 -0.7024742685721252 -0.013688944814462044 0.02287263553353369 0.7112097843306674
0.03618345 -0.7024821575027222 -0.013388902581924433 0.02228711074168856 0.7112262933643273
0.036328522 -0.7024799923913975 -0.01348732437019008 0.022541462427569416 0.7112185563121524
0.036478764000000004 -0.7024142206418982 -0.013788096898270367 0.023039319949914264 0.7112617948127148
0.03664042 -0.7023851912694812 -0.014220718933345217 0.02332181616143304 0.7112727375130343
0.036791225000000004 -0.702246885692973 -0.014701484497638613 0.02428550545038738 0.7113672694980462
0.036959918 -0.702186300620675 -0.014716235595344252 0.02444221118483425 0.7114214010999033
0.03712987 -0.7022217691926961 -0.014730437120036624 0.02426377042735553 0.7113922058462416
0.037292625 -0.7022522892374975 -0.014864944484626172 0.02441730913097244 0.7113540262773284
0.037446323000000004 -0.702175917527948 -0.014976269855665972 0.02446182221252305 0.7114255487674294
0.037594583 -0.7021324014325022 -0.01476272397760843 0.02441270754971049 0.711474646455853
0.03774901 -0.7020183608074613 -0.014914878473555451 0.02481645823323359 0.7115700323159223
0.037915765000000004 -0.7020611912381589 -0.014542307931105185 0.024300564186753627 0.7115532921837266
0.038086025 -0.7020954066586724 -0.01458603033719385 0.024528766502955966 0.7115108061594284
0.038232765 -0.7019323536496301 -0.014667319022382514 0.02470297249267952 0.7116639683183437
0.038387719 -0.7018127375919805 -0.014917875646340766 0.025171457662221675 0.711760308010365
0.038540181 -0.7018069187763617 -0.015191315916439905 0.02538449881486963 0.7117526957435949
0.038691764000000003 -0.701779164394602 -0.015492009940559397 0.025743780947377167 0.711760675924253
0.038863203000000006 -0.7016530860808808 -0.01599058301409174 0.026407908684119998 0.7118496122124228
0.039041192 -0.7015654024176381 -0.01607568358228873 0.026729406674534363 0.7119221146633717
0.039202092 -0.7015249789693068 -0.01584697450417874 0.026169434727912874 0.7119878776827588
0.039350485000000004 -0.701430039642655 -0.01598203511625607 0.026662390430021013 0.7120601034863583
0.039515488 -0.7013690753694558 -0.01650137101552546 0.027305293941780117 0.7120839457485021
0.039660581 -0.7012077844333205 -0.017226708943979856 0.028052331601564538 0.7121965671363413
0.039829627 -0.7012499304228648 -0.017339463541452518 0.028150295722717805 0.712148466920168
0.040004513000000005 -0.7012197466350995 -0.017679294169629694 0.028779188815216423 0.7121446958152597
0.040179123000000004 -0.7012372343515837 -0.017946559858601056 0.028940047201751543 0.7121142715998214
0.040335879000000005 -0.7011426889341104 -0.018301226497131617 0.029222136791431368 0.712186816491494
0.040489265 -0.7011000749743832 -0.018134766862269714 0.029175071815444896 0.7122349544120459
0.040627125 -0.701064514001068 -0.018389246454200116 0.029762865663431667 0.7122391133957707
0.040772806 -0.701106092959699 -0.018511505218496264 0.030013967307302904 0.7121844791595837
0.040950864000000003 -0.701092540058482 -0.018379070612262717 0.03028030062813829 0.7121899770648594
0.041116061 -0.7010207651417356 -0.01866458684237584 0.03051666494848027 0.7122431138301873
0.041274623 -0.70107624069718 -0.01878502668491949 0.030751273717495097 0.7121752499680879
0.04142796 -0.7011655121664547 -0.018770934685723766 0.030444430233243065 0.7121009150584983
0.04157269 -0.7010832654068598 -0.019167549797644567 0.030954828669481203 0.712149323234427
0.041719729000000004 -0.7011020136332972 -0.019139122923769215 0.030789852416830146 0.712138782430219
0.04189918 -0.7008358556172292 -0.019560841091514156 0.03157010103357478 0.7123551120738789
0.042079281 -0.700777843105112 -0.019838043113370663 0.03179170890454428 0.7123946616190409
0.042244891 -0.7008132157252137 -0.01964491774185693 0.031683180634524646 0.7123700512631624
0.042410552000000004 -0.7008360607066467 -0.01994914618052856 0.032272046239138985 0.7123126859823543
0.042563209000000005 -0.7007627381097565 -0.019975910008684716 0.0323693427595089 0.7123796554826358
0.042698230000000004 -0.7007313170267983 -0.020302416489487322 0.032568571864750276 0.7123922524489346
0.042883684000000005 -0.7005685067150028 -0.020497987524598603 0.03267684005349342 0.7125418051108797
0.043059449 -0.7004988104223774 -0.020547989510303368 0.0325573879930451 0.7126143509718204
0.043230912 -0.7003643297714391 -0.020560550922950213 0.032712992876907286 0.7127390331857678
0.043380943000000005 -0.7003189382544489 -0.020608046345871114 0.03254220474741646 0.7127900799380872
0.043525374000000006 -0.700253886945892 -0.02084757692640847 0.032786195744614034 0.7128358420576669
0.043680133 -0.7001805756945045 -0.021280329483707786 0.03347883773319603 0.712862873504583
0.043842178 -0.7002450329735762 -0.021431881245032845 0.03381654576983811 0.7127790748151421
0.044019796 -0.7002954896432888 -0.021750880369373234 0.033969536479451265 0.7127125626644969
0.044192737 -0.7002596664000752 -0.02212459835260071 0.03405536487315752 0.7127321613932875
0.044374355000000004 -0.7001743294822228 -0.022308233243835237 0.03414405617259792 0.7128060286583865
0.044522572 -0.7000510393980269 -0.022462603198743953 0.034313133605902 0.7129141480973856
0.044681194 -0.6999953691911835 -0.022875203623379175 0.034662091825667166 0.7129388105302981
0.044854002000000004 -0.6999177638846338 -0.0229390663461093 0.03471797969272938 0.7130102277807504
0.045025132 -0.6997453712258161 -0.023311658435244968 0.03540586712310275 0.7131335124661469
0.045188574 -0.6997502047297579 -0.023319217882491652 0.0353973317879719 0.7131289462364451
0.045339895000000005 -0.6996886207819085 -0.023424143618326596 0.03562974354211577 0.7131743579372307
0.045485564000000006 -0.6996936024802319 -0.023667523968302816 0.03578437202850256 0.7131536928853207
0.045619081000000006 -0.6996987459670935 -0.02386983105812816 0.03592473978630763 0.7131348463850428
0.045783135 -0.6996181914296253 -0.024383594842833017 0.036550461116236756 0.7131647006936551
0.045972095000000004 -0.6996268832682043 -0.02414176605145471 0.03656339367868161 0.7131637382698538
0.046159468 -0.6995159197137599 -0.024624750326722566 0.03729750622068817 0.7132180562549412
0.046328474 -0.6994807074370877 -0.024892513192854786 0.03730025696279916 0.7132431517657661
0.046466943000000004 -0.6994164448755363 -0.02526917441637297 0.03748901430528587 0.7132830288661003
0.04661523 -0.6993802658191294 -0.02525466769413468 0.03748698102114463 0.7133191233917275
0.046793737 -0.6993162850965454 -0.02532195368943095 0.03733704464197203 0.7133873261822923
0.046975222000000004 -0.6992673150199463 -0.02549298306415648 0.03761035861992754 0.713414879914742
0.047148772000000005 -0.6992591145290962 -0.025608421554005553 0.037919176436697954 0.713402435902667
0.04731283 -0.6993359137504579 -0.025256487565531605 0.0376962925627684 0.7133515115997764
0.047469041000000003 -0.6991899471121514 -0.025123653903284218 0.0376404845131221 0.7135022170935923
0.047610673000000006 -0.6992108276319647 -0.025085163677688857 0.03759574065737543 0.7134854682261647
0.047758046000000005 -0.6992094642194024 -0.025594720127580548 0.03787967013469198 0.7134536887830164
0.047937067 -0.6992505140819478 -0.025797075193152913 0.03798254283963081 0.713400698000111
0.048129092000000005 -0.6992166611408083 -0.025798741468511622 0.03796660063219398 0.7134346662156078
0.048292408 -0.6991173456816743 -0.026050966783302005 0.03851387757241561 0.713493493544967
0.048458783000000005 -0.6989569035855068 -0.02613507636467852 0.03903341324339904 0.7136193644823144
0.048608877 -0.6990102269664792 -0.02653925646247419 0.03928382262068472 0.7135384725037579
0.048754006 -0.6989923163785268 -0.026076823682402918 0.03901059547299519 0.7135880564802498
0.048942557000000005 -0.6990356913005925 -0.025911421756255267 0.03903974676383187 0.7135499973254064
0.049124433 -0.6989228946072714 -0.025898904931627307 0.039254588711186075 0.7136491514618724
0.049280153 -0.6989924429644346 -0.02600689377460719 0.039076281076930244 0.7135868905830627
0.049444468000000005 -0.698938407879185 -0.026080939049934457 0.03940051806066441 0.7136192863047733
0.049608305000000005 -0.6989140547177497 -0.026366882240977284 0.03972861367492461 0.7136144399424332
0.049773119000000005 -0.6989584009342079 -0.026295831802699444 0.03980905359975387 0.7135691432824084
0.049958299000000005 -0.6987857075379384 -0.02632474652962946 0.040160976712474046 0.7137174781454864
0.050125417000000005 -0.698738760140062 -0.026656181777425784 0.04051260400614102 0.7137312673321933
0.050299566000000004 -0.6987321865912823 -0.02665270318045686 0.040133373579118566 0.7137592571446608
0.050458515 -0.6987488267068817 -0.026550984570560394 0.039959656004141766 0.713756504899339
0.050610805 -0.6987666766841132 -0.02638653810673005 0.040000844600219694 0.7137428210454032
0.050775282000000005 -0.6987908685790412 -0.02596267199157962 0.03974363358588085 0.7137490492063702
0.050953737000000006 -0.6986412755266865 -0.02614800085225596 0.04005557965258733 0.7138712774167127
0.051138732000000006 -0.6987587245267551 -0.02605024250129709 0.03961092510011866 0.7137847044985469
0.051313548 -0.6987522385319583 -0.02638388702398925 0.03986568043777207 0.7137646160852436
0.051463486 -0.6986521959357773 -0.026215869247408718 0.03989010029298476 0.713867366681188
0.051632483 -0.6986899082870963 -0.025930111433282856 0.03944883030614392 0.7138654153034049
0.051797302 -0.6985969148943515 -0.025886857295992202 0.039246523238390056 0.7139691390621368
0.051982234 -0.6987048627025874 -0.025783288491862778 0.038991829347821506 0.7138812044832205
0.052152176 -0.6988211310006258 -0.025451184840929952 0.03860270649537527 0.7138004588877974
0.052320507 -0.6987679687941123 -0.025672767079569222 0.038842204766707945 0.7138315753360095
0.052480154 -0.6987676900985014 -0.025803595734821477 0.03899055487319746 0.7138190431420545
0.052632899000000004 -0.6985694971331233 -0.026349545935125587 0.03946548788803158 0.7139669700833133
0.052785582000000004 -0.6984939584259925 -0.02631518689980653 0.03966944058033826 0.7140308371946259
0.052946847000000005 -0.6984357322211163 -0.026667590026237784 0.040026438954390814 0.7140547960651027
0.053134193 -0.6981932239849599 -0.02678695908817932 0.04082498399969524 0.7142422568608775
0.053298990000000004 -0.6980774108803501 -0.026642452091719414 0.04119438107735323 0.7143396468996945
0.053477345 -0.6979038582192407 -0.026775116033186545 0.04147852570588865 0.7144878093777195
0.053646302 -0.6979416883761439 -0.02747008098973471 0.04211070748579095 0.714387487706861
0.053815076 -0.6979417704565875 -0.027670562624048257 0.042413551062876066 0.7143617540869813
0.053987378 -0.697972842254703 -0.02796651948153343 0.042743422392911706 0.7143002065694233
0.05415198500000001 -0.6978967346061209 -0.028239109647513975 0.04307343330178066 0.7143440206623315
0.054314743000000006 -0.6978158151732757 -0.02819932626428999 0.04314449472115936 0.7144203515211138
0.054485413 -0.6975640887632235 -0.028155581851554604 0.0435066697773516 0.7146459087991882
0.054641775000000004 -0.6976533790919177 -0.02819905158827015 0.04358790394167561 0.7145520770112711
0.054798947 -0.6975125179138539 -0.028219600525680948 0.04365990017771619 0.7146843741233732
0.054981307 -0.6974713515540516 -0.028178245976397124 0.043625536076125716 0.714728279010372
0.055174895 -0.6974269719362192 -0.028208362984305863 0.04382075951674769 0.7147584543809162
0.055337908000000005 -0.6973325727346701 -0.02844354932778286 0.04403127322948638 0.7148282972033728
0.055489781 -0.6972730655254942 -0.0284385702608837 0.04402020956429554 0.7148872225492013
0.055650716 -0.6972329373747567 -0.028570873549974292 0.04405565896859156 0.7149189010910274
0.055826484 -0.6971954588224182 -0.028267633848772938 0.043678550256414116 0.7149906414223102
0.056000397 -0.6972063538495973 -0.028300093596643164 0.0436934483219241 0.7149778230322322
0.05616846700000001 -0.6970281385652148 -0.028145949576767266 0.0436383668316351 0.7151610115987871
0.056339903000000004 -0.6969302451563905 -0.028186251546577647 0.04384573828631265 0.7152421407077003
0.056515304 -0.6967852997443051 -0.02770293321367495 0.0436573868265378 0.7154137447149549
0.056677347 -0.696667050396403 -0.02736503388396628 0.0434685361046718 0.7155533957584305
0.056869457000000005 -0.6966948652473122 -0.027577135855908756 0.04370369606608255 0.715503845738216
0.057037109 -0.696743878820789 -0.0276205672105129 0.043897253833359996 0.715442592175375
0.057211044 -0.6967483459704861 -0.027463233864038674 0.04397993236114122 0.7154392208445309
0.057350120000000004 -0.6965151081902194 -0.027651623595451803 0.044145319408165386 0.7156488542222733
0.057508036000000005 -0.6964620914896457 -0.028013673499319155 0.044435858491259445 0.7156683894759401
0.057670391 -0.6964049549170217 -0.02761432280946836 0.0442898450901938 0.7157485575009435
0.05783908200000001 -0.6962498359875773 -0.027277198897305472 0.044245971364584046 0.7159150887679294
0.058023332000000004 -0.6962954411570534 -0.027292747027141386 0.04426384598633118 0.7158690358732624
0.058187967 -0.6962610060081714 -0.027082461995851122 0.04416760601918701 0.7159164576563843
0.058356519 -0.6963335179492163 -0.027218703088378097 0.044298595264572416 0.7158326679051746
0.058520999000000004 -0.6961309125504385 -0.026886926587006154 0.044165925115819654 0.7160504289706568
0.058691035 -0.6960492057463784 -0.026509658917285402 0.04400108463330076 0.7161540656276534
0.058868584 -0.6961809569461203 -0.026427588543471527 0.043918184646006615 0.7160341128792397
0.059048179000000006 -0.696201208357939 -0.026555312799106248 0.04398143243930889 0.716005814532028
0.059230409000000005 -0.6962030647755948 -0.02626680508795054 0.043955200909429504 0.7160162622877718
0.05938954900000001 -0.6962533682884632 -0.02619873238984784 0.04395457495056148 0.7159698798895451
0.059566585000000005 -0.6961508870995397 -0.026660927790208004 0.04452035691333533 0.7160175103586488
0.059721654000000006 -0.6962655341598657 -0.026474258739281133 0.04428292527799162 0.7159276793741847
0.059897818000000005 -0.6961273216436802 -0.02609122357640577 0.04404541170294616 0.7160907776402371
0.060070069000000004 -0.6961155129000717 -0.02583511647573838 0.04390865372975229 0.7161199407810085
0.060235697000000005 -0.6960001561779987 -0.0256794358419318 0.04356366695513623 0.7162587214802084
0.060400655000000004 -0.6960734988853038 -0.025357812340327215 0.04321184737507334 0.7162202187521073
0.060562743 -0.6960196557718561 -0.02547291799118957 0.04347729399890595 0.7162523955525545
0.060707356000000004 -0.6962243793655762 -0.026005098556013746 0.043734826979758015 0.7160185844900676
0.060896585 -0.6960099603141261 -0.025597956553738827 0.043438112176291135 0.7162597365302342
0.061090636000000004 -0.6962319124763705 -0.026173752956526533 0.043653534405196495 0.7160100750964332
0.061266204000000005 -0.6961103023748146 -0.02607590924386486 0.043723633979881465 0.7161275987673861
0.061445002000000006 -0.6959346415032361 -0.02643261779126593 0.04415514942916391 0.7162587620764932
0.06161838 -0.6959032337776215 -0.025880439367957378 0.04375848266762452 0.716333782025249
0.061771857000000006 -0.6957123484670544 -0.024974797892044577 0.043306476825797406 0.7165787721706828
0.061968955000000006 -0.6956514868543725 -0.0240536525084513 0.04268263143708056 0.7167067905440195
0.062153636000000005 -0.6959519993113615 -0.024545582341228674 0.042834830017981614 0.7163892143097763
0.062331791000000004 -0.6957908746189974 -0.023702716480226243 0.04251697295939886 0.7165930135291286
0.062498183000000006 -0.6954971584540005 -0.022762424258081143 0.041940756569715354 0.7169424994814195
0.062672644 -0.6953897332615868 -0.02312680801204087 0.04231872338585168 0.71701282783263
0.062846236 -0.6955316913998366 -0.023323286344999004 0.04220786158927482 0.7168752938919094
0.06301896 -0.6955096397255691 -0.02321274830005389 0.042058388371037536 0.7169090607132803
0.063187907 -0.6955169340859063 -0.023427352532697995 0.04190555623463263 0.716903953057671
0.06337408500000001 -0.6956698587561404 -0.024180752414518038 0.04276021675399815 0.7166800560180462
0.06354148600000001 -0.6957517182646896 -0.02447638565798861 0.04303948525434008 0.71657383135717
0.06370031500000001 -0.6958240599227197 -0.024483234164689907 0.04299507704251008 0.7165060168816507
0.063869707 -0.6958594196115852 -0.024521607693603363 0.0429125574156279 0.7164753110261362
0.06405590600000001 -0.6956811658199448 -0.024380705341244275 0.04284812314937218 0.7166570554128672
0.064241105 -0.6953069402164389 -0.024180602310245686 0.043043236153676126 0.7170152279974151
0.064401336 -0.6953098828576523 -0.02399247218998672 0.042707411260467065 0.7170387751733649
0.06456753400000001 -0.6953540986246122 -0.023732755469103795 0.04246549332494814 0.7170189089002221
0.064734374 -0.6953379222054956 -0.0236082373871148 0.041990456290586474 0.7170666821509177
0.064916502 -0.6954400746268501 -0.02338732331002027 0.041825454255263066 0.7169844957094497
0.065094126 -0.695371635798982 -0.022867534497794245 0.04157521969337682 0.7170821885249188
0.06527279200000001 -0.6951609300402546 -0.022625185602128096 0.041697306708725776 0.7172870533721318
0.065438232 -0.6951470564657737 -0.022899021524581828 0.04207855208420452 0.7172695449792104
0.065606565 -0.6951743705676193 -0.02239209411347356 0.04188673215240896 0.7172703049037505
0.065760438 -0.6949995145351323 -0.02251681221868929 0.0422944506914791 0.717411909159685
0.065963187 -0.6948416355781568 -0.021923820307384656 0.041679645661958836 0.7176191571493158
0.066144282 -0.6947584481075818 -0.02107310639727995 0.04088760394078729 0.7177707341581254
0.066322438 -0.6947273026638324 -0.021107551812115266 0.04086351329604807 0.7178012395301626
0.066503404 -0.6947615623669177 -0.022655257340967596 0.04202378464417515 0.7176538945038017
0.066674042 -0.6946549916350363 -0.02339752444501018 0.04274984762719266 0.7176903573089329
0.06685287200000001 -0.694652279052362 -0.023508758673349103 0.042663952481785464 0.717694459106122
0.067029746 -0.6945275977709058 -0.023815260496485004 0.04287329727230738 0.7177925394451097
0.067211912 -0.6945744401766476 -0.024213284720109723 0.04338910122087096 0.7177028979958238
0.067368259 -0.6945299122214359 -0.024258570211546225 0.04331947503352062 0.7177486648429208
0.067532192 -0.6944750656860775 -0.02458900559545754 0.04390135560299479 0.7177551357673198
0.067710175 -0.6946022450801437 -0.024606428554109806 0.04386514538464625 0.7176336766232607
0.067909652 -0.6944756254102906 -0.025220061658917815 0.0445486090068393 0.7176928142572288
0.068085029 -0.6944293382631865 -0.025213932795237808 0.04449515943617215 0.7177411319822063
0.068259631 -0.6942586777117318 -0.02510742322406314 0.044485381376260215 0.7179105491388279
0.068441785 -0.6943515897168676 -0.02539494342595289 0.04443971476351606 0.7178134008624999
0.06860153100000001 -0.6943947956622458 -0.024276379869836356 0.043280509344704475 0.7178811340664035
0.068781308 -0.69448965248129 -0.024485347593358204 0.04339975113786024 0.7177750705832716
0.06897101700000001 -0.6946294936192865 -0.024772955068385727 0.043572657694562866 0.7176193913160548
0.069154674 -0.694797551683274 -0.024964448887895303 0.04347182222426267 0.7174561583394161
0.06934053600000001 -0.6947378616359874 -0.024636806700080182 0.043229306362152185 0.717539935081334
0.069523209 -0.6950320874731899 -0.024925724625451378 0.04333292481712806 0.7172387073083468
0.069695245 -0.6950423101192009 -0.024698647488667368 0.04320804602294747 0.717244190436753
0.069875583 -0.694985703655659 -0.02483625008344774 0.0437044065910398 0.717264217175627
0.070065732 -0.6949665826460892 -0.024779979503164625 0.04357834786057424 0.7172923596545422
0.070238991 -0.6951426502018674 -0.024145960628606154 0.04283647497444598 0.7171880540467813
0.070427749 -0.6950529318783967 -0.024326453735180286 0.0429750497125015 0.7172606155632151
0.070596042 -0.695168477590665 -0.024634793777296243 0.043170667377230854 0.7171263544020892
0.070770287 -0.6952320027637747 -0.024825924080354906 0.043547422487157664 0.7170353950966099
0.070954641 -0.6952600790041098 -0.024725133765975044 0.04343571512140217 0.7170184299969877
0.071124221 -0.6952368390569088 -0.024841786267372427 0.043478336225410134 0.7170343489347448
0.07129673 -0.695170742093732 -0.0255916030478608 0.04419080656779094 0.7170285083629365
0.071469742 -0.6951491538088832 -0.025958097917273708 0.04479812798852217 0.7169985765955423
0.07164820200000001 -0.6954458956357872 -0.025321407126411878 0.04391838288235423 0.7167879799700008
0.071841604 -0.6954347523637617 -0.024761309612879076 0.0432177595424964 0.7168609404976215
0.072023584 -0.6952682149380417 -0.024559897610394985 0.04326479172638884 0.7170265535690482
0.072196887 -0.695390285156314 -0.024578284815064688 0.04338185748161334 0.7169004628727854
0.072380753 -0.6954088433707295 -0.024690693209813118 0.04356047296414784 0.7168677670433661
0.07255602300000001 -0.6953823877890951 -0.024307377356947508 0.043182070276069136 0.7169294211883309
0.072757219 -0.6954612211560788 -0.02458851692633282 0.043328030797310735 0.7168345530529938
0.072959577 -0.6953258732096887 -0.02463000593737629 0.04335448900919929 0.7169628171219614
0.073136693 -0.6953022146957687 -0.023943198384407616 0.042707151294022215 0.7170478733798968
0.073315816 -0.6952553264906913 -0.023822032867648467 0.04285138079466473 0.7170887677968221
0.073486303 -0.6952873472504231 -0.023684074056522612 0.0431340639658742 0.717045341603543
0.073666148 -0.6952085577164172 -0.02332472060945922 0.04251622311277911 0.7171704047564799
0.07383703 -0.6951995885350011 -0.023629065941729296 0.04286203012336981 0.7171485520568168
0.074021284 -0.6952677452896072 -0.0237733448792163 0.04274714826997119 0.7170845638751011
0.07421673200000001 -0.6956072802873481 -0.022951844891029107 0.04174015780706542 0.7168413239020036
0.074391751 -0.6958212934251603 -0.020999211525836472 0.03976933301948584 0.7168055251479404
0.074573229 -0.6958147748772586 -0.020851532151903884 0.0396041840840009 0.7168253073604947
0.074733321 -0.6957259954473192 -0.021886971051426167 0.040427513830975315 0.7168346503081978
0.074931327 -0.6955600746899057 -0.023002944052659978 0.041679942774732255 0.7168889938006979
0.07512196 -0.695793094712396 -0.022417260868508825 0.04082058372933977 0.7167308530471497
0.07532303 -0.6960560980398165 -0.022050797969413154 0.040331000861772215 0.716514536530826
0.07550908 -0.6959713823900868 -0.022445002358339627 0.04085743355815094 0.7165547619590605
0.075671396 -0.6960252391527468 -0.0221015051745239 0.04044051349681642 0.7165367783997516
0.075845376 -0.6959625484291507 -0.022575113076966986 0.040745415254398946 0.7165656331344044
0.07601780400000001 -0.6957599317068177 -0.023719693536238068 0.04198627079120927 0.7166537843581917
0.076198429 -0.695744177990853 -0.02418272968986271 0.04237961608711304 0.7166304504532913
0.076377339 -0.6957455064956919 -0.023699300601686606 0.04196999235339241 0.7166694168749628
0.076554761 -0.6958764641898287 -0.022100574083926287 0.040107012238750676 0.7167000340317436
0.076722097 -0.6960006017881444 -0.0216126087409533 0.03960669536066522 0.7166221927463299
0.076923005 -0.6960214538293393 -0.02104102262331508 0.03901431023400923 0.71665144580418
0.077104607 -0.6961642190459479 -0.02012511525034749 0.03810597067396707 0.7165879533283404
0.077282218 -0.6963428338756436 -0.02024681724759368 0.03830898810090861 0.7164001294891452
0.077448898 -0.6964103206627257 -0.021272132498278633 0.039213186260061365 0.7162558814255895
0.077614869 -0.6964615648145279 -0.020448987444488673 0.038354037144165784 0.7162765495835651
0.07777834700000001 -0.6962075987559003 -0.020707846941697212 0.038855377277568215 0.7164889560671536
0.07798956900000001 -0.6964441711869149 -0.019778627240231345 0.0379072490266263 0.7163360683334992
0.07817378800000001 -0.6967358463507891 -0.017818678037095824 0.0355874358485123 0.7162228630339773
0.078352879 -0.6971547359748589 -0.016003844789993747 0.03367614825112771 0.7159504648358922
0.078530548 -0.6971776284980875 -0.016474210507965548 0.03427085383744458 0.7158892814445358
0.078685902 -0.6972488520950703 -0.014731136695722907 0.03247810713374847 0.7159414811426749
0.07887645600000001 -0.6971865155747831 -0.015607114329105045 0.033336565361792685 0.7159441695362072
0.07906305300000001 -0.6970761161499196 -0.015713425510038084 0.03364610402694449 0.7160348568581643
0.079236625 -0.6971866351582635 -0.013872360751410294 0.03165682244830851 0.7160560026676384
0.07939552100000001 -0.6969701937895948 -0.01414449049839508 0.03197739218904798 0.7162471143021958
0.079562165 -0.6971081672178755 -0.013410078067874349 0.031243582079371616 0.7161593478990532
0.07971207100000001 -0.6969203942883996 -0.014082435929560029 0.032018826940555856 0.7162949418672044
0.079892187 -0.6967286777354492 -0.01547831891781474 0.03331268586047453 0.7163936321780449
0.080091255 -0.6967886625900064 -0.016846579667943017 0.03463221085343229 0.716241832351982
0.080264665 -0.6966475771437226 -0.019746210152215015 0.03752693984277847 0.7161591786959387
0.08044378 -0.6965182637716532 -0.01999412636888173 0.037988333331523655 0.7162537467084965
0.080599851 -0.6964725884527894 -0.019493072662263664 0.0375006205068415 0.7163376697575357
0.080758095 -0.6964402955949355 -0.018938666739704263 0.03695100367739963 0.7164124963322411
0.08095605 -0.6962281764791295 -0.0189052593518811 0.03679627115353217 0.7166274847328835
0.081141506 -0.6962369515481299 -0.01893614423389118 0.03689939145646724 0.7166128415334613
0.081339037 -0.6961719591150939 -0.01909765601228071 0.03716346032009754 0.7166580496259874
0.081504481 -0.6961604040126588 -0.019687883382724047 0.03801274813069627 0.7166087566534415
0.081677804 -0.6961519355933748 -0.01957925852277594 0.037701925484301645 0.7166363792189672
0.081840018 -0.696140853926565 -0.019960410607777857 0.03801061652927796 0.7166203224398713
0.08202345800000001 -0.6963412519448761 -0.018857414492508887 0.03679036909302209 0.7165191745518739
0.082189782 -0.6964099328095975 -0.018624579894836808 0.03682457410917859 0.7164567546262297
0.08236062400000001 -0.6963505480018516 -0.0180978976621465 0.03609665286665835 0.7165650089486331
0.082535219 -0.6962688111803708 -0.018220696952815706 0.03622503215588875 0.71663484134204
0.082705024 -0.6964630892266622 -0.0172467339901829 0.0352914212689587 0.7165167346938537
0.08290407000000001 -0.6965865136804072 -0.016767328688479296 0.034830761178932676 0.7164306691668941
0.083093595 -0.696383672378234 -0.017317825553848528 0.03551656708362381 0.7165810821014498
0.08325778 -0.6966037936400467 -0.01685145042205903 0.035098443147815815 0.7163988292798691
0.083419592 -0.696703953322513 -0.016511155282336317 0.034559706067651214 0.7163355428097512
0.083584271 -0.6967331689452739 -0.016149267791249516 0.0341925388393943 0.7163329970963217
0.083738673 -0.6967555444228822 -0.01659453513146295 0.03470046078320166 0.7162766300398027
0.083938913 -0.6968924277879639 -0.015839680263780943 0.03418023188850481 0.7161855628040725
0.084127056 -0.6970045367413162 -0.01646033461237889 0.03511191325810008 0.7160173787652271
0.08431123500000001 -0.6970513569177137 -0.016701858252548985 0.03550160914142507 0.7159469879107354
0.084493569 -0.6970840067011327 -0.016345287386668385 0.03496496862486855 0.7159498377336247
0.084659173 -0.6972761697235025 -0.01528238984504808 0.03400017295227644 0.7158326479950186
0.08483744 -0.6970521712113179 -0.015647756950919002 0.03440918859622883 0.7160233418347067
0.085025825 -0.6968961342128339 -0.016847072407288773 0.0356882060655853 0.7160854042768439
0.08521698500000001 -0.6968345732207315 -0.016730668070688074 0.03547133617197905 0.7161588138257905
0.085400523 -0.6969585099813447 -0.01649189205289419 0.03502170537022938 0.7160658719797081
0.08557605800000001 -0.6970049540878415 -0.015560924734863776 0.03389926487871204 0.7160955183766229
0.085741326 -0.6968906675011156 -0.016063498091125405 0.034485924425151394 0.716167635819623
0.08593882200000001 -0.6969869084631515 -0.015348170622620637 0.03373749602679893 0.7161253133714507
0.08613037700000001 -0.6969218598331062 -0.01559707018844088 0.03415357772613207 0.7161635189094775
0.086304984 -0.6968489038691053 -0.016731906658870324 0.03522633660239103 0.7161569336992832
0.08647466100000001 -0.6969461378606497 -0.01599730640326904 0.03443663026051972 0.7161175082381828
0.086636457 -0.6970343431289694 -0.014810016394917911 0.03317455951009993 0.716116775752711
0.086810206 -0.697033477332237 -0.014977968746773864 0.033112787754490676 0.7161169843101586
0.08701191400000001 -0.6969131885355899 -0.015038987939995255 0.03337114502115052 0.7162207782289443
0.08720567300000001 -0.696895251601606 -0.01602218507606802 0.03443421161549223 0.71616658882619
0.08739081600000001 -0.6967017594501043 -0.017044006917691777 0.03547621578485917 0.7162803908532637
0.087562265 -0.6967049104245903 -0.017246209503521064 0.03543707695981892 0.7162744234052807
0.087714627 -0.6969805376341545 -0.015934877036085912 0.03377505548849889 0.7161169286365165
0.087905776 -0.6971419918232296 -0.014700484202918014 0.03242379572001844 0.7160486271700028
0.088080479 -0.6972881642171552 -0.013944925537135406 0.031652355196976394 0.7159559228785786
0.088270398 -0.6973205684902135 -0.012800233385718831 0.03014429098091633 0.716010824294587
0.088443961 -0.697226343926892 -0.01386321275167234 0.03124602903300484 0.7160355594076381
0.088607208 -0.6971006950728895 -0.015162629925695167 0.03267032310515865 0.7160679894890111
0.08877821600000001 -0.696849169510626 -0.01665192131875888 0.03431256346966836 0.7162029017372687
0.088970927 -0.6968089571308105 -0.016984778623904854 0.034752826869650436 0.7162129819976293
0.08915982500000001 -0.6965899235608249 -0.018032859505425027 0.03533781438141483 0.7163717842338052
0.089325477 -0.6965247067099112 -0.018924725953384305 0.03638329237344049 0.7163598563057043
0.08950184600000001 -0.6964983170647755 -0.01924979892765365 0.036540048296540034 0.7163688745595149
0.089655276 -0.6964853253190524 -0.01904900893867772 0.03652167172817072 0.7163878100357702
0.08984525 -0.6962303470206569 -0.02096975352606121 0.0385449929499213 0.7164759987906374
0.090014382 -0.6960600431796578 -0.021988236331838912 0.03968510763815177 0.7165486905880823
0.090191082 -0.6958568166433557 -0.02366115250736632 0.04133541504560838 0.7165994865027496
0.09037173000000001 -0.695644565002142 -0.025016413483815565 0.04264522086864012 0.7166827773683773
0.09055893000000001 -0.695578984141971 -0.02549836612447718 0.04322025426576793 0.7166949977265133
0.090717584 -0.6954456600246556 -0.02596629981431496 0.04374000169032826 0.7167760441581129
0.09090012600000001 -0.6953837078581774 -0.026340901921061293 0.044043747463144295 0.7168038811563449
0.09108761500000001 -0.6952377591942432 -0.026915732595055135 0.04499762414871444 0.7168648515239177
0.091273039 -0.6949258946374401 -0.02931775058876852 0.04818127543873394 0.7168661208062936
0.091447573 -0.6947249740838995 -0.030677925627927646 0.04973185222762687 0.7168980528201345
0.09160655300000001 -0.6946929728618071 -0.030977517993015288 0.05020702420173904 0.716883059889283
0.09178315000000001 -0.6946636425387439 -0.03156789809571393 0.05082786003262414 0.7168419771394007
0.091991316 -0.6945996506879044 -0.031829458835865035 0.05095707774689792 0.716883245055952
0.09217805600000001 -0.6944581292001544 -0.03256306655782848 0.051963558673033684 0.7169151568032333
0.092348836 -0.6945069730496762 -0.031668232889468594 0.051159960609779426 0.7169657215247036
0.09252188900000001 -0.6943938793923513 -0.03269265662993221 0.05222865746867216 0.7169522283973573
0.092683729 -0.6943328289952394 -0.03307200209811436 0.052553831730990756 0.7169701946574062
0.092857118 -0.6942374000895342 -0.0336443746442312 0.052996411191826645 0.7170033952308089
0.09301701000000001 -0.6943810173750431 -0.03284567154609545 0.05188247115322204 0.7169828266820062
0.093192324 -0.694304779972343 -0.033025928027102316 0.05221017178018563 0.7170245871294699
0.093388233 -0.694492785002387 -0.03148362903975666 0.05055313086012876 0.7170306364740298
0.09356707800000001 -0.6945053997089013 -0.031529143612037985 0.050641062778629634 0.717010213064584
0.093745781 -0.6944833561928105 -0.031269682567881305 0.05066266272226038 0.717041400150063
0.093944228 -0.6946128370079733 -0.030347557909483895 0.05000714053208825 0.7170016166568021
0.094114415 -0.6946291735075738 -0.029553992464085747 0.04909316490278488 0.7170820971140224
0.094290365 -0.6947063212775997 -0.029209761646094907 0.048787309393701385 0.7170423386688157
0.094451562 -0.6947504642132651 -0.029140019593338527 0.04901770324059036 0.7169866919982326
0.094609249 -0.6946506421216283 -0.030424417211693627 0.050435031476943816 0.7169317595400949
0.094811795 -0.6945955393579095 -0.031222790848838933 0.05097204996209412 0.7169128427907849
0.09499082900000001 -0.6946222881305982 -0.03158215983710547 0.05134091658820112 0.7168448606889203
0.09519635400000001 -0.6945406889122371 -0.03212232298299262 0.05212098942217789 0.7168436302800935
0.095385618 -0.6945381644491219 -0.031351259238032066 0.051173019467256796 0.7169485049474867
0.09555126200000001 -0.6945079647244998 -0.030967834320961386 0.05079763922455782 0.7170211154637726
0.09571842700000001 -0.6944204421192651 -0.03155152355301328 0.05147450840352102 0.717032165187157
0.09590879000000001 -0.6942723768822759 -0.032250311562239425 0.05238392073944704 0.717078593286911
0.09610876900000001 -0.6942312595164885 -0.03196865730097058 0.05185627061882673 0.7171693596759613
0.096288204 -0.6942560052896465 -0.03209175150883521 0.05193717157617055 0.7171340521917944
0.09646616000000001 -0.6942996687947389 -0.030788899266593638 0.05056059472696082 0.7172472654910034
0.09663199600000001 -0.6941733344791468 -0.030962415184917002 0.050594337257260084 0.7173596891249999
0.096818781 -0.6941435212885656 -0.031575174149445294 0.05124640921708848 0.7173155412877209
0.096993782 -0.6941124334516561 -0.03196202646338229 0.05165741465441252 0.7172990102484422
0.097177593 -0.6941127652089004 -0.03218445417437182 0.05205757167614755 0.7172598129790437
0.097357734 -0.6941160250694224 -0.032391673997459125 0.052509810177451065 0.7172143633758276
0.097515352 -0.6942378108385672 -0.032138819526776496 0.05223708982704859 0.7171277743386447
0.097674703 -0.6942585894441032 -0.032023362948829154 0.05206980146153263 0.717124989792077
0.097878487 -0.6942961007472874 -0.03146186172547187 0.051479635717396194 0.7171561356150293
0.098086406 -0.6942815376945533 -0.030548225266925737 0.050745300813656684 0.7172620628437403
0.09829164100000001 -0.6942950806011892 -0.03086422782681161 0.05110285194127446 0.7172100382852358
0.098465644 -0.6941942354876814 -0.03145033132442387 0.051676000452610664 0.7172411247638255
0.098629406 -0.6943527401466557 -0.03020934651421531 0.05023616843638073 0.7172433304080594
0.098806609 -0.6944363948619964 -0.03041470742574206 0.0505702443128383 0.7171301760861958
0.09898768200000001 -0.6945313859181927 -0.03026505847301024 0.05043518392537205 0.7170540233710372
0.099199537 -0.6946674322646981 -0.02909152593621801 0.049009273818415626 0.7170696847233633
0.099373025 -0.6948470124104069 -0.028458009232185402 0.04832052526684119 0.7169678499715365
0.099546191 -0.6948801977859715 -0.02862530536991001 0.048560642642129406 0.7169128026500786
0.099709902 -0.6947917181808692 -0.028836329012779 0.048977021398130864 0.716961774330618
0.099890379 -0.6947623878212374 -0.028634735137562296 0.04874836294574067 0.717013858668466
0.10009029200000001 -0.6947519691824904 -0.028642660082101833 0.04859652944695172 0.7170339438730801
0.10026604600000001 -0.6948498062872046 -0.02778158960067911 0.047679274592419836 0.7170345994136078
0.1004363 -0.6949073283881878 -0.027172279797066802 0.04708227161099627 0.7170416528089343
0.100618921 -0.6947946821604097 -0.027684995449959806 0.047908295444077244 0.7170764853878507
0.100794985 -0.6946681961671624 -0.02910808599301654 0.049508345178014085 0.7170339882609591
0.10097966300000001 -0.694698294239669 -0.02888709253205939 0.04942356984161914 0.7170196138249271
0.101165798 -0.6946188763791536 -0.029854676046520708 0.050371436113562464 0.7169909576276224
0.101347634 -0.6945808316264988 -0.030585064195372342 0.051086414700486096 0.7169464418059794
0.10151014400000001 -0.6945838155271286 -0.03032511673669557 0.05042024041826188 0.7170017502481043
0.10168594900000001 -0.6949190779055588 -0.02785985464231395 0.047757185758202036 0.7169592421265328
0.101875879 -0.6950191264298098 -0.027372318262323683 0.047506936756867714 0.7168976642796849
0.10207648400000001 -0.6951863609347002 -0.026289103247494103 0.04627079758898926 0.7168569033714393
0.102248613 -0.6952170863919229 -0.026291585792774973 0.04653128870474268 0.7168101523253569
0.10242150000000001 -0.6948944621846562 -0.02787187513584209 0.048609677689383686 0.7169253407687876
0.10258557300000001 -0.6949663837792857 -0.02741036379429225 0.048201532488973194 0.7169009761739207
0.10275158200000001 -0.6948997386396584 -0.027786842979927093 0.04858955290167027 0.7169248914248673
0.10298046300000001 -0.6949382372451829 -0.027108153193966256 0.04765598095753622 0.7169762213099845
0.103175784 -0.6949517751748319 -0.02634494815738107 0.046646011262572035 0.717057963850361
0.10333982000000001 -0.694905050286396 -0.02725602254568928 0.04762172360697209 0.7170050569990076
0.10352514900000001 -0.6949755756115475 -0.026935329837185704 0.0473571342831152 0.7169663444977386
0.10368598300000001 -0.694820819840989 -0.028713084085058276 0.049273932304637426 0.7169181729549454
0.103871351 -0.6950981252132482 -0.026473500642091877 0.04654012828414201 0.7169182425828451
0.104071935 -0.6951945437678471 -0.025048090192561275 0.044887878918245944 0.7169813232011976
0.104266152 -0.6950468967275479 -0.025781700780357485 0.04590098223513974 0.717034319320997
0.104425321 -0.6949239205552646 -0.026591017915502786 0.04692846802692468 0.7170574463004776
0.104606798 -0.6948009486517274 -0.0267215713777617 0.0472314687442359 0.7171518582113721
0.104780993 -0.6947502698755946 -0.026984286757744395 0.047566594035199604 0.7171689688684623
0.104975915 -0.6948248055225618 -0.02573307431223757 0.04591925205971277 0.7172501103570849
0.10515896400000001 -0.6949144472270343 -0.02451437514104407 0.044696023628997536 0.7172832229449846
0.10535208800000001 -0.6948815219262345 -0.02432509294914722 0.04444668043192122 0.717337056715375
0.10551913 -0.6948668405940229 -0.024393273847313025 0.04434716884636662 0.7173551217139258
0.105667227 -0.6948941435704302 -0.024298894473421817 0.044157539034754015 0.7173435750777174
0.10584370500000001 -0.6949040958559143 -0.023545293645827272 0.043173498960456295 0.7174189610662074
0.10603873500000001 -0.6950624393599537 -0.022111194268716952 0.04157194065455574 0.7174057946721749
0.10623515400000001 -0.6952265085106641 -0.020821915507487045 0.039931889222877014 0.7173785569152185
0.106424402 -0.6950769576131756 -0.021032549844116816 0.040425236679898384 0.7174896898782864
0.106604324 -0.6951675650173574 -0.021059924331412325 0.040551946530299685 0.717393947401005
0.106782494 -0.695201798026518 -0.020487034928690143 0.04010253618793545 0.7174026261534183
0.106973828 -0.6952248186660095 -0.019988941831714353 0.03949835472796052 0.7174278874486589
0.107168073 -0.6952256538265797 -0.019581871509441125 0.03903719900678745 0.7174635444838268
0.107352688 -0.6950082169320599 -0.021151957263103576 0.04076986769527343 0.7175332682105879
0.107520082 -0.6948729329433442 -0.022222413872072435 0.04200120521421904 0.7175609173756364
0.107696251 -0.6948590506151704 -0.022573455316333802 0.042541249258995696 0.7175315888549775
0.10788583700000001 -0.6945051074436955 -0.024312302869860764 0.04451703010468577 0.7176975697983394
0.108077686 -0.6942393662349085 -0.026204001343806616 0.04684928493958724 0.7177396444282388
0.108265989 -0.694187830399877 -0.026174725559437333 0.04707078673896852 0.717776065986024
0.108448788 -0.6940404886439274 -0.02667579116828246 0.047628012935933266 0.7178633398302339
0.108629394 -0.694164107960192 -0.02561719356207793 0.04651805130010904 0.7178551535770104
0.10879334500000001 -0.6942316036164004 -0.024831519117153405 0.04582916837557223 0.7178617997390151
0.109001596 -0.6942399822404334 -0.024427854872502545 0.045208481317948114 0.7179069021691142
0.10917781500000001 -0.694428999995697 -0.022752549144103868 0.04327180072918274 0.71789848637121
0.109342087 -0.6944673178304194 -0.022712596352574263 0.04307369850836035 0.7178745983311836
0.10952105100000001 -0.694393513491716 -0.023419957948420944 0.04399821310375786 0.7178671960982752
0.109697476 -0.6942678391897169 -0.02352212296848972 0.044093162855539006 0.7179795750488244
0.109893955 -0.6941834725557344 -0.02425222662920767 0.044933751180614774 0.7179847449206876
0.11007536000000001 -0.6943007762352814 -0.024394353490533788 0.045161551483044675 0.7178522005987777
0.11026783300000001 -0.6942668183308974 -0.023921758608754475 0.044703699013299916 0.7179296022064311
0.110454668 -0.6941858403701817 -0.025149327914810376 0.046308435806838924 0.7178642344539115
0.11063924600000001 -0.6941563080442034 -0.024904812865540513 0.046151197402371155 0.717911441110183
0.110812639 -0.6941364225905619 -0.024608682753127196 0.045844393087579656 0.7179605359549807
0.11101292900000001 -0.6941033466447465 -0.024960978410160244 0.04625810974356891 0.7179538153783439
0.11121550000000001 -0.6940062692934577 -0.025413035645743726 0.04684482022275392 0.7179937594568225
0.111399733 -0.6940934246424446 -0.025063107376261624 0.04628021174441167 0.717958425340674
0.11158691100000001 -0.6938904348517527 -0.02552247661403827 0.04696676363219461 0.7180938592709505
0.11174732700000001 -0.6941285688256266 -0.02336393350692157 0.04435582895283522 0.7181032077557357
0.11195411300000001 -0.6940026597510971 -0.023876916752976672 0.04502839294972179 0.7181661680510566
0.112157265 -0.6938084020031065 -0.02581980340550681 0.0475351203155622 0.7181250945333831
