0 -0.7067529998956005 0.00035399999994770805 0.0003529999999478558 0.7074602089259648
0.0008119140000000001 -0.7081341740522886 -0.0034914989152686365 -0.0006062112241274675 0.7060690005109697
0.001107436 -0.710026430047191 -0.00138543133480195 -1.5503068038813472e-05 0.704173663931074
0.001353952 -0.7128831918925801 -0.0026928695458324817 0.0020812578886489465 0.7012745336430356
0.001538405 -0.7111518667963395 -0.00028459154286705464 0.00398728232926415 0.7030270570464282
0.001734436 -0.7135267035726152 0.0011287475195929353 0.0038668726449767247 0.7006164546410412
0.0019133770000000002 -0.713753640943118 0.0038487788501031946 0.0059832161855355335 0.7003607128229588
0.00208733 -0.7136843120058171 0.004880384287852385 0.0068502113975388275 0.7004169895496508
0.0022359890000000003 -0.7144082190833172 0.004250488479783106 0.005390559184125335 0.6996954849972731
0.002377506 -0.7192488225070103 0.00514919535383231 0.0050288761809154075 0.694715285216789
0.0025128050000000003 -0.7205716661907722 0.004972985870098411 0.0055026231407581 0.6933407996311493
0.002667276 -0.72023293919471 0.005395033553606301 0.004548179731943039 0.6936964184519269
0.002811769 -0.7220559527378195 0.010235630430156715 0.0025194587442777484 0.6917543533026829
0.002982081 -0.7204010122672173 0.01261370150834838 0.0052985447873249766 0.6934228158070398
0.0031317750000000003 -0.7212393128322109 0.011111921051226818 0.006732164967985864 0.6925641174582433
0.003291618 -0.721259010514997 0.010018658982159045 0.006257334303925862 0.6925647348735972
0.0034424480000000003 -0.722803654929331 0.008457947628030224 0.009309827269198488 0.6909389746272386
0.0035821100000000003 -0.7187821108022657 0.0014744656762431879 0.011931232026525108 0.6951314615552503
0.0037184590000000003 -0.7151516069912139 -0.0017503241962979136 0.017841100670727524 0.6987394439345395
0.003879477 -0.7141019750949399 0.0007789104485533553 0.018932910328667132 0.6997851865897889
0.004030257000000001 -0.7106685415496401 -0.005526809913849059 0.022092236162986167 0.7031583118510386
0.004189202 -0.7113073111951377 -0.004594267461255273 0.024591387572070425 0.7024358087427766
0.004343889 -0.7074669045761648 -0.010655129931768929 0.028315430960055985 0.7060986358187525
0.004484364 -0.7074453974003293 -0.008234702534504283 0.02450955197638206 0.7062948967911178
0.0046304530000000005 -0.7048372274239457 -0.011668835920092414 0.02790024890590269 0.7087241333668438
0.0047888720000000004 -0.699939284587275 -0.017481936483586463 0.028255475744036022 0.7134290489451042
0.00497091 -0.6981209355278263 -0.020753163558797146 0.028111053038994135 0.7151267260262991
0.005137509 -0.6947911854837273 -0.02338729353331614 0.028092584639016892 0.7182820126966868
0.005274089 -0.6944707125892804 -0.023392712422101586 0.03150114080192968 0.7184503382207091
0.005422473000000001 -0.6959851687591662 -0.022404421790659466 0.031629342607163866 0.7170092547783049
0.005572906000000001 -0.6978141136912823 -0.017804422870709716 0.028149962502710634 0.7155040495137588
0.0057091730000000005 -0.7003231722017217 -0.014296656265615515 0.028757640158323907 0.713103118931242
0.0058913820000000006 -0.7000333563116392 -0.014815727905445924 0.024474566566612524 0.7135368174446713
0.006052653000000001 -0.6985759598568346 -0.016729781229935157 0.021848342079463193 0.7150065682764597
0.006193141 -0.7008703290427349 -0.013366711381260605 0.02124749465774069 0.7128468677529193
0.006345535 -0.7045891031637186 -0.006712430704330712 0.016209403317621517 0.7093986144764262
0.006501304 -0.710073967293464 -0.00027003790916094915 0.01196098723995492 0.7040254418953154
0.006642671 -0.7124101912548677 0.002734323374942403 0.012735436527181513 0.7016423957603664
0.006791040000000001 -0.7154516048247225 0.008298373696229792 0.00804949623236134 0.6985666351595475
0.006950607 -0.7144424788582625 0.007111077407681092 0.006780219910914238 0.6996251893685096
0.0071113850000000004 -0.7154044558902741 0.009409674477629897 0.006241949039806928 0.6986193245185468
0.007252740000000001 -0.719800665886761 0.01700448971463591 0.005763415477062133 0.6939485800551504
0.007396482 -0.7221908322117603 0.0196718158229921 0.005733146074963992 0.6913903040740409
0.007538896000000001 -0.721242554573886 0.019844380717281777 0.0038528778956682993 0.692387560082938
