0 -0.7067529998956005 0.00035399999994770805 0.0003529999999478558 0.7074602089259648
0.0008119140000000001 -0.7067735470457014 0.00014519388356782375 0.0005027414606830642 0.7074396648239324
0.001107436 -0.7067528772328066 -6.635971472176717e-05 0.0007145151529258512 0.7074601441690085
0.001353952 -0.7067318697814078 -0.00033773738944689965 0.0009236587241444031 0.707480810356926
0.001538405 -0.7067507900762461 -0.0005748768708998405 0.0011646743296133348 0.7074614009095418
0.001734436 -0.7067030501464986 -0.000796644635126204 0.0013777695890438255 0.7075084918373211
0.0019133770000000002 -0.7066878974774997 -0.0010377231283695016 0.0016224439828317729 0.7075227956504742
0.00208733 -0.706687904532737 -0.0012515370379282552 0.0018781803743497447 0.7075218100388523
0.0022359890000000003 -0.7066846992022553 -0.0014298062001401898 0.00203459229094783 0.7075242412821329
0.002377506 -0.7066762644949368 -0.0016633603418224265 0.0022463046628067728 0.7075315148791731
0.0025128050000000003 -0.7066798908386422 -0.0019585678973363767 0.0024785744431060517 0.7075263617454876
0.002667276 -0.7066892822307885 -0.0021958120391606765 0.002679347062466 0.7075155531074498
0.002811769 -0.7066834892958763 -0.0023570162817630807 0.002958050226518854 0.7075197102340756
0.002982081 -0.7067175977749476 -0.0025380654636066487 0.003201347804390418 0.707483955006151
0.0031317750000000003 -0.7067566346587231 -0.002820821564600322 0.003414583199851189 0.7074428902414303
0.003291618 -0.7067808953605639 -0.002927544708104017 0.0036561410911024276 0.707417011434998
0.0034424480000000003 -0.706705800416832 -0.003148002976583626 0.003934265259072403 0.7074895923554889
0.0035821100000000003 -0.7067290564627059 -0.0033836620755904917 0.0041677101825269205 0.707463936730436
0.0037184590000000003 -0.7067904019563854 -0.0035962116666581187 0.004383509972353064 0.7074002967233632
0.003879477 -0.706760465732651 -0.0038287551825076 0.004565745305016298 0.7074278328429894
0.004030257000000001 -0.7066684390251299 -0.0041380002730806225 0.004808457322575882 0.7075164118080255
0.004189202 -0.7066531608276851 -0.004327911721878447 0.0050612494560267 0.7075287720130634
0.004343889 -0.7066568808705426 -0.004399556022286063 0.005240062317312363 0.7075233129530316
0.004484364 -0.7066629970238382 -0.00467114502471078 0.005482468321838042 0.7075136264288804
0.0046304530000000005 -0.7067031456544666 -0.004904313470836314 0.005726587148556087 0.7074700119659433
0.0047888720000000004 -0.706523864844473 -0.005174041304071284 0.005946909226785053 0.707645315092569
0.00497091 -0.706588612979563 -0.00536349063265346 0.006156780918773265 0.7075774579680794
0.005137509 -0.7066324664312645 -0.0056240866679705456 0.006380370059212769 0.7075296586803459
0.005274089 -0.7065438929597989 -0.005907952348657743 0.006590849677237732 0.7076138665407784
0.005422473000000001 -0.706446510413831 -0.006060511007233261 0.006970360578336483 0.707706162332829
0.005572906000000001 -0.7063466777097464 -0.0063699999875908905 0.007169594747117319 0.7078010955768042
0.0057091730000000005 -0.7062412294228004 -0.006641582878326818 0.007463930847399018 0.7079007733973366
0.0058913820000000006 -0.706220766721458 -0.006811744442802323 0.007805045154280519 0.7079158919385423
0.006052653000000001 -0.7062611279598057 -0.006954841622631459 0.008172684338912944 0.7078700845081983
0.006193141 -0.706267341032938 -0.007148581050342377 0.008492955145380291 0.7078581852971181
0.006345535 -0.7061782256656373 -0.007298126790893962 0.008746662995232076 0.7079424742360952
0.006501304 -0.7062111094840954 -0.007604442312769632 0.008853853070751283 0.707905114110752
0.006642671 -0.7063139552200451 -0.007794072097177478 0.009020888665318777 0.7077983276818676
0.006791040000000001 -0.7063021575046907 -0.007884544887825095 0.009199635211709868 0.7078067977690683
0.006950607 -0.7063039369303764 -0.008071859115398941 0.009500730434977216 0.707798933234767
0.0071113850000000004 -0.7062936186482971 -0.00836747240780621 0.009736745525808417 0.7078025893204718
0.007252740000000001 -0.7061585395052214 -0.008699291270293527 0.010096953185840822 0.7079283091892924
0.007396482 -0.7061789010617452 -0.00888657609736256 0.010300614286232647 0.7079027375323663
0.007538896000000001 -0.7061541939157752 -0.009196973555285766 0.010649819779118795 0.70791825194104
0.007670357000000001 -0.7059890119110674 -0.009445470521924064 0.0109551161121405 0.7080750550460198
0.007837687000000001 -0.7059084594474581 -0.009629057725863963 0.01131901573476152 0.7081471655034883
0.008014323 -0.7059235534516805 -0.009826253737123817 0.011552711518121522 0.7081256359405619
0.008162945000000001 -0.7058715546810943 -0.010094483913638161 0.011889753283173788 0.7081681180718865
0.00831027 -0.7056888469524595 -0.010286438791456793 0.012277100049709421 0.7083408171764969
0.008474474000000001 -0.70557736847666 -0.010540781809073599 0.012600695885235266 0.7084424404816619
0.008634332 -0.7054705428648271 -0.010970453752054422 0.012976789643047926 0.708535507384803
0.008770539 -0.7052802091237341 -0.011061558655027063 0.013143277331928034 0.7087204828417754
0.00893477 -0.7053530935762201 -0.01127186648673164 0.013183446441409102 0.7086438845769346
0.00910297 -0.7052786392159965 -0.011538165749400068 0.013328027269951529 0.7087109957421734
0.009277073 -0.7052950832702021 -0.011767745318573304 0.013419815511909308 0.7086891238311919
0.00944785 -0.7054870822673983 -0.012074876783133829 0.01342281622895769 0.7084927678593405
0.009610214 -0.7052909197187935 -0.012211699861846764 0.013653889084012355 0.7086812853896907
0.009769603 -0.70525431076186 -0.01257779036494211 0.013950194952200692 0.7087055442157518
0.009921175 -0.7051911962289713 -0.012841689676958309 0.014163999949155674 0.70875937304055
0.01009428 -0.7050931591075308 -0.012901446601515333 0.0144227880944863 0.70885059980149
0.010248041000000001 -0.7052114106822234 -0.01318808342957818 0.01462416309357677 0.7087235529830058
0.010411100000000001 -0.7051724591289847 -0.013504249072978815 0.014998835027627576 0.708748525988428
0.010554597 -0.7050610861076765 -0.013809839974986216 0.01535038030570682 0.7088459063865707
0.010711724 -0.7050697455936995 -0.01401655429932681 0.015410052731792764 0.7088319408215272
0.010874328 -0.7051794339201084 -0.014157331351199835 0.015647035279153954 0.7087148271569467
0.01104269 -0.7051474209065195 -0.014328283517021655 0.01600331708538104 0.7087352883288686
0.011215826 -0.7050258238406791 -0.01446854343782004 0.01628407107946008 0.7088470060581752
0.011369738 -0.705154767011891 -0.01467977780682753 0.01638448800413099 0.7087120764011224
0.011517237000000001 -0.7051606052232805 -0.01499729715916292 0.016559641549090207 0.7086955483074676
0.011661505 -0.7050988998023765 -0.015266165254449533 0.016883172836856117 0.7087435672871134
0.011833910000000001 -0.7049595155604103 -0.015412256775317854 0.01714876157599161 0.708872671033616
0.0120081 -0.7051290681409453 -0.015642120846842973 0.017381239171342898 0.7086933143772158
0.012167805 -0.7051890199300498 -0.01595597823427548 0.017597258853170927 0.7086213300554378
0.012318448000000001 -0.7051982885854847 -0.016016568411711406 0.017798875787947217 0.7086057037119458
0.012488810000000001 -0.7052853942065547 -0.016348001535274236 0.01814759570787016 0.7085025902103191
0.012638566 -0.7053528084674529 -0.01660229220713798 0.018402927452361363 0.7084229751650697
0.012787986000000001 -0.7052826354307458 -0.016865019052293206 0.018558709880772125 0.7084825682963477
0.012956619 -0.705506906118225 -0.017073689117563066 0.018761428151015343 0.7082488993095164
0.013114013 -0.7055192340741375 -0.01727807817337543 0.01889265850701533 0.7082281735575157
0.013281586000000001 -0.7055924564756538 -0.01752889628419059 0.019003657173319026 0.7081460895703301
0.013441452000000001 -0.7055919215999918 -0.017871706820597664 0.01931923149343063 0.7081295146812151
0.013612141000000001 -0.705581651497488 -0.01810691021625487 0.01960461681334938 0.7081259293883398
0.013774621 -0.7055893239845885 -0.018372800972824534 0.019867569170479743 0.708104106582246
0.013984332 -0.705652637557517 -0.018706142358987703 0.020245868564513207 0.7080215675756166
0.014146009000000001 -0.7057533310148455 -0.01906267448256743 0.020438711139925632 0.7079061444075483
0.014298044000000001 -0.705748621864063 -0.019142357151440765 0.020583970264872735 0.7079044801862733
0.014453051000000001 -0.7057039066935313 -0.019347812528449547 0.02079929282089662 0.7079371777537908
0.014593866 -0.7055974301282861 -0.01963201735085774 0.02108702083413527 0.7080269684436002
0.014738074 -0.7057494485124628 -0.019977208171981852 0.021340616535866642 0.7078581815334745
0.014898843 -0.7058138905403615 -0.020200975475519193 0.021462081249303582 0.7077839017514913
0.015076491000000001 -0.7058873795319437 -0.02044621465128954 0.021728957175973375 0.7076954232888638
0.015232200000000001 -0.7058054919592441 -0.020562557473457588 0.022058850207772523 0.707763516916372
0.015373739 -0.7059789366316408 -0.02087502869931891 0.02229222294362208 0.7075740463057506
0.015527601 -0.7059872857029167 -0.020984809378970584 0.022578320784931948 0.7075533970179845
0.015677059 -0.7058786359200704 -0.021156780210214915 0.022847677728079472 0.7076480238262461
0.015846579 -0.7058631698767983 -0.021496339369340617 0.023054703260661745 0.7076465031799136
0.016018749000000002 -0.7060223724702658 -0.02186089062778434 0.023386205029017493 0.7074656150278672
0.016202093 -0.7060443222230033 -0.02198201935501258 0.023501765873690322 0.7074361263623412
0.016336692 -0.705823984386083 -0.021888553377087634 0.02345225633836671 0.7076605019139139
0.016483077000000002 -0.7055284184401436 -0.021958613735510214 0.023569985880184066 0.7079490983268306
0.016629701 -0.7053462020746791 -0.02202490115931569 0.0235294274755593 0.7081299351040181
0.016773820000000002 -0.7053424461668554 -0.022336549867079135 0.02377522996090307 0.7081157042572201
0.016945331 -0.7050101108989771 -0.02232338045751596 0.02382082290976269 0.7084454662223924
0.017112046000000002 -0.705053019122064 -0.022478920902795997 0.02399156390956181 0.7083920829618878
0.017259267000000002 -0.7048030698534983 -0.022672849716998327 0.023988074025221923 0.7086347062594069
0.017392473000000002 -0.7048720385531467 -0.022912201096575793 0.024149307949772623 0.7085529276154243
0.017549033000000002 -0.7048356846611862 -0.023069398131771716 0.02438849088750773 0.708575798352064
0.017692808 -0.7048470856990562 -0.02327475377627296 0.02463950008317861 0.7085490573374948
0.017864902000000002 -0.7048047297037053 -0.023521728751058027 0.02476845639034318 0.7085785382241607
0.018051845 -0.7043527886732531 -0.023583883453964862 0.025011488439572724 0.7090171894781386
0.018208385 -0.7041281072188831 -0.023787346954020693 0.025020902310504592 0.709233195216362
0.018361055 -0.7040999623634938 -0.02405874879366433 0.02535751935118642 0.709240026943322
0.018512973000000002 -0.7043453598847617 -0.024423551538102193 0.025889616245589043 0.7089646196459507
0.018659755 -0.7042255877892954 -0.02448830850307424 0.026128625482336958 0.7090725909100447
0.018822792 -0.704105899929696 -0.024467300808348795 0.026361567649350454 0.7091835450899967
0.018996141 -0.703951159330178 -0.024573036955594856 0.02633119129108558 0.7093346174392375
0.019171068000000003 -0.7041209848411869 -0.02489290620942537 0.026503690274580768 0.709148458595628
0.019340124 -0.704274344335761 -0.02521527087875687 0.02721488963044969 0.7089578180733658
0.019496746000000002 -0.7043505952694368 -0.025428237379614155 0.027310983855013203 0.7088707596228155
0.019643515 -0.7043410886457565 -0.025765734033786583 0.02776247323413804 0.708850479914442
0.019804754 -0.7042994599542259 -0.02580675641423046 0.02797974200257043 0.7088818068402037
0.019980788000000003 -0.7042580480625773 -0.026148560385778778 0.02791481954829406 0.7089129829382631
0.020147154 -0.7041593913913481 -0.026415297899047913 0.028199568047176087 0.7089898221513645
0.020294878000000002 -0.7041619979227668 -0.02661315142236104 0.028423068145825802 0.7089709091704438
0.020434605 -0.704112652218526 -0.02690473073210219 0.0288213242318391 0.7089928347448579
0.020576913000000002 -0.7041204663393443 -0.027124942813032522 0.029052413899411902 0.7089672514341345
0.020722581 -0.7038534045564305 -0.02707537901232391 0.029237326340838064 0.7092266827285195
0.020902142000000002 -0.7038356494908564 -0.027286772943831975 0.029526535127399858 0.7092242200118849
0.021065292000000003 -0.7042207186627836 -0.027657418542652575 0.029869692320204717 0.7088131263501866
0.021227428000000003 -0.7039005374207494 -0.027798922955698167 0.029998905484600626 0.709120101936907
0.021376911000000002 -0.7039552120263168 -0.02790824763363858 0.030214353054222317 0.7090523831456442
0.021526103 -0.7038868521168546 -0.02798707146667126 0.030469373382677443 0.7091062265510095
0.021703738 -0.7038894902526591 -0.02820070903049332 0.030682552551479468 0.7090859514127712
0.02187725 -0.7038688300677273 -0.028312830915539367 0.030951580194694007 0.7090902998547423
0.022038845 -0.7037353528745655 -0.028425910938978498 0.03117125189411587 0.7092086249878476
0.022195476000000002 -0.7036494467106401 -0.02853044916659622 0.03109848879253186 0.7092928546157666
0.022344431 -0.703692397635791 -0.028988974488688646 0.031476418334238324 0.7092149772505754
0.02251736 -0.7036338815786737 -0.029185766627276948 0.03152927960644005 0.7092626144443298
0.022662632000000002 -0.7038607052853109 -0.029579541260037756 0.03159826538527326 0.7090181294711386
0.022795724 -0.7036805087186192 -0.029751994941318225 0.031875443875938284 0.7091773519538177
0.022969917000000003 -0.7038700312998682 -0.030032602846360074 0.03236898298114128 0.7089550555183043
0.023118759000000003 -0.703629075143384 -0.03012958829663498 0.03259381299239886 0.7091797909391933
0.023287702 -0.7035093876066467 -0.030211541587656737 0.033243979690770364 0.7092648603438195
0.023452348 -0.7036108267794123 -0.0304503585456616 0.03383261080705615 0.7091261767479823
0.023595925 -0.7039468330706954 -0.030843734669175914 0.034061635992522175 0.7087646472524635
0.023742033000000003 -0.7038256072855251 -0.03105863657127379 0.034678564266978296 0.7088457327260116
0.023926529000000002 -0.7034738604771943 -0.03122044295272668 0.03496281094509908 0.7091737540391393
0.024072153000000002 -0.7036374450227566 -0.03159948486580187 0.035059757278285905 0.7089898673025242
0.024241205000000002 -0.7037913933751467 -0.03192799777265366 0.03511568933499356 0.7088195580906519
0.024389498000000003 -0.7036771203710458 -0.03227724899311339 0.03513655292738679 0.7089161530901453
0.024540758000000003 -0.7035208654602669 -0.03248460986144003 0.03537983369577034 0.7090496522471799
0.024678138000000002 -0.703596776830784 -0.03271443582557791 0.035551894715892 0.7089551495715763
0.024841357 -0.7034888710290434 -0.03278776196183161 0.03605608815901421 0.7090333768663403
0.024998217000000003 -0.7032542808028573 -0.03286314948411022 0.03626567324626401 0.7092518811271747
0.025152347000000002 -0.7036569261314872 -0.03316824176357545 0.03619722893705215 0.7088417021188711
0.025311473 -0.7035727566801765 -0.033254570206080795 0.03658711778597979 0.7089011866473217
0.025466062 -0.7034901350830994 -0.03341829460825661 0.03704396798754596 0.708951755666051
0.025610839000000003 -0.7034874551425838 -0.03368789479375256 0.03730274711751376 0.7089280860982045
0.02575681 -0.7036831686984479 -0.033806326039621734 0.03748915442413111 0.7087183458263079
0.025939543000000002 -0.7037303953832186 -0.03426726768869429 0.037625514114943234 0.7086420857291194
0.026114605000000003 -0.7034030982033121 -0.0343579573972147 0.03793553569681563 0.7089460538947012
0.026272861 -0.7036992952026215 -0.034616777025709915 0.03805693480751463 0.7086329447554232
0.026434337000000002 -0.7036682582417031 -0.0347658485317456 0.03831443907341969 0.7086425910693236
0.026564745 -0.7036712133420785 -0.03495114166336241 0.03818462878320373 0.7086375486345636
0.026715333 -0.7035439766589167 -0.03537387367441578 0.038643817834799886 0.7087180097269825
0.026897746 -0.7033965857336946 -0.03549937545742511 0.03903389499066612 0.7088366473047029
