0 -0.7067529998956005 0.00035399999994770805 0.0003529999999478558 0.7074602089259648
0.0008119140000000001 0.8737195181145714 0.009215727228480691 0.01582381812145856 0.4860852602897216
0.001107436 -0.19778138868001247 -0.012277657420339328 0.013586094974371143 0.9800750987422341
0.001353952 -0.9938505077165588 -0.016673088595816482 -0.0075717206934401106 0.10920537072909085
0.001538405 0.4058763353096345 -0.002150542108208571 0.018185104258909297 0.9137445359447132
0.001734436 -0.7473241299678857 -0.017979312769838225 0.003473781845145246 0.6642072872654394
0.0019133770000000002 0.8597956840503093 0.00876996429327635 0.016075153926826815 0.5103097646198055
0.00208733 -0.22509035951096032 -0.012652498955343412 0.013237715752337505 0.9741658001873931
0.0022359890000000003 -0.9965138874249853 -0.01645500083181569 -0.008034658911080364 0.08139160558026197
0.002377506 0.3801851195055794 -0.0026578480371638805 0.018117910802012548 0.924729122878517
0.0025128050000000003 -0.7655922318469226 -0.01806935992904425 0.00297003016512163 0.6430654776662633
0.002667276 0.8452003828221649 0.008317352357364442 0.016313935655391066 0.5341357365432379
0.002811769 -0.25222354336273417 -0.013017459374000912 0.012878998383617191 0.9674957155824913
0.002982081 -0.9983988746684949 -0.016224059973329527 -0.00849132085891739 0.05351428152056766
0.0031317750000000003 0.35419699378770353 -0.003163078287807282 0.018036567953074577 0.9349915318741503
0.003291618 -0.7832624354616655 -0.018145295610684665 0.0024639590080200646 0.6214214587000042
0.0034424480000000003 0.8299450127555112 0.007858244892494697 0.01653997682753056 0.5575445689007271
0.0035821100000000003 -0.2791597502602207 -0.013372253656251179 0.012510223012736079 0.9600700540094801
0.0037184590000000003 -0.9995028851526818 -0.015980429006473642 -0.00894133925751334 0.025595185290795176
0.003879477 0.3279322538822972 -0.00366583829476729 0.017941139237756774 0.9445237483866903
0.004030257000000001 -0.8003209410386563 -0.01820706051160175 0.001955963596289325 0.5992921335202839
0.004189202 0.8140414876747143 0.0073930004433563935 0.01675310091358467 0.5805179803014365
0.004343889 -0.30587794405953683 -0.013716604721392705 0.012131677639135953 0.9518946146269361
0.004484364 0.9995594914844895 0.01572010900641845 0.00938189134635789 0.0023446081839940307
0.0046304530000000005 0.30141141154096324 -0.004165735421833196 0.017831699182242592 0.9533183281234342
0.0047888720000000004 -0.8167544265111667 -0.01825460639538869 0.0014464406552177325 0.5766947842871839
0.00497091 0.7975022275961013 0.006921982347521604 0.016953141471694744 0.6030380294003828
0.005137509 -0.33235725887642276 -0.01405024364447212 0.011743657892258225 0.9429757821411481
0.005274089 0.9993716915104148 0.01545596868275822 0.009820109906097801 0.030281318669949132
0.005422473000000001 0.2746551785216971 -0.004662379268589512 0.0177083332550353 0.9613684028576146
0.005572906000000001 -0.8325500579214178 -0.018287896130033572 0.0009357881031263636 0.5536470586707766
0.0057091730000000005 0.7803401490264392 0.0064455584516594925 0.017139942277774906 0.6250871289101781
0.0058913820000000006 -0.3585770153816696 -0.014372909866304049 0.011346466800669251 0.9333205218199173
0.006052653000000001 0.9981366487143053 0.015175551311815924 0.010248173935064277 0.05819493118979488
0.006193141 0.24768445041377044 -0.005155381975304062 0.017571137800210124 0.9686676857922275
0.006345535 -0.847695499440956 -0.018306903716883035 0.0004244047406377252 0.5301669560692681
0.006501304 0.7625686548742016 0.005964100824237334 0.017313357447505878 0.6466480593362264
0.006642671 -0.3845167369508428 -0.014684351396957103 0.010940414555406983 0.9229363740529583
0.006791040000000001 0.9961210548817924 0.014883265825998712 0.010668225003116594 0.08606311067850818
0.006950607 0.22052029031906054 -0.005644358525832033 0.017420219962173245 0.9752104764697874
0.0071113850000000004 -0.8621789230010456 -0.01831161431089549 -8.731006073410312e-05 0.506272813552556
0.007252740000000001 0.7442016239813873 0.005477985464932062 0.017473251550258275 0.6677039824246231
0.007396482 -0.410156165655699 -0.014984325012548023 0.010525818267734417 0.9118314484631577
0.007538896000000001 0.9933273478006982 0.01457935419413969 0.0110799429677982 0.11386408214904711
0.007670357000000001 0.1931839124025586 -0.006128927048299094 0.017255697601986093 0.9809916652241726
0.007837687000000001 -0.8759890175251432 -0.018302024232164153 -0.0005989566704241688 0.4819832915422056
0.008014323 0.7252534002838977 0.004987592010975642 0.017619499714852938 0.6882384543123091
0.008162945000000001 -0.43547527808479847 -0.015272596445189298 0.01010300172148839 0.90001441757328
0.00831027 0.9897578324961821 0.014264055722525669 0.011483007408450837 0.14157613176178793
0.008474474000000001 0.1656966653249075 -0.0066087091133289234 0.017077699205320245 0.9860067371710823
0.008634332 -0.8891149977555481 -0.018278140968689426 -0.001110135510837442 0.4573173592390785
0.008770539 0.7057387816089071 0.004493303440663149 0.01775198772707695 0.7082354383691809
0.00893477 -0.4604543009809595 -0.015548940565942719 0.009672295120217759 0.8874945100330779
0.00910297 0.9854153297825382 0.013937617176913766 0.011877103844564195 0.16917761666531247
0.009277073 0.1380800155699073 -0.007083330029582291 0.01688636378211515 0.9902517757339951
0.00944785 -0.9015466126662323 -0.018239983170381804 -0.0016204473692944736 0.4322942798100969
0.009610214 0.685673008117897 0.003995505774253895 0.017870612118877402 0.7276793177221534
0.009769603 -0.48507372668334203 -0.015813141560635458 0.009234034829308011 0.8742815034120849
0.009921175 0.9803032431392207 0.013600293687923778 0.012261924610042768 0.19664698080941892
0.01009428 0.1103555306800079 -0.007552419136376664 0.01668184075801666 0.9937234657028697
0.010248041000000001 -0.9132741534535648 -0.01818758063427476 -0.002129493709640076 0.4069335953457949
0.010411100000000001 0.6650717504043345 0.003494587772498707 0.017975280249163728 0.7465549074514025
0.010554597 -0.5093143283620923 -0.016064993098401238 0.00878856311329385 0.8603857165637308
0.010711724 0.974425570286769 0.01325234877858623 0.012637169222131425 0.22396277149862298
0.010874328 0.08254486241288037 -0.008015610093158185 0.01646428985768128 0.9964190958231988
0.01104269 -0.9242884610956816 -0.018120974280912666 -0.0026368769832408735 0.3812551116006432
0.011215826 0.6439510972552982 0.0029909406330283013 0.018065910376155445 0.764847466449242
0.011369738 -0.5331571750336584 -0.01630429849281573 0.00833622786856519 0.8458180015667327
0.011517237000000001 0.9677869041676629 0.012894054224049878 0.013002544652936822 0.2511036560505033
0.011661505 0.0546697298322243 -0.008472541165599775 0.016233880980037616 0.9983365609134047
0.011833910000000001 -0.9345809334695603 -0.01804021612185672 -0.003142200939076556 0.35527888252833634
0.0120081 0.6223275430865498 0.0024849576848394463 0.01814243172121788 0.7825427089324059
0.012167805 -0.5565836463450309 -0.01653087085549908 0.007877382351674948 0.8305897352500672
0.012318448000000001 0.9603924308203797 0.012525689862705938 0.013357765571320753 0.2780484384170273
0.012488810000000001 0.026751902346009725 -0.008922855508101502 0.015990794065601596 0.9994743635089044
0.012638566 -0.9441435320111218 -0.017945369218194774 -0.003645070932589387 0.32902519462466484
0.012787986000000001 0.6002179750608759 0.00197703408111743 0.018204784524136687 0.7996268155987254
0.012956619 -0.5795754471153729 -0.016744533242066487 0.007412384903461111 0.8147128103081321
0.013114013 0.9522479259321222 0.012147543387304876 0.013702554571089192 0.30477607572011933
0.013281586000000001 -0.001186817294591523 -0.009366201442473642 0.01573521895595019 0.9998316150315799
0.013441452000000001 -0.9529687878962511 -0.017836507629829686 -0.004145094232878525 0.3025145510910714
0.013612141000000001 0.5776396598997404 0.0014675664906344526 0.018252920089787513 0.8160864444195004
0.013774621 -0.6021146216236665 -0.016945118790312474 0.00694159866919873 0.798199626013046
0.013984332 0.9433597506058735 0.011759910124735548 0.014036642390090892 0.3312656946763854
0.014146009000000001 -0.029124610022315853 -0.009802232732583722 0.015467355245462385 0.999408036483727
0.014298044000000001 -0.9610498077048593 -0.017713716355080827 -0.004641880327665112 0.27576765583290475
0.014453051000000001 0.554610230398544 0.0009569527879648292 0.018286800826164556 0.8319087410591315
0.014593866 -0.6241835676312164 -0.0171324708505206 0.006465391315000081 0.7810630785313328
0.014738074 0.9337348465317629 0.011363092807622956 0.014359768121725213 0.35749660789351506
0.014898843 -0.05703965749365492 -0.010230608854753319 0.01518741212544381 0.9982039586659458
0.015076491000000001 -0.9683802784956279 -0.017577091259603782 -0.005135041225106594 0.24880539730785067
0.015232200000000001 0.5311476716560106 0.00044559174275888414 0.018306400273737963 0.8470813489138809
0.015373739 -0.6457650501280331 -0.0173064431077968 0.005984134740685068 0.763316550852565
0.015527601 0.9233807306405938 0.010957401339108401 0.014671679419354974 0.3834483300235503
0.015677059 -0.08491015912813767 -0.010650995263694554 0.01489560822075638 0.9962203219188049
0.015846579 -0.9749544721377691 -0.017426738992383145 -0.005624191750729808 0.22164883224329876
0.016018749000000002 0.5072703070284559 -6.611729168196973e-05 0.01831170312611737 0.8615924187619189
0.016202093 -0.6668422147923747 -0.017466899696331046 0.005498204789345888 0.7449739023378184
0.016336692 0.9123054892758086 0.010543152551510634 0.014972132693749475 0.4091005937594755
0.016483077000000002 -0.11271434913373674 -0.011063063653776389 0.014592171419081063 0.9934586753884741
0.016629701 -0.9807672485405814 -0.017262776883381837 -0.006108949835718445 0.1943191692483118
0.016773820000000002 0.48299678381989936 -0.0005777746902856903 0.018302705242005345 0.8754306180171261
0.016945331 -0.6873986011528818 -0.017613715305496793 0.005007980953833234 0.7260494578961197
0.017112046000000002 0.9005177719035643 0.010120669959298452 0.01526089330353724 0.4344333656621592
0.017259267000000002 -0.14043051350510388 -0.011466492215418917 0.014277338692946395 0.9899211758169083
0.017392473000000002 -0.9858140568442977 -0.017085332808501198 -0.0065889367871206205 0.1668377523634241
0.017549033000000002 0.45834605871919887 -0.0010889808683021503 0.018279413648431497 0.8885851395794174
0.017692808 -0.7074181554430294 -0.017746775277706257 0.004513846080393489 0.7065579967973287
0.017864902000000002 0.8880267843734367 0.00969028350669077 0.015537735738587143 0.4594268618050125
0.018051845 -0.16803700698136012 -0.011860965886413943 0.013951355914662344 0.9856105858575199
0.018208385 -0.9900909317960751 -0.016894544978988523 -0.007063777512575803 0.13922604463996596
0.018361055 0.43333738299557123 -0.0015993365933640801 0.018241846535264297 0.9010457102746812
0.018512973000000002 -0.7268852431378106 -0.017865975697943536 0.004016186069688617 0.6865147411302026
0.018659755 0.8748422817389893 0.009252329310144101 0.015802443796209216 0.48406156322401866
0.018822792 -0.19551226995019344 -0.012246176597976263 0.01361447766430359 0.9805302719176578
0.018996141 -0.9935944755758115 -0.016690561504304247 -0.007533100604614568 0.11150561199859631
0.019171068000000003 0.4079902874640669 -0.002108443297272667 0.018190033241005578 0.9128025988777432
0.019340124 -0.745784661162815 -0.017971223474905637 0.0035153895754329325 0.6659353439146601
0.019496746000000002 0.8609745606460358 0.008807149395965313 0.016054810750057314 0.5083182311609771
0.019643515 -0.22283484528507091 -0.012621823515333523 0.013266967030892866 0.9746842015295827
0.019804754 -0.9963217818454612 -0.016473539055913065 -0.00799653786653406 0.08369810824769514
0.019980788000000003 0.3823245672327314 -0.002615903387264412 0.018124014229878044 0.923846623712084
0.020147154 -0.7641016497661056 -0.018062436413686624 0.0030118477008826356 0.6448358768775381
0.020294878000000002 0.8464344512958023 0.008355091433274281 0.016294639511612485 0.5321779220880197
0.020434605 -0.24998339510240133 -0.012987613272665954 0.012909095406938553 0.9680769402519797
0.020576913000000002 -0.9982700236507798 -0.016243636288639892 -0.00845372060877653 0.05582526561480912
0.020722581 0.3563602662433714 -0.003121320556516126 0.018043841060224296 0.9341691598203855
0.020902142000000002 -0.7818219040435417 -0.018139543279947476 0.0025059536934162563 0.6232328179013902
0.021065292000000003 0.8312333089900448 0.007896508462537788 0.016521742784127946 0.5556220025016173
0.021227428000000003 -0.27693671742557485 -0.013343260202213592 0.012541142276488174 0.9607136481044437
0.021376911000000002 -0.9994319525536646 -0.016000943285315657 -0.008904237016294253 0.027908929900871043
0.021526103 0.33011766161799433 -0.003624300093645576 0.017949576344241797 0.9437621457002938
0.021703738 -0.7989315851084148 -0.018202483855519057 0.0019981026374456864 0.6011430381561496
0.02187725 0.815383005265178 0.007431758619893913 0.016735943208919288 0.5786321634745114
0.022038845 -0.30367376274286006 -0.013688486557371472 0.012163394996862557 0.9526000755377133
0.022195476000000002 0.21914755054745197 0.0034500823922665688 0.0020509599958474893 0.00013531164885816882
0.022344431 0.3036172478231419 -0.0041244491909660785 0.01784129369908491 0.9526180896001494
0.02251736 -0.8154173308965114 -0.01825120898539272 0.0014886911458996059 0.5785837889237128
0.022662632000000002 0.7988959186226225 0.006961204857486801 0.01693707350388787 0.6011904349542035
0.022795724 -0.3301736504462185 -0.01402302272959828 0.011776148574241184 0.9437425589427958
0.022969917000000003 0.999429514617706 0.015478504453308659 0.009784221987766137 0.027968245526438753
0.023118759000000003 0.2768797206644961 -0.004621377251254445 0.017719077689373038 0.9607300753697615
0.023287702 -0.831266266597907 -0.018285680616057336 0.0009781170505229774 0.5555726881257689
0.023452348 0.7817849248628239 0.006485214660034095 0.017124976594171892 0.6232791997968075
0.023595925 -0.35641568513821625 -0.014346607458969882 0.011379705433274547 0.9341480157025047
0.023742033000000003 0.9982663002154986 0.015199193491705709 0.010212999346170074 0.05588451217031382
0.023926529000000002 0.24992596112424081 -0.0051146961927924705 0.017583023761148554 0.9680917678616596
0.024072153000000002 -0.8464660147069886 -0.0183058718251492 0.0004667790912380742 0.532127706565414
0.024241205000000002 0.7640633870305964 0.006004159757848807 0.017299505734822397 0.6448812075253147
0.024389498000000003 -0.38237937279427303 -0.014658988038212308 0.010974375180902702 0.9238239387892616
0.024540758000000003 0.9963165372541076 0.014907902260494252 0.010633737488696175 0.08375723901100372
0.024678138000000002 0.22277701905381617 -0.005604020752443935 0.017433238167337488 0.9746974178786049
0.024841357 -0.8610047046823137 -0.01831176684238112 -4.492339518407445e-05 0.5082671538933462
0.024998217000000003 0.7457451449797488 0.005518415836543102 0.017460524625411405 0.6659795878015131
0.025152347000000002 -0.4080444367676437 -0.014959920510055706 0.010560474364565035 0.9127783909133885
0.025311473 0.9935876479818769 0.014604951886581839 0.011046161764645115 0.11156458068320316
0.025466062 0.19545409673479153 -0.0060889687865304165 0.01726983788476996 0.9805418666634957
0.025610839000000003 -0.8748709822079412 -0.018303361061723873 -0.0005565907868905865 0.48400966430967224
0.02575681 0.7268445045651718 0.005028362243640107 0.017607907516481135 0.6865578636010473
0.025939543000000002 -0.433390833624625 -0.015249169857754406 0.010138326224989929 0.9010199982264574
0.026114605000000003 0.9900824994773957 0.014290590698342676 0.011449956721120246 0.13928480512870217
0.026272861 0.1679785323206971 -0.006569161569270806 0.017092950522825796 0.9856205499281622
0.026434337000000002 -0.8880540180477411 -0.018280661044810794 -0.0010678234888948555 0.4593741820125716
0.026564745 0.7073762264708953 0.004534381692324279 0.0177415393077527 0.7065999640813179
0.026715333 -0.4583987687976091 -0.015526510188624783 0.009708260443757253 0.8885579435846194
0.026897746 0.985804012692389 0.013965067139411577 0.011844808643974334 0.1668962587125118
0.027078968000000002 0.14037178317274707 -0.007044224088551603 0.016902714223776552 0.9899295014179029
0.027234919000000003 -0.9005435164837666 -0.01824368451553277 -0.0015782222449413597 0.4343799464053404
0.027380643000000003 0.6873555146828582 0.004036859962561922 0.017861315638017548 0.7260902371321707
0.027510992 -0.4830487120437777 -0.015791724910457248 0.009270612885831262 0.8754019593771676
0.027665715 0.9807555925110648 0.01362863645291876 0.012230409727983935 0.19437737571642355
0.027822051 0.11265540910247124 -0.007513785338797067 0.016699277554902057 0.9934653560089829
0.027999605 -0.9123297233288769 -0.018192460345779232 -0.002087388449010293 0.40904647707357444
0.028165612000000003 0.6667980046154148 0.0035361855998257315 0.017967142966641553 0.7450134615995804
0.028308157 -0.5073214126973336 -0.016044606900664546 0.008825725337264452 0.8615623199259449
0.028444601000000003 0.9749412083722507 0.013281561811097119 0.012606459066610736 0.22170669332523685
0.028587088 0.08485105553432984 -0.007977478610710022 0.016482799392464755 0.996225352336667
0.028727548000000002 -0.9234034335019713 -0.01812702853225456 -0.0025949244561627085 0.3833935585445586
0.028898661000000003 0.64571975090085 0.003032749611658528 0.018058938646617888 0.7633548591727769
0.029081631 -0.5311979147033777 -0.016284958668034467 0.008373945238277869 0.8470498334615228
0.029246766 0.9683654140276653 0.01292411447553604 0.012972663090952553 0.24886286776938552
0.029408052 0.05698043660147864 -0.008434941777657967 0.0162534487976339 0.9982073349517452
0.029553313 -0.9337559981506703 -0.018047440164247447 -0.0031004338923887593 0.35744122484133906
0.029700007 0.6241372148514923 0.0025269451623140503 0.018136630989112813 0.781100105925525
0.029855498 -0.5546595714216687 -0.016512592506960196 0.007915625411925958 0.8318758336824259
0.030011006000000003 0.9610333518053231 0.012556573710805406 0.013328735868214436 0.27582469074581595
0.030176635 0.02906531818787079 -0.00888581757847979 0.016011404884455217 0.9994097560038578
0.030334225000000003 -0.9433793312995207 -0.017953757382129648 -0.003603521963049382 0.331209743844409
0.030481386000000003 0.6020672516041677 0.0020191672657125905 0.018200159319452562 0.7982353435025552
0.030621836000000003 -0.5776880601887038 -0.016727330644027972 0.00745112378855809 0.8160521709039922
0.030784713000000002 0.9529507517104262 0.012179226616501681 0.01367439935237561 0.3025711058681381
0.030954541000000002 0.0011275009299473956 -0.009329753896493055 0.015756856679970014 0.9998316764503131
0.03112213 -0.952265915988123 -0.017846053326151468 -0.0041037957593619 0.3047196014748226
0.031274397 0.5795270969570955 0.0015098124769519715 0.01824947402450898 0.814747189942398
0.031427898 -0.6002653966267355 -0.016929005376847328 0.006980803126292179 0.7995912028037829
0.031573757 0.9441239283418178 0.011792367925473954 0.01400938361345263 0.3290812250544677
0.031715318 -0.02681119680881158 -0.0097664040344832 0.015490002976592284 0.9994727667894457
0.031892311 -0.9604088098356192 -0.0177244120746755 -0.004600864562096339 0.2779914857138752
0.032054867 0.5565343539094587 0.0009992785826145301 0.018284536591445896 0.8306227501281792
0.032215607 -0.6223739486885442 -0.01711745920501566 0.006505030727718664 0.7825057847707697
0.032387286 0.9345597766385938 0.011396299784612115 0.014333427054164898 0.3553343448098105
0.032526643 -0.05472895597717749 -0.010195426985460875 0.015211052176859863 0.9983333073179502
0.032681417000000004 -0.9678016499068189 -0.0175889285700497 -0.00509434014103708 0.2510462704771145
0.032840965 0.5331069789142191 0.0004879642901121978 0.018305319637797024 0.8458496258582038
0.033017888 -0.6439964504269623 -0.017292544953113737 0.00602417815305626 0.7648092598658449
0.033173541 0.9242657668498685 0.01099133152462636 0.014646276617272127 0.38130996237731446
0.03333398 -0.08260397387599931 -0.010616487698974967 0.014920222130680215 0.996414187911986
0.033483428 -0.9744386566138201 -0.01743970852814461 -0.005583837047357668 0.22390499936573982
0.033630006000000004 0.5092632678548615 -2.373108368776062e-05 0.01831180693285075 0.8604159255284728
0.033771858 -0.6651160154784054 -0.017454125885636895 0.005538620929983989 0.746515448401486
0.033946741 0.9132499388970463 0.01057777942166018 0.01494768798487253 0.406987791739693
0.034106865 -0.11041448118525671 -0.011029257342773987 0.014617739965198176 0.993716907332222
0.034267338 -0.9803146360313871 -0.017276868322089873 -0.0060689728925453846 0.19658886933047165
0.034425679 0.4850218417570681 -0.0005354079243131131 0.018303993410326413 0.8743102734195652
0.034577372 -0.6857161502498245 -0.017602075813770945 0.005048738260376073 0.7276386371487279
0.034726316 0.9015208962089496 0.010155966452147256 0.015237425770168782 0.43234777945529546
0.034900279 -0.13813875896504188 -0.011433413559611014 0.01430384190741872 0.9902435720533689
0.035064421000000005 -0.9854249790199924 -0.017100534815518934 -0.0065493685978439175 0.16911921431224577
0.035227309000000005 0.4604016322464465 -0.0010466666317695704 0.018281885172330987 0.8875218185806362
0.035375128 -0.705780766798761 -0.01773627919392933 0.0045549127241694244 0.7081935681798681
0.035528497 0.8890877990718572 0.00972622204170527 0.015515263701874166 0.45737012031483765
0.03567853 -0.16575515561719517 -0.011828640718992214 0.013978773099723193 0.9859968946191098
0.035839259000000005 -0.9897656524552334 -0.016910845072643746 -0.007024648567966778 0.1415174890055924
0.036006296 0.43542186676369193 -0.0015571079326124344 0.018245499484593853 0.900040243303591
0.03618345 -0.7252941953963896 -0.017856631217973394 0.004057529980595353 0.6881954273556267
0.036328522 0.8759603575188946 0.009288881808574241 0.01578098480128158 0.4820352728056914
0.036478764000000004 -0.19324210379434265 -0.01221463016367156 0.013642787408422632 0.9809801915237152
0.03664042 -0.9933331663725948 -0.01670794569396571 -0.0074944406313113485 0.11380525315090846
0.036791225000000004 0.4101020535487287 -0.0020663331917633965 0.01819486476298337 0.9118557711808162
0.036959918 -0.744241196763672 -0.017963037895044852 0.003556978467009621 0.66765983246576
0.03712987 0.8621488237747938 0.008844287301969539 0.016034381551945903 0.5063239743711188
0.037292625 -0.22057813724313685 -0.012591080450700077 0.01329614722549857 0.9751973806219966
0.037446323000000004 -0.996124446960964 -0.01649199068748905 -0.007958375069139798 0.08600415778275874
0.037594583 0.3844619664055458 -0.002573944723828748 0.01813002055131523 0.9229591747401776
0.03774901 -0.7626069739709741 -0.01805541612494486 0.0030536490955571376 0.6466028210323997
0.037915765000000004 0.8476639842678436 0.008392785735649643 0.016275256061898623 0.5302172564522265
0.038086025 -0.2477419075685391 -0.01295769758684058 0.01293912326368538 0.9686529780696211
0.038232765 -0.998136182691345 -0.016263131124791073 -0.008416078580193727 0.05813594029537329
0.038387719 0.3585216292596416 -0.003079546103676029 0.01805101749047051 0.9333417826513217
0.038540181 -0.780377183991733 -0.01813369376300058 0.0025479349479093443 0.6250408377856489
0.038691764000000003 0.8325171512186856 0.007934729716962836 0.016503420218296035 0.553696459300717
0.038863203000000006 -0.2747122009060552 -0.013314195258164668 0.01257199434505459 0.9613520947961782
0.039041192 -0.9993583358362951 -0.016021413528061166 -0.00886711265257618 0.030222485828643474
0.039202092 0.33230130052012596 -0.00358274247602653 0.017957917278847258 0.9429954864976489
0.039350485000000004 -0.7975379489009617 -0.018197809676365938 0.00204023096831487 0.6029907218212458
0.039515488 0.8167201538146398 0.007470476971618604 0.016718695834398722 0.5767432465507302
0.039660581 -0.3014679544888991 -0.013660295053652079 0.012195047183266156 0.9533004325137518
0.039829627 -0.9967893545352505 -0.015719826767414152 -0.009282977188673951 0.0022916270348780575
0.040004513000000005 0.30582145725870064 -0.004083140863821798 0.017850792624176662 0.951912747108677
0.040179123000000004 -0.8140758667096154 -0.018247713791709273 0.0015309336552056323 0.5804696934503346
0.040335879000000005 0.8002853289777562 0.00700039006441987 0.01692091478877818 0.5993396195383097
0.040489265 -0.3279882730971498 -0.013995726682618413 0.011808576159656838 0.944504279264115
0.040627125 0.9994784034968359 0.015500900475129748 0.009748248931933344 0.025655070112907487
0.040772806 0.2791027792178691 -0.004580350475123298 0.017729727186741095 0.9600866004478429
0.040950864000000003 -0.8299780218259799 -0.01828336713424415 0.0010204407516034204 0.5574953407516539
0.041116061 0.7832255117345873 0.006524836116187714 0.017109919156648765 0.6214679313572835
0.041274623 -0.35425244537605155 -0.014320228185800855 0.011412883093340664 0.9349705045080261
0.04142796 0.9983901881412386 0.015222747594359886 0.010177766336433828 0.053573805088248286
0.04157269 0.25216613266086974 -0.005073983008305748 0.017594815514039037 0.9675106630511479
0.041719729000000004 -0.8452319951354124 -0.018304741858067353 0.000509150934573579 0.5340856058366841
0.04189918 0.7655540251957809 0.006044186517107702 0.017285561333226077 0.6431109006405153
0.042079281 -0.3802399600107078 -0.01463354613993716 0.011008277005500578 0.9247065537604612
0.042244891 0.9965065615229234 0.014932456884245875 0.010599191957250603 0.081450923583971
0.042410552000000004 0.22503255407593845 -0.005563652955305416 0.017446162966947006 0.9741791370123991
0.042563209000000005 -0.859825873689761 -0.018311821267765708 -2.5364960223155384e-06 0.5102587708385512
0.042698230000000004 0.7472846701536492 0.005558816636728783 0.017447704149019878 0.6642516250557597
0.042883684000000005 -0.4059305217445418 -0.014935435855678386 0.010595073878056034 0.9137204427759726
0.043059449 0.9938425746507645 0.014630470513821449 0.011012320954518715 0.10926448428609328
0.043230912 0.19772323374763773 -0.006048977902687018 0.017283885637437154 0.9800868145111512
0.043380943000000005 -0.8737482599977545 -0.018304599831259823 -0.0005142219292203897 0.4860334436357112
0.043525374000000006 0.7284317143060913 0.0050691055308441585 0.0175962209769722 0.6848735945055529
0.043680133 -0.4313040672290077 -0.015225661568680346 0.010173596406894535 0.9020207512887146
0.043842178 0.9904018363087256 0.014317048689765384 0.011416844477396066 0.1369927340422136
0.044019796 0.1702594992080694 -0.006529578830293605 0.01710811025791387 0.9852290818798164
0.044192737 -0.8869882809072875 -0.01828308318384635 -0.0010255057548320488 0.4614285433217013
0.044374355000000004 0.7090098811154384 0.004575435645486217 0.017730995831358762 0.7049607040208253
0.044522572 -0.45634078069217154 -0.015503996623724843 0.009744173749860195 0.8896166163120278
0.044681194 0.9861873991507687 0.013992442036372872 0.011812449863649656 0.16461400782732588
0.044854002000000004 0.14266279858090744 -0.007005080407246547 0.01691897410224089 0.989601923206762
0.045025132 -0.8995355960698328 -0.018247288123393175 -0.0015359886752321483 0.4364632854325048
0.045188574 0.6890343383110533 0.004078192518268614 0.017851923458377484 0.7244972663381515
0.045339895000000005 -0.4810211094139199 -0.01577022365172664 0.00930714126969586 0.8765177250028113
0.045485564000000006 0.9812026779285165 0.013656906043769046 0.012198829246014207 0.1921067301261848
0.045619081000000006 0.11495468383125214 -0.0074751112850644 0.01671662487853581 0.9932019234725857
0.045783135 -0.9113804059757821 -0.01819724259662178 -0.00204527201676675 0.41115716694337984
0.045972095000000004 0.668520686044737 0.0035777644773098962 0.01795890941835395 0.7434680241508077
0.046159468 -0.5053257789957094 -0.01602413473948796 0.008862840272139919 0.8627343070962612
0.046328474 0.9754516167013348 0.013310703578969107 0.012575681321516093 0.21944942801749356
0.046466943000000004 0.08715679393438737 -0.007939304387671446 0.016501220613815894 0.9960262712171165
0.04661523 -0.9225134595468573 -0.018132985676372376 -0.002552958040458478 0.38552995104732474
0.046793737 0.6474849447082522 0.00307454233797499 0.018051870159500025 0.7618581620240719
0.046975222000000004 -0.529235808412924 -0.016265531592067846 0.00841161773938227 0.8482771269168811
0.047148772000000005 0.9689387311968324 0.0129541054077579 0.012942711992194066 0.24662074671074605
0.04731283 0.05929083797658828 -0.008397297198069937 0.016272929530585237 0.9980727607350589
0.047469041000000003 -0.9329260612666662 -0.018054567529672508 -0.003058650251633574 0.3596016517278444
0.047610673000000006 0.625943542422519 0.0025689190976719654 0.018130733083168378 0.7796533179654478
0.047758046000000005 -0.5527325248380656 -0.016494225687639072 0.007953826059087466 0.833157474972006
0.047937067 0.9616691205523616 0.012587390228244058 0.01329963472984773 0.2735994657362256
0.048129092000000005 0.0313785782011757 -0.00884873204145156 0.016031929915459715 0.9993397937985676
0.048292408 -0.9426100778208072 -0.017962049376282485 -0.003561953707993792 0.3333925181393469
0.048458783000000005 0.603913302208288 0.0020612896289429576 0.018195436600552225 0.7968395946407838
0.048608877 -0.5757975782232284 -0.016710038424712723 0.007489822749197541 0.8173871591344035
0.048754006 0.9536484693359897 0.012210844549805228 0.013646170852470663 0.30036451529777414
0.048942557000000005 0.003441813013057506 -0.009293256364527682 0.015778409979932174 0.9998263809054057
0.049124433 -0.951557944199018 -0.01785550343710477 -0.004062475325461981 0.30692301880950057
0.049280153 0.5814114288483332 0.001552050371089418 0.018245930180786296 0.8134035702275147
0.049444468000000005 -0.5984129556303984 -0.016912801261613437 0.007019970178728354 0.8009784954208478
0.049608305000000005 0.9448830457576799 0.011824762512099879 0.013982049764952318 0.3268949926183534
0.049773119000000005 -0.024497640044969377 -0.009730523010859292 0.015512567713386405 0.9995321420517101
0.049958299000000005 -0.9597626691728267 -0.017735012871245213 -0.0045598241807377786 0.28021382567981856
0.050125417000000005 0.5584554954514452 0.0010415990205726916 0.01828217439041146 0.8293323088965567
0.050299566000000004 -0.6205609952984226 -0.01710235584809792 0.00654463528477898 0.7839442983738593
0.050458515 0.9353796980540213 0.011429445676060355 0.01430700918144781 0.35317017820581237
0.050610805 -0.052417961330860074 -0.01016019049197303 0.015234610728476065 0.9984573070287662
0.050775282000000005 -0.967217839978314 -0.01760067169922747 -0.0050536118086589475 0.25328579800415785
0.050953737000000006 0.5350634297287177 0.0005303342204320017 0.01830414092417221 0.8446133709146662
0.051138732000000006 -0.6422244004356155 -0.017278554149012405 0.0060641892859744145 0.7662978710541324
0.051313548 0.9251458498038004 0.011025202799150681 0.014620795335894301 0.37916955200072255
0.051463486 -0.08029734614360111 -0.010581923254049863 0.014944756098986533 0.9966027152435538
0.051632483 -0.9739176258402176 -0.017452584706883552 -0.005543452490543242 0.22615996613211148
0.051797302 0.5112534999928766 1.8655248962589446e-05 0.01831181262712348 0.8592348223593695
0.051982234 -0.6633862527272056 -0.017441258559892862 0.0055790073925662724 0.7480529946514682
0.052152176 0.9141894944954788 0.010612349600173685 0.014923163183291106 0.4048728093818219
0.052320507 -0.10811402175181933 -0.010995391939979565 0.014643230190309761 0.9939698150632085
0.052480154 -0.9798567794926051 -0.01729086731701907 -0.006028963524934928 0.19885751522037323
0.052632899000000004 0.4870443008915688 -0.0004930382921028633 0.018305183508028764 0.8731852444388798
0.052785582000000004 -0.6840300255470426 -0.017590342014416643 0.005089468513418001 0.7292239177223262
0.052946847000000005 0.9025191894952885 0.010191208516141154 0.015213876592844641 0.4302598770107157
0.053134193 -0.1358462643974191 -0.01140027364657557 0.014330268482661395 0.9905606626839076
0.053298990000000004 -0.9850306345319692 -0.017115645395541678 -0.006509765459221423 0.1713997689546333
0.053477345 0.4624547388857833 -0.0010043467896657284 0.018284258744040147 0.8864537424097184
0.053646302 -0.7041395968631977 -0.0177256880836212 0.004595954960104043 0.7098253450624127
0.053815076 0.8901440494910364 0.009762108452534694 0.015492708533436329 0.4553109285003516
0.053987378 -0.16347241626097198 -0.011796252176749414 0.014006115387180539 0.9863779205250703
0.05415198500000001 -0.9894350923430775 -0.016927054895253767 -0.00698548222059526 0.14380817347278238
0.054314743000000006 0.4375040174847366 -0.0015148709313421841 0.01824905467665591 0.8990299540850757
0.054485413 -0.72369926182731 -0.0178471910668114 0.004098852148354887 0.6898724262229953
0.054641775000000004 0.8770737394529022 0.009325384527737733 0.01575944125157963 0.48000639989332267
0.054798947 -0.1909709023756049 -0.012183018286448149 0.013671024055054362 0.9814248551501156
0.054981307 -0.9930665773855872 -0.01672524100821834 -0.007455740939662662 0.11610428202180373
0.055174895 0.4122116222487488 -0.0020242120173093823 0.018199598798958858 0.9109040579272709
0.055337908000000005 -0.7426937450377669 -0.017954756074083065 0.0035985482970818223 0.6693807436799291
0.055489781 0.8633184671362854 0.00888137781215526 0.016013866441894717 0.5043270049369077
0.055650716 -0.21832024747617865 -0.01256026992616142 0.013325256179817222 0.9757053347154121
0.055826484 -0.9959218711672172 -0.016510355431677337 -0.007920170599264 0.08830974219384204
0.056000397 0.3865973055718502 -0.0025319722716734016 0.01813592973414611 0.9220667807179851
0.05616846700000001 -0.7611082124670224 -0.01804829910039686 0.0030954341252180683 0.6483663006646372
0.056339903000000004 0.8488889751435031 0.008430435062403553 0.016255785410060515 0.5282537501423356
0.056515304 -0.24549909277060036 -0.01292771247680998 0.012969081792978891 0.9692238259494087
0.056677347 -0.9979972918729498 -0.016282543433409232 -0.008378394389435603 0.06044629435918926
0.056869457000000005 0.3606810712559785 -0.003037755153115935 0.01805809720536604 0.9325094048002819
0.057037109 -0.7789282830435688 -0.018127747091141743 0.0025899025466146084 0.6268455086665763
0.057211044 0.8337965325569342 0.007972908450881224 0.016485009228170724 0.5517679496161465
0.057350120000000004 -0.2724862126201635 -0.013285058979831031 0.012602779053140726 0.9619853906643016
0.057508036000000005 -0.9992812091942239 -0.016041826691215576 -0.008829958509667769 0.03253584902047654
0.057670391 0.33448315888883506 -0.003541165664576836 0.017966161996886953 0.9422237748867534
0.05783908200000001 -0.7961400398793057 -0.018193037999134038 0.002082348363231522 0.6048351746169559
0.058023332000000004 0.8180529261539994 0.007509155290995702 0.016701358882405194 0.5748512396518245
0.058187967 -0.2992605311158966 -0.013632030361281071 0.012226634028765535 0.9539956818029675
0.058356519 -0.9987279749544399 -0.015771976600148677 -0.009264684040022802 0.004603999395763588
0.058520999000000004 0.30802402803759416 -0.0040418106617308965 0.01786019590662736 0.9512023044284827
0.058691035 -0.8127300411331844 -0.018244120833002128 0.0015731679568678613 0.5823524877637697
0.058868584 0.8016704512131929 0.0070395377582984356 0.016904665412920586 0.5974855930701671
0.059048179000000006 -0.32580113853796766 -0.013968355649780995 0.01184094047476988 0.9452609390242502
0.059230409000000005 0.9995166882696426 0.015523130201373251 0.009712175544522996 0.023341818955354948
0.05938954900000001 0.28132434227080416 -0.004539299160017689 0.017740281690084656 0.9594379815398416
0.059566585000000005 -0.8286853305022377 -0.018280955696912588 0.001062758979675998 0.5594150062484019
0.059721654000000006 0.7846619019198705 0.006564422607771764 0.0170947700458644 0.619653333297081
0.059897818000000005 -0.3520873076852884 -0.014293772188133122 0.011445999603113849 0.9357879838300429
0.060070069000000004 0.9985082258251956 0.015246212124823123 0.01014247431468087 0.05126282385410201
0.060235697000000005 0.2544049530209767 -0.005033242639984929 0.01760651299570673 0.9669243744745005
0.060400655000000004 -0.8439934473310715 -0.01830351382159725 0.0005515200437087477 0.5360406433943782
0.060562743 0.7670405613802501 0.006084180887502953 0.01727152431741578 0.6413371481677509
0.060707356000000004 -0.3780985100625661 -0.014608025838445044 0.011042119847567287 0.9255842142379777
0.060896585 0.9966911106906676 0.014956929309982643 0.010564588451300976 0.07914417718761664
0.061090636000000004 0.2272868833004522 -0.005523255350706637 0.017458994291756402 0.9736556366483721
0.061266204000000005 -0.8586424363309699 -0.01831177758664045 3.9850409752975764e-05 0.5122476537190299
0.061445002000000006 0.748820191252086 0.005599187648981472 0.017434790189763613 0.6625201034463362
0.06161838 -0.40381443191216093 -0.01491087118060015 0.010629616622836353 0.914657599003884
0.061771857000000006 0.9940921215344412 0.014655909860179913 0.010978420675674274 0.10696380546020655
0.061968955000000006 0.19999131128326267 -0.006008954611039293 0.017297840784725765 0.979626511205567
0.062153636000000005 -0.8726208568995112 -0.018305740533988084 -0.00047185032429196655 0.4880546186791213
0.062331791000000004 0.7300150210005225 0.005109821654251321 0.017584440158932964 0.6831856560506295
0.062498183000000006 -0.4292149900782169 -0.015202071703919415 0.010208812078238398 0.9030166713985217
0.062672644 0.9907158393043547 0.014343429523087727 0.01138367083765123 0.13469993087341522
0.062846236 0.17253955376582414 -0.00648996110848063 0.017123178329364885 0.9848323351237955
0.06301896 -0.8859177920311262 -0.018285407372632834 -0.0009831825352233303 0.46348043216173784
0.063187907 0.7106397367878511 0.004616465080153111 0.01772035735437946 0.7033176669713013
0.06337408500000001 -0.4542803476906792 -0.015481399991864963 0.009780034846117556 0.8906705225434581
0.06354148600000001 0.9865654861620834 0.014019741705813694 0.011780027668981166 0.162330876289734
0.06370031500000001 0.14495304951936416 -0.006965899195397697 0.016935143330394156 0.9892690428560069
0.063869707 -0.8985228568080229 -0.018250793974417267 -0.0014937468862502314 0.4385442857320142
0.06405590600000001 0.6907094700060291 0.004119503219889648 0.01784243563027451 0.7229004138756375
0.064241105 -0.47899092965694867 -0.015748637899641243 0.009343619785197972 0.8776287943112859
0.064401336 0.9816444964920553 0.013685102300766158 0.012167183329138137 0.1898350562371128
0.06456753400000001 0.11725334254708925 -0.0074363971823928655 0.01673388263597764 0.9929331695054273
0.064734374 -0.9104262064590116 -0.018201927360869792 -0.0020031446383113253 0.4132656536496281
0.064916502 0.670239785461077 0.003619324182150828 0.017950579648411905 0.7419186033859072
0.065094126 -0.5033274379490564 -0.016003576724554557 0.008899907719074547 0.8639016717957347
0.06527279200000001 0.9759567922455789 0.013339773921234721 0.01254483614934754 0.21719098769131207
0.065438232 0.08946206525917397 -0.007901087628578413 0.016519553423040748 0.9958218535315086
0.065606565 -0.9216185439703553 -0.018138845680938674 -0.002510977960652129 0.3876642776663329
0.065760438 0.6492466692186804 0.003116318588034619 0.018044704952671686 0.76035738302277
0.065963187 -0.5272708666744241 -0.016246017368998358 0.008449245170046072 0.8494998753575547
0.066144282 0.9695068524208587 0.012984026857010165 0.012912691515669619 0.24437730490286358
0.066322438 0.06160092157870441 -0.008359607628533602 0.016292323074521154 0.9979328389846872
0.066503404 -0.9320911272262571 -0.018061598179391274 -0.003016850240251215 0.361760151617393
0.066674042 0.6277465161205645 0.002610879266001845 0.018124738034983462 0.7782023528043815
0.06685287200000001 -0.5508025169184302 -0.016475770495936553 0.00799198408849853 0.8344346522523819
0.067029746 0.9622997335357837 0.012618139247927193 0.013270462311200751 0.27137277532188026
0.067211912 0.033691669991772796 -0.008811599095719196 0.016052369048649595 0.9992644772681923
0.067368259 -0.9418357756444873 -0.017970245155462767 -0.0035203663895576626 0.33557350582052703
0.067532192 0.6057561169814627 0.002103400945104165 0.01819061639273877 0.7954395764921336
0.067710175 -0.5739040113471574 -0.016692656676762823 0.007528481578049761 0.8187177678471345
0.067909652 0.9543410749892576 0.012242397016452317 0.013617869221991446 0.29815631584005337
0.068085029 0.005756106554962996 -0.00925670904212924 0.015799878740361813 0.9998157284255403
0.068259631 -0.9508448762488656 -0.017864857910975748 -0.004021133151760294 0.3091247912972819
0.068441785 0.5832926454766882 0.0015942799467253545 0.018242288577607048 0.8120555924742483
0.06860153100000001 -0.5965573085589384 -0.0168965065314214 0.007059099616670878 0.8023614964317927
0.068781308 0.9456370987289818 0.011857093710085396 0.013954640990608405 0.32470700908807765
0.06897101700000001 -0.02218395212650523 -0.009694589853960394 0.015535049334950975 0.9995861619527058
0.069154674 -0.959111389071914 -0.017745518686410975 -0.004518759402320919 0.28243466383399335
0.06934053600000001 0.5603736447306106 0.001083913875077286 0.018279714235718263 0.8280374242787178
0.069523209 -0.6187447171734446 -0.017087160860678522 0.0065842047740021096 0.7853786116337431
0.069695245 0.9361946063435623 0.011462530303675465 0.014280514644810756 0.35100411968196704
0.069875583 -0.05010668593667778 -0.010124899563084676 0.015258087654073821 0.9985759571343306
0.070065732 -0.9666288516772003 -0.01761232058181538 -0.005012856444465519 0.25552396790382287
0.070238991 0.5370170136165167 0.0005727013066925535 0.018302864139180183 0.8433725907073802
0.070427749 -0.6404489096472894 -0.017264470770441173 0.0061041679250840334 0.7677823764421821
0.070596042 0.9260209747562673 0.011059014980680534 0.014595235711524433 0.37702711036593994
0.070770287 -0.07799028828950715 -0.010547302114113116 0.014969209994230813 0.9967859029037154
0.070954641 -0.9733913823537246 -0.017465367455780947 -0.0055030382939700116 0.22841372048020872
0.071124221 0.5132409927785809 6.104147915671382e-05 0.018311720208906552 0.8580491155832108
0.07129673 -0.6616529358053362 -0.017428297788025588 0.005619363960728379 0.7495865328503644
