0 -0.7067529998956005 0.00035399999994770805 0.0003529999999478558 0.7074602089259648
0.0008119140000000001 -0.7067582799292783 0.0003690886253307272 0.00032945643451033103 0.7074549377758645
0.001107436 -0.7067881344890946 0.00042665151171593114 0.0002633084627313663 0.7074251066950952
0.001353952 -0.7068350282355966 0.00044022062039802235 0.00018754026084705786 0.7073782678974803
0.001538405 -0.7069380115677488 0.00047446480456277634 9.163410238186301e-05 0.7072753454539314
0.001734436 -0.7070653487057912 0.0005817580526067673 -8.821106695535066e-05 0.7071479664369643
0.0019133770000000002 -0.707257562849256 0.0006776849726156344 -0.000167442414456252 0.70695562272228
0.00208733 -0.7073775251652764 0.0008177938536448159 -0.0003119805822593264 0.706835391567498
0.0022359890000000003 -0.7074549370319267 0.0010306889644425274 -0.0004518278438537007 0.7067575578662112
0.002377506 -0.7076570024352199 0.0011097511519986816 -0.000648328193191956 0.706554962495724
0.0025128050000000003 -0.7077803706377 0.0011475170406220765 -0.0007187037387428601 0.706431251863575
0.002667276 -0.7078636134419205 0.0013280093742493453 -0.0008517075926937594 0.7063473761190214
0.002811769 -0.7079340627323784 0.0015490446990452018 -0.0010669814256647427 0.7062760259518845
0.002982081 -0.7079865826871569 0.0018243513301954178 -0.0012352667015340377 0.70622244696226
0.0031317750000000003 -0.7080116216893731 0.001985865363826674 -0.0014047052299441943 0.7061965921007818
0.003291618 -0.7081550293199292 0.0020166137513069203 -0.001478208923689821 0.7060525494722374
0.0034424480000000003 -0.7083266877023893 0.0021093067807197025 -0.0015768565813507461 0.7058798536838892
0.0035821100000000003 -0.7084935793144881 0.002280571055774522 -0.0016819108239801179 0.70571156873172
0.0037184590000000003 -0.708705153453146 0.0023731362036359923 -0.0017606923611777447 0.7054985993295249
0.003879477 -0.7088021115589437 0.0022709778664876615 -0.0017781347435246516 0.7054014796879483
0.004030257000000001 -0.708929669565256 0.002219357206880635 -0.0017117068647767234 0.7052736122408767
0.004189202 -0.7089676626868298 0.0024915840627545505 -0.001914418743611456 0.7052339897325611
0.004343889 -0.7090390110431627 0.0025464515428004447 -0.001993848677221006 0.7051618402685489
0.004484364 -0.7091197153906955 0.00268139984628637 -0.0019931851758876002 0.7050801844839623
0.0046304530000000005 -0.709186055870682 0.002632846715909033 -0.002120293544400031 0.7050132698269177
0.0047888720000000004 -0.7092589608844311 0.0027534575264930453 -0.002152783556204167 0.7049393664704414
0.00497091 -0.7094367809519715 0.002997422781549363 -0.002218146163649393 0.7047592135735226
0.005137509 -0.7094361997898703 0.0028726050762632395 -0.0020907043046813466 0.7047607079876784
0.005274089 -0.7093983155500744 0.002972092615340863 -0.002140727320738188 0.704798278833555
0.005422473000000001 -0.7093775451014103 0.002840085954377718 -0.0019017655727340843 0.7048204137972842
0.005572906000000001 -0.709334728456025 0.0028223117126926238 -0.0018503833239811726 0.7048637128157246
0.0057091730000000005 -0.7093135896045484 0.0028215130429455905 -0.001985521115840366 0.7048846206098964
0.0058913820000000006 -0.70934662527794 0.002698223157281002 -0.0017831692934848172 0.7048523995177021
0.006052653000000001 -0.7094117042962946 0.0026378525390132225 -0.0014272074332751467 0.704787938759136
0.006193141 -0.7093563308386567 0.0026551187101734558 -0.0014692825891485714 0.7048435198343151
0.006345535 -0.7094541459437153 0.0024125844804504886 -0.0014134663531112709 0.7047460509660676
0.006501304 -0.7094698107535836 0.002317869047742958 -0.0014669698735928257 0.704730489699248
0.006642671 -0.7096293028249392 0.002640889206232094 -0.0015468696931333085 0.7045685810980674
0.006791040000000001 -0.7097325101567172 0.002501769991666808 -0.0014880658802524148 0.7044652516863343
0.006950607 -0.7096095323335277 0.002350606819947312 -0.0013437442220889406 0.7045899379216509
0.0071113850000000004 -0.7096818005384731 0.002386506899735985 -0.0011409056307144117 0.7045173843870927
0.007252740000000001 -0.7097057554599596 0.002338076936492377 -0.0011993248832542222 0.7044933184091045
0.007396482 -0.7096695292256937 0.0023737210940200154 -0.0009946450950709335 0.7045300103032412
0.007538896000000001 -0.709673340496876 0.0021237617162803736 -0.0006427271493178892 0.7045273779818562
0.007670357000000001 -0.7097397237589808 0.002113178143177143 -0.0005484398649628461 0.7044606150881507
0.007837687000000001 -0.7097498372098183 0.0020598101788412344 -0.0002389676341909613 0.7044507567297615
0.008014323 -0.7097029229138284 0.0019918166118181495 -0.0002907656640561585 0.7044981968248623
0.008162945000000001 -0.7096363338821842 0.0019220159291836183 -0.000143293930105058 0.7045655107623925
0.00831027 -0.7095799309910132 0.001729799646726582 0.0002411711894342066 0.7046227864357132
0.008474474000000001 -0.7096630416966968 0.0018243779289622186 0.0003373063035991229 0.7045388031325335
0.008634332 -0.709662966116479 0.0017333809407383248 0.0003046994540794858 0.7045391238756854
0.008770539 -0.7096753456374453 0.0015120360638904678 0.0009997388138660128 0.7045265204828122
0.00893477 -0.7097866110129272 0.0014187987733962789 0.0011335682081736937 0.7044144155679538
0.00910297 -0.7096838959466772 0.0012153318182233734 0.001416007439270724 0.7045177682113132
0.009277073 -0.7097378802010788 0.0011165186054676432 0.0012768070518522831 0.7044638135189311
0.00944785 -0.709897671976984 0.0013042121769889618 0.0011130117984514444 0.7043027442492275
0.009610214 -0.7097945720975433 0.0006574083651774129 0.0017187847711565795 0.7044063309014319
0.009769603 -0.7098315490052578 0.0005209533908229532 0.0021404297540997532 0.704368028238668
0.009921175 -0.7097069692660795 0.00011695548713929049 0.0026716213101606098 0.7044919208451901
0.01009428 -0.7096992752209165 0.00010443888346162735 0.0027857496819398858 0.7044992316831404
0.010248041000000001 -0.7097397893242284 0.000366606246769089 0.002782842437203435 0.7044583400300047
0.010411100000000001 -0.709656834751135 0.00037819876450371093 0.0027997981129842826 0.7045418333833852
0.010554597 -0.7096705058667635 0.00044598844640429875 0.002746877411815976 0.7045282314156066
0.010711724 -0.7097065164426372 0.0006183740996698931 0.0028051275120528924 0.7044915963955646
0.010874328 -0.709659003944021 0.0004404779387115748 0.002967390207672457 0.7045389263168651
0.01104269 -0.7095000280353184 0.001197293719961123 0.0021412735380577507 0.7047011364069637
0.011215826 -0.7096139494765382 0.001495882740494355 0.001976065849401412 0.704586332685282
0.011369738 -0.7096403183046819 0.001911911531390756 0.0016582568465193174 0.7045595882641561
0.011517237000000001 -0.7096449163002936 0.001649679540097872 0.0019160860581344309 0.704554965876178
0.011661505 -0.7095089408185871 0.0012670407226751535 0.0024391682320755903 0.7046910727152925
0.011833910000000001 -0.7095291227083962 0.0014048272471036734 0.001898099737270231 0.7046721561878595
0.0120081 -0.7095043450462817 0.0008731192419697078 0.002550137655048807 0.7046959052110185
0.012167805 -0.7095558453991297 0.0007923965081080792 0.0028283899189363035 0.704643083112413
0.012318448000000001 -0.7095678746384019 0.0005396730845598749 0.003515386038650502 0.7046281161684528
0.012488810000000001 -0.709614637794647 0.0008798912234547242 0.0034990645038118443 0.7045807605708556
0.012638566 -0.7095612769970004 0.0005998080905907888 0.003932026580092241 0.704632509598879
0.012787986000000001 -0.7095101518234687 0.0006901257648109825 0.004098614318489493 0.7046829567589497
0.012956619 -0.7094670884564859 0.00039625485777171983 0.0040364168047587095 0.7047268979672501
0.013114013 -0.709477776098712 0.00011391702748712765 0.004380311168892394 0.7047141868296682
0.013281586000000001 -0.7094646480341116 0.0003381814909254335 0.003881978454713947 0.7047302526970095
0.013441452000000001 -0.709506536334104 0.0005033204543472474 0.003488615051650692 0.70469003904747
0.013612141000000001 -0.7095316281573528 0.0004529890662387166 0.0032679591718058447 0.7046658668391236
0.013774621 -0.7095369602779275 0.00040291963922464875 0.0033012025196243865 0.7046603733127383
0.013984332 -0.7095779529159539 0.0008369496425249336 0.0028914865560658734 0.7046205131532833
0.014146009000000001 -0.7095042969141239 0.0004590750573364734 0.0034165636051941835 0.7046926769902028
0.014298044000000001 -0.7095284712531157 0.00029239787713808445 0.0038398968215597466 0.7046662459470426
0.014453051000000001 -0.7094505311030839 0.0002063521578861284 0.0039032951671153543 0.7047443973691297
0.014593866 -0.709399180051109 0.00025362786930135505 0.0039525440369398215 0.7047957976686258
0.014738074 -0.7092155935948948 0.00028322251926248286 0.004033088838810491 0.7049800676482025
0.014898843 -0.7091035750923513 -0.00014149628841581777 0.004618232483406231 0.7050891941440998
0.015076491000000001 -0.7090842999377795 -0.00037886409524782885 0.005357340330257223 0.7051032626135922
0.015232200000000001 -0.7089597540886532 -0.00041477517243097514 0.00516855096267529 0.7052298782135221
0.015373739 -0.7089185714406655 -9.023417481591355e-05 0.005092968907514941 0.7052719422974567
0.015527601 -0.7089795720555867 -0.0003192173022912615 0.005668952501798269 0.705206159563091
0.015677059 -0.7088807484347774 -0.0005458163077521309 0.006073907963239712 0.7053019879634272
0.015846579 -0.7089382966950459 -0.0006238612830688373 0.006554825703428562 0.7052397723726481
0.016018749000000002 -0.7088901658260277 -0.0002792921656440331 0.006046976840905262 0.7052929099757907
0.016202093 -0.7088953761932468 -0.0004976189664061446 0.006664394798601142 0.705281988873364
0.016336692 -0.7088860125616043 -0.0007205474268316016 0.007209613708927194 0.7052858452259501
0.016483077000000002 -0.7088198519092062 -0.001093527922436161 0.007999132683904904 0.7053433459049567
0.016629701 -0.7086932227772686 -0.00072475053252309 0.007651142625127797 0.7054749114906671
0.016773820000000002 -0.7087843296372512 -0.00015376017738685354 0.0071362625503509905 0.7053891296123671
0.016945331 -0.7085806168490525 -0.0004579186680036038 0.008182680431792336 0.7055822726495196
0.017112046000000002 -0.708769509620558 -0.00019794148540773753 0.008493335817613766 0.7053889751747553
0.017259267000000002 -0.708835490359385 -0.0003299852586392315 0.008663014881987357 0.705320558958729
0.017392473000000002 -0.70885868425277 -0.0006930282825132894 0.009003210579110682 0.7052927248104149
0.017549033000000002 -0.7088522233152342 -0.0011915939208447233 0.009943160982578476 0.705285927234233
0.017692808 -0.708973009381543 -0.0015002613393006595 0.010395211637880701 0.7051574014072292
0.017864902000000002 -0.7088930530096466 -0.0012172851438916822 0.009933296807295626 0.7052449838361695
0.018051845 -0.7089566847691823 -0.0016683588775107813 0.010155648972404114 0.7051769270854624
0.018208385 -0.7090736574179871 -0.0012077077806239914 0.009318874884229464 0.7050718036971041
0.018361055 -0.7090736313158925 -0.0010628349825416215 0.009480406974047766 0.7050699097521466
0.018512973000000002 -0.7091941345582113 -0.0007550429135665776 0.008957594546548613 0.704955935444456
0.018659755 -0.709265744580646 -0.0005871550628037047 0.00895603504813946 0.7048840672405716
0.018822792 -0.709132082048855 -0.00047860845243819313 0.008722865092463512 0.7050215406408403
0.018996141 -0.7092298335053159 -0.0008717249409508683 0.009125426504906298 0.704917732755215
0.019171068000000003 -0.7092716478823449 -0.0007111583851197789 0.008986385823316562 0.7048776267082456
0.019340124 -0.7092930568953473 -0.0005463461749553093 0.00899513286612786 0.7048561190275868
0.019496746000000002 -0.7092102976741474 -0.00056598963712748 0.00937984602613151 0.7049343599351673
0.019643515 -0.7090404824030272 -0.0006395622551875456 0.00947435396762696 0.7051038376655601
0.019804754 -0.709226994556558 -0.00016939055835801494 0.008740300176190565 0.7049259880667905
0.019980788000000003 -0.7093516789675216 -0.0004950258465627709 0.009000593370667487 0.7047970912357298
0.020147154 -0.7093474379705739 -0.00029327220119167174 0.008644024230801396 0.7048059357589833
0.020294878000000002 -0.709337274951003 -0.0010662021266473326 0.01020717364781731 0.7047945141558877
0.020434605 -0.7094002564493195 -0.00044198631738011335 0.009673165183266394 0.7047393210777105
0.020576913000000002 -0.709161575032544 -0.0004684732315284929 0.009969308292630963 0.7049753569610496
0.020722581 -0.7090634239872134 0.000364450019957956 0.009021926879934188 0.7050868973219439
0.020902142000000002 -0.7091264810341179 9.136762833171505e-05 0.009719153217364676 0.7050143002867834
0.021065292000000003 -0.7090223072211037 -3.2391015595951595e-05 0.009988552289701547 0.7051153066249809
0.021227428000000003 -0.7090128575077295 -0.00033575041710232756 0.010730467525701632 0.7051138292694744
0.021376911000000002 -0.7091245610735022 0.00030382546275756434 0.009400117860002707 0.7050204978272754
0.021526103 -0.7091419456746845 0.00010193986964290147 0.009996016348209723 0.7049948724282696
0.021703738 -0.7091773515169275 -0.0005813335409615725 0.010498067451303536 0.7049517265221344
0.02187725 -0.7091239448541719 -0.0009747408060254188 0.01137157228848595 0.7049914666565167
0.022038845 -0.7090772289691839 -0.001426722183394529 0.011848498114108843 0.7050298298041261
0.022195476000000002 -0.7090166138172641 -0.0014321182511995757 0.011920003887961161 0.7050895715267147
0.022344431 -0.7089142645847791 -0.0019424879372876751 0.012286411705987708 0.7051849660168785
0.02251736 -0.7089724198776227 -0.0024507396146750886 0.012901937977157652 0.705113921096898
0.022662632000000002 -0.709062857597523 -0.0019467723255555804 0.01232841414512886 0.7050348106709438
0.022795724 -0.7091235269666389 -0.0019187442334940223 0.012310203223079467 0.7049741845057643
0.022969917000000003 -0.709050163729486 -0.0018281697064156655 0.012599847357640304 0.705043095815623
0.023118759000000003 -0.709137765164974 -0.001587895156277965 0.012404871217326587 0.7049590256006943
0.023287702 -0.7090960075779674 -0.001408946990015749 0.012058849060764298 0.7050074120636578
0.023452348 -0.7091032852890315 -0.0017269513908498518 0.012445576446785218 0.7049926638328253
0.023595925 -0.7090504244185707 -0.0018098801722647472 0.013256839780058496 0.7050308334850701
0.023742033000000003 -0.7090882975009295 -0.00217182780815729 0.013854028435034823 0.7049802376005488
0.023926529000000002 -0.7090202652195916 -0.002732967073625679 0.014528910396368274 0.7050331234499616
0.024072153000000002 -0.7089224562253977 -0.002504721803719883 0.014241425047506912 0.7051381845004929
0.024241205000000002 -0.7089472256994248 -0.001989558886384026 0.013269322409506366 0.7051338865146951
0.024389498000000003 -0.7089966249653585 -0.0020952425000040284 0.013804251749476932 0.7050736403952669
0.024540758000000003 -0.7088993690357969 -0.002589937635010197 0.01466871484258838 0.7051523279466377
0.024678138000000002 -0.7088285200495722 -0.0031926163048171577 0.01588010451313009 0.7051948373649054
0.024841357 -0.7087728998608971 -0.0024995660538653743 0.015111844689118184 0.7052704167497805
0.024998217000000003 -0.7087144914535424 -0.00259626369816918 0.01526458267778136 0.7053254720582757
0.025152347000000002 -0.7086557136515693 -0.002643546684865026 0.015573850352857853 0.7053775913332494
0.025311473 -0.7086881305104609 -0.0026905481724049697 0.015636103254472886 0.705343467325767
0.025466062 -0.7087414777084547 -0.002503441996120453 0.015287894238001958 0.7052981857651242
0.025610839000000003 -0.7085628206478236 -0.002998216372241186 0.016732623073746386 0.7054429524910268
0.02575681 -0.7084835643837576 -0.00290286316218538 0.016914537123660037 0.7055186112480943
0.025939543000000002 -0.7083812255711452 -0.002914726483045853 0.017163398282647728 0.7056153069394416
0.026114605000000003 -0.7082422027222142 -0.0030356813432060353 0.01762154578299279 0.7057430467572361
0.026272861 -0.7082900399346143 -0.0019886666886277816 0.016332143344531994 0.7057297823019782
0.026434337000000002 -0.7082257102526971 -0.0026958438114880233 0.01722454851875456 0.7057707777256944
0.026564745 -0.708338204074326 -0.0024944276610543684 0.016500896485131426 0.7056759078320509
0.026715333 -0.7082761864593952 -0.0034535631031571167 0.018588827967153995 0.7056822033119696
0.026897746 -0.7083728142639225 -0.0030348660888678074 0.018085082258596136 0.7056002234972242
0.027078968000000002 -0.7084241280989169 -0.0028415985769216926 0.017759327287391578 0.7055577838413494
0.027234919000000003 -0.7084793906629436 -0.002442061859999747 0.017134913027833636 0.7055192301385302
0.027380643000000003 -0.7083626172815569 -0.0025288849456815755 0.01695386381641137 0.705640541409469
0.027510992 -0.7083974780135334 -0.0026507373651647693 0.016756252809000415 0.7056098176239382
0.027665715 -0.7081829358564413 -0.003057715984206291 0.01700453091483125 0.705817558341444
0.027822051 -0.7081186575483998 -0.0030324327708083753 0.017556880175199074 0.7058686330627366
0.027999605 -0.7081379132570776 -0.0030971737733969753 0.01762164380099651 0.7058474204757567
0.028165612000000003 -0.7081450777900032 -0.0033836018543402734 0.01838274625172151 0.7058195057382066
0.028308157 -0.7080137395450781 -0.003695209774013465 0.019360937735372466 0.7059235398611716
0.028444601000000003 -0.7078881182590978 -0.003942720428948284 0.019735106479631136 0.7060378124119489
0.028587088 -0.7077142244559316 -0.004306012073346048 0.02053873936319704 0.7061870821164418
0.028727548000000002 -0.7075970891396178 -0.0037981230946140324 0.021063776390114457 0.7062919021384042
0.028898661000000003 -0.7075825410765672 -0.004375886370449565 0.022259156938110147 0.706266471747389
0.029081631 -0.7076617963576752 -0.004195577446850408 0.0219258589555327 0.7061985810059218
0.029246766 -0.7074757686193808 -0.004657698055430778 0.022386122037297156 0.7063676126531934
0.029408052 -0.7075218994607825 -0.00486468272447365 0.02279299609235811 0.7063069983898858
0.029553313 -0.7073673093856636 -0.004956023755614935 0.0233828336964123 0.7064419088144093
0.029700007 -0.7073571931239543 -0.005037437890062155 0.02312205460717366 0.7064600456827317
0.029855498 -0.7073256858598269 -0.004669582234429485 0.022761335303903577 0.7065058320635891
0.030011006000000003 -0.7071863882155651 -0.004867295857517282 0.023293786551488213 0.7066265783720231
0.030176635 -0.707113088255131 -0.004952901411720705 0.02330014771664984 0.706699124311244
0.030334225000000003 -0.7069146080906984 -0.0051126627506613235 0.02345624621105967 0.7068913651058827
0.030481386000000003 -0.7069615002506656 -0.004265634422695528 0.022865644209767357 0.706869439034658
0.030621836000000003 -0.7070078070966026 -0.00415138099153184 0.022570209399674537 0.7068332988675413
0.030784713000000002 -0.7070438081334106 -0.0033065957104501864 0.021773346301515124 0.7068267405778071
0.030954541000000002 -0.7069445683256731 -0.0038245275566168944 0.02216588709277701 0.7069111851945664
0.03112213 -0.7067706952280964 -0.004365456049814367 0.023287469019001316 0.7070458407677391
0.031274397 -0.7065318879932344 -0.004810388545597647 0.02365064562117511 0.7072695372857914
0.031427898 -0.7063337562913573 -0.005819009732778559 0.025184511146584126 0.7074068873338587
0.031573757 -0.7063978882879196 -0.005562739258539386 0.024593791635736693 0.7073656938015069
0.031715318 -0.7060613315284904 -0.006232544251800869 0.026012152488975846 0.7076453344969178
0.031892311 -0.7062626582573552 -0.005891237773854826 0.02592146745583488 0.7074506543877687
0.032054867 -0.7061343982911837 -0.006128305112470519 0.026546237207893654 0.7075534981303524
0.032215607 -0.7058138781794349 -0.006614877148303724 0.02774206937076167 0.7078229936620075
0.032387286 -0.7055535001865089 -0.007416677756401563 0.02869243788413568 0.7080367188740203
0.032526643 -0.7055132023448567 -0.007001233969911864 0.02801957614120289 0.7081080478238267
0.032681417000000004 -0.7053917224463833 -0.006814665972460684 0.027800296817751508 0.7082395228513114
0.032840965 -0.7052128572678272 -0.0073831215753585805 0.029135519840222612 0.7083582687761825
0.033017888 -0.7053554406703562 -0.00723928283453864 0.02851972977635913 0.7082428397903169
0.033173541 -0.7052689472431046 -0.00774243706915601 0.029525720089597033 0.7082824285382375
0.03333398 -0.7051783022374666 -0.008496492490508921 0.030448333400714605 0.7083249753199176
0.033483428 -0.7050831740827331 -0.008664773543579522 0.03097522932091953 0.7083947871726423
0.033630006000000004 -0.7052410718443786 -0.00864838016597227 0.031073039225822264 0.7082335083413995
0.033771858 -0.705302022556666 -0.009034145481365073 0.03145695802346445 0.7081510439057529
0.033946741 -0.7051922247095648 -0.009155889837527178 0.031769854456909566 0.7082448533086876
0.034106865 -0.7052483186363416 -0.008879141417844273 0.03137492393438868 0.7082101270501617
0.034267338 -0.705201847336876 -0.008827427208755878 0.03144353849065948 0.7082540045271314
0.034425679 -0.7051980785954002 -0.00884807856378888 0.03183735336184178 0.7082399059513648
0.034577372 -0.7053550424315929 -0.008184200721953465 0.031029477353796592 0.7081274281582508
0.034726316 -0.705373748426354 -0.0080336407484868 0.030673565639108422 0.7081260255196544
0.034900279 -0.7052923846133045 -0.008553888773720033 0.0315053449108937 0.7081644557836625
0.035064421000000005 -0.7052716353233294 -0.008041483869424338 0.031004481366089954 0.7082132285412028
0.035227309000000005 -0.7054992097598042 -0.0077862834830320195 0.03080348290678486 0.7079981527226077
0.035375128 -0.7055350828656365 -0.0075845026154867405 0.030574651747050433 0.7079745142562701
0.035528497 -0.7054406937730142 -0.00813778948637469 0.03074932099731903 0.7080548588983254
0.03567853 -0.7054746944300376 -0.0076746308089405855 0.030248817972034735 0.7080477134855293
0.035839259000000005 -0.7054188977348625 -0.007538610231312545 0.030119580709953703 0.7081102731440692
0.036006296 -0.7054862455754155 -0.0075974836064765594 0.030403492369094405 0.708030411210222
0.03618345 -0.7055506828247852 -0.007139040074369557 0.029572924960706428 0.7080061512314452
0.036328522 -0.70545861679549 -0.007913393041162613 0.030704417596204767 0.7080414937979608
0.036478764000000004 -0.7053828626720126 -0.00782960887003511 0.030622291047510335 0.7081214511399724
0.03664042 -0.7051681270638418 -0.00837396906581729 0.03155996092071865 0.7082879062090787
0.036791225000000004 -0.7052670952504285 -0.008794466671207304 0.03225763227543154 0.7081528273423575
0.036959918 -0.705396125934175 -0.008756796577031222 0.03215457375266981 0.7080294537782661
0.03712987 -0.7054768497302493 -0.008049218368437161 0.030697421367901406 0.7080220991605429
0.037292625 -0.7055867927318891 -0.0075087147794793896 0.02971614002229125 0.7079603436258715
0.037446323000000004 -0.7052570160197053 -0.007671909414358278 0.030338874012263064 0.7082607118036315
0.037594583 -0.7049600629447779 -0.007953833444361126 0.031169447424524606 0.7085171216940942
0.03774901 -0.7047284190698442 -0.008794701720526609 0.03286492311047805 0.7086609946976814
0.037915765000000004 -0.7046399371198611 -0.009319173465904902 0.033475399467247424 0.7087137007650822
0.038086025 -0.7045898072026725 -0.00948859042417475 0.033932014057378744 0.7087395774611946
0.038232765 -0.7046825056690337 -0.009386567548871023 0.03399965663042716 0.7086455262701342
0.038387719 -0.7045396742034199 -0.010005960809699515 0.034772188597862054 0.7087415771081362
0.038540181 -0.7045946775150163 -0.010269302110429774 0.03531360442110326 0.7086563562083279
0.038691764000000003 -0.7044186423072071 -0.010957692711653626 0.03638412945894317 0.7087668872513886
0.038863203000000006 -0.7043196785243591 -0.011018693534791313 0.03592253494575055 0.7088878263302317
0.039041192 -0.7042353804348245 -0.011342658648578538 0.03653472387706916 0.7089351782707822
0.039202092 -0.7042684607152039 -0.010878140480467887 0.036424086978926525 0.7089152891490462
0.039350485000000004 -0.7042775042451723 -0.010414657140735346 0.0362173093993064 0.7089238594029028
0.039515488 -0.7041750871431368 -0.010524591288818547 0.03666826421734572 0.7090007884512158
0.039660581 -0.7041566345395319 -0.01029172907881865 0.036174765945526245 0.7090478831893615
0.039829627 -0.7041048161435035 -0.010581214781691545 0.037007812308596774 0.7090520908969934
0.040004513000000005 -0.7041055358000661 -0.010891781608183347 0.037397626718466324 0.7090262202943749
0.040179123000000004 -0.704207054340133 -0.010583682068444265 0.037173515299734186 0.708941845324232
0.040335879000000005 -0.7039740270206051 -0.010457645766176712 0.036912426933443966 0.709188747558296
0.040489265 -0.7041398677598166 -0.009438786319148998 0.035147429499419215 0.7091280661090721
0.040627125 -0.7042720489287196 -0.00968365267774286 0.03536716216728891 0.7089825610047065
0.040772806 -0.7044348244066962 -0.009635766213285562 0.03542911817327164 0.7088183884169865
0.040950864000000003 -0.7041929225344159 -0.009844459573630115 0.036478423614544835 0.7090026368630366
0.041116061 -0.7039676976243743 -0.010112267651257046 0.036797126959520574 0.7092060308485196
0.041274623 -0.7038933253618659 -0.010320731306765403 0.03668407320227092 0.7092826994856128
0.04142796 -0.7040233586110616 -0.010034411897255216 0.03595887452487865 0.7091948818560245
0.04157269 -0.7037758571828013 -0.010659169414555289 0.0375248997410029 0.7093502709194044
0.041719729000000004 -0.704092858609182 -0.010609102917133063 0.03795070645393458 0.7090137073925236
0.04189918 -0.7041486080525663 -0.011029792308321748 0.037982277489439116 0.7089502296042955
0.042079281 -0.7038280332138999 -0.01144262274767156 0.03820413585127729 0.7092500335218637
0.042244891 -0.7037381361636709 -0.012087495039037948 0.03902854953986703 0.7092836530566439
0.042410552000000004 -0.7036516139484822 -0.011875169355776238 0.039065084055052116 0.7093710635120659
0.042563209000000005 -0.703617183224503 -0.012554816190770566 0.04012542631644312 0.7093343261287696
0.042698230000000004 -0.7035195740255906 -0.012560692841256813 0.039659571736995004 0.7094572265667868
0.042883684000000005 -0.703227887469664 -0.013224986064274288 0.04087549615689012 0.7096652956447012
0.043059449 -0.7033618529518848 -0.013227930832087304 0.041284644848939296 0.7095087763781992
0.043230912 -0.7032189650267817 -0.012904046680603638 0.0410785321403506 0.7096683218258517
0.043380943000000005 -0.7032716974029476 -0.01304841317939666 0.040886213148248245 0.7096245317911948
0.043525374000000006 -0.7029025763070675 -0.013564129907055618 0.041481688140921916 0.7099459501608066
0.043680133 -0.7028843683941974 -0.014604697411008552 0.04262636645384102 0.7098755245559362
0.043842178 -0.702420558661285 -0.015094948133902655 0.04362278826550242 0.7102637212013196
0.044019796 -0.7020995780271659 -0.01551390302117465 0.04455292793982798 0.7105142770973102
0.044192737 -0.7019723401736259 -0.01554575630442343 0.044895395509806084 0.7106177358848459
0.044374355000000004 -0.7017470877270422 -0.015596324320815728 0.04546539121521823 0.71080284027003
0.044522572 -0.7015571422508494 -0.01618246238893838 0.04621464228934932 0.7109289070687161
0.044681194 -0.7014080496263193 -0.01647537207751328 0.047077076599143036 0.7110126995301761
0.044854002000000004 -0.7012914701205211 -0.016295034168638867 0.04753607423840244 0.7111013060342681
0.045025132 -0.7012151807375324 -0.015976067884077773 0.047532417728509385 0.7111840161470696
0.045188574 -0.7009973171984538 -0.016201004811058278 0.04773866893187478 0.7113798621076471
0.045339895000000005 -0.7009250613820835 -0.015686777539953706 0.047111049143573 0.7115044148742339
0.045485564000000006 -0.7007513707544395 -0.015721226809414363 0.046934986652745786 0.7116863539799587
0.045619081000000006 -0.7006589887524897 -0.016074080653172663 0.04723992846152331 0.7117492497856557
0.045783135 -0.7006617942058045 -0.016622332601382725 0.04775449229699934 0.7116995550544115
0.045972095000000004 -0.7006759557096578 -0.016473005405751338 0.04757706924567741 0.7117009678687051
0.046159468 -0.7006159166120424 -0.016020124159679686 0.04706861685717904 0.7118042134737106
0.046328474 -0.7005949177260663 -0.015634207253066152 0.04633047359181591 0.7118818862962678
0.046466943000000004 -0.7005728591439524 -0.016170133616404896 0.04692941532590865 0.7118523904482329
0.04661523 -0.7004710625930435 -0.015654160421120514 0.04630934566621871 0.7120046925654694
0.046793737 -0.7005234865750255 -0.016148833264460878 0.04669096749765316 0.7119171394868221
0.046975222000000004 -0.7004418759404556 -0.015582509169743618 0.04605240812582964 0.7120516410646084
0.047148772000000005 -0.7002240476306119 -0.0158073310799272 0.04674447619186581 0.7122158137457212
0.04731283 -0.7001065587599669 -0.016159468905041503 0.047120054422057224 0.7122986581604979
0.047469041000000003 -0.7000923436980443 -0.016173613280079886 0.04736049707960102 0.7122963623697783
0.047610673000000006 -0.6998934596769963 -0.015896668142949457 0.0475723568470089 0.7124839029110329
0.047758046000000005 -0.6999167704612947 -0.016128818743192604 0.04765688603593395 0.7124501363929535
0.047937067 -0.6998993727715261 -0.01674912226272497 0.04776838614749599 0.7124454478641267
0.048129092000000005 -0.6998066034096903 -0.01645626957913485 0.04726911453845936 0.7125766904877544
0.048292408 -0.6996870730082686 -0.01602813044722367 0.04703041572836051 0.7127196074866368
0.048458783000000005 -0.6993751791832101 -0.016767007507132024 0.048381377827241535 0.7129182761588075
0.048608877 -0.6995767607274122 -0.016784379999549376 0.04815532146737372 0.7127353684591116
0.048754006 -0.69956723991779 -0.01606561150913469 0.04769545282418026 0.7127921974464498
0.048942557000000005 -0.6995224134717536 -0.016061403627820825 0.048358759672886754 0.7127915927724294
0.049124433 -0.6993209328894087 -0.016085932555187955 0.0483403904975347 0.7129899594265424
0.049280153 -0.6993438184536158 -0.01635466439463904 0.048824624039232246 0.7129284007743567
0.049444468000000005 -0.699323269716135 -0.01617953650236125 0.048997603357054775 0.7129406861004407
0.049608305000000005 -0.699246843339331 -0.01643235252459412 0.04908363266623111 0.7130039459040706
0.049773119000000005 -0.6992126606030047 -0.01603405069173928 0.04870399271542923 0.7130725668292515
0.049958299000000005 -0.6990467888412588 -0.015866865741150066 0.04871368409524586 0.7132382537162074
0.050125417000000005 -0.6990376985262112 -0.015407770759015699 0.04796948329157539 0.7133076652554311
0.050299566000000004 -0.6990572540153697 -0.015433684239356614 0.0483400378721049 0.7132629232883299
0.050458515 -0.6991044400234288 -0.015301031014016685 0.047511305488499245 0.7132752177387169
0.050610805 -0.6989538970334639 -0.01611430757121124 0.048687668248024625 0.7133255146662035
0.050775282000000005 -0.6990028070971405 -0.016699888064330124 0.049369414961866594 0.7132172532092022
0.050953737000000006 -0.6988129395961713 -0.016932291892874676 0.04986340575254179 0.7133634513422799
0.051138732000000006 -0.6987778387894442 -0.017037671104085883 0.04956254173580037 0.7134162909807913
0.051313548 -0.6988729289120353 -0.0162407004477034 0.04874702528130147 0.713397922907759
0.051463486 -0.6988251662210857 -0.015661787244189186 0.04805294517324817 0.7135047371507536
0.051632483 -0.6989444929495326 -0.0156328449051117 0.048028223601759096 0.7133901454837684
0.051797302 -0.6987390411232611 -0.015984142386255614 0.04854463969799095 0.7135486511506508
0.051982234 -0.6987922810742647 -0.0157290157713288 0.04777710870951772 0.7135539880466295
0.052152176 -0.6987346684319306 -0.015516280846120396 0.04720041788298049 0.7136534373992014
0.052320507 -0.6986021272849496 -0.015926721180988406 0.04791348139059249 0.7137266322664434
0.052480154 -0.6987474187699224 -0.015355137198180326 0.04785132198409437 0.7136010899013325
0.052632899000000004 -0.6987832669628238 -0.015430365989464755 0.04757858613931717 0.7135826005159998
0.052785582000000004 -0.6987551325012334 -0.015769967880204957 0.04753815793517137 0.7136054207027656
0.052946847000000005 -0.6986888184103571 -0.01657834849326741 0.04850425769394477 0.7135870166806103
0.053134193 -0.6987428323517033 -0.01628936164185893 0.04809460916397608 0.7135685107288466
0.053298990000000004 -0.6983774650041027 -0.01642278614288096 0.048840352606381365 0.7138724174718002
0.053477345 -0.6984465030414373 -0.016344955457231587 0.0482278089761316 0.7138483054974984
